1 0.1046875 0.578125 0.178125 0.5734375
0 0.09375 0.4640625 0.0859375 0.0765625
1 0.215625 0.63125 0.35 0.4671875
0 0.1921875 0.4796875 0.0875 0.0765625
1 0.25 0.65 0.1671875 0.43125
0 0.2734375 0.4875 0.0734375 0.096875
1 0.3734375 0.671875 0.24375 0.384375
0 0.3375 0.525 0.0671875 0.0578125
1 0.3859375 0.6578125 0.1578125 0.340625
0 0.3828125 0.5171875 0.05 0.0515625
1 0.421875 0.6328125 0.140625 0.3
0 0.3796875 0.5171875 0.05 0.0484375
1 0.6078125 0.59375 0.0859375 0.2125
0 0.6125 0.5046875 0.021875 0.0234375