1 0.4859375 0.5859375 0.278125 0.5875
0 0.4875 0.3546875 0.05625 0.0671875
1 0.1703125 0.4359375 0.0328125 0.196875
0 0.1625 0.3546875 0.01875 0.0265625
1 0.1953125 0.4453125 0.075 0.1796875
0 0.20625 0.36875 0.0234375 0.021875
1 0.240625 0.428125 0.0328125 0.115625
0 0.2390625 0.3796875 0.0140625 0.015625
1 0.2984375 0.4421875 0.0703125 0.2015625
0 0.3 0.359375 0.0234375 0.03125
1 0.3453125 0.45 0.0484375 0.1796875
0 0.346875 0.371875 0.0171875 0.021875
1 0.396875 0.4515625 0.0703125 0.1796875
0 0.4109375 0.3765625 0.0234375 0.021875
1 0.6890625 0.415625 0.0171875 0.0515625
0 0.6890625 0.3953125 0.00625 0.0078125
1 0.709375 0.4140625 0.01875 0.05625
0 0.709375 0.3921875 0.0046875 0.00625
1 0.7546875 0.415625 0.0265625 0.0609375
0 0.75625 0.3890625 0.00625 0.00625
1 0.73125 0.40625 0.01875 0.05
0 0.73125 0.3859375 0.0046875 0.0046875
1 0.8125 0.425 0.028125 0.05625
0 0.815625 0.4015625 0.0078125 0.0109375
1 0.234375 0.4203125 0.0234375 0.1
0 0.234375 0.4203125 0.0234375 0.1