1 0.059375 0.5703125 0.0609375 0.10625
1 0.140625 0.553125 0.0453125 0.090625
1 0.1671875 0.559375 0.0421875 0.0796875
1 0.49375 0.528125 0.03125 0.06875
1 0.596875 0.5375 0.040625 0.0984375
1 0.653125 0.53125 0.0359375 0.0546875
1 0.165625 0.740625 0.2 0.253125
1 0.3359375 0.6703125 0.0953125 0.2015625
1 0.634375 0.6203125 0.0765625 0.2046875
1 0.684375 0.6578125 0.078125 0.209375
1 0.734375 0.58125 0.0515625 0.1234375
1 0.7875 0.571875 0.04375 0.11875
1 0.825 0.575 0.04375 0.1265625
1 0.84375 0.5609375 0.0515625 0.134375
1 0.95625 0.5625 0.0421875 0.115625
1 0.93125 0.590625 0.05 0.146875
1 0.9484375 0.603125 0.065625 0.15625
