1 0.1375 0.596875 0.2703125 0.4625
0 0.1546875 0.303125 0.103125 0.1125
1 0.2328125 0.59375 0.2078125 0.46875
0 0.2375 0.33125 0.090625 0.11875
1 0.35625 0.596875 0.203125 0.4625
0 0.403125 0.3296875 0.0953125 0.1171875
1 0.4890625 0.584375 0.1875 0.4875
0 0.5046875 0.3390625 0.0890625 0.1125
1 0.63125 0.578125 0.221875 0.5
0 0.6046875 0.334375 0.09375 0.1125
1 0.7796875 0.5734375 0.2125 0.509375
0 0.7703125 0.359375 0.0890625 0.1125
1 0.8453125 0.578125 0.3 0.5015625
0 0.8796875 0.3609375 0.0828125 0.109375