1 0.1328125 0.45625 0.0171875 0.034375
1 0.18125 0.515625 0.046875 0.1
1 0.2265625 0.5703125 0.0640625 0.11875
1 0.3046875 0.5671875 0.0703125 0.11875
1 0.36875 0.5625 0.0640625 0.115625
1 0.4265625 0.5546875 0.0671875 0.1328125
1 0.484375 0.55 0.0640625 0.125
1 0.559375 0.59375 0.1828125 0.0546875
1 0.5484375 0.540625 0.08125 0.15
1 0.609375 0.5453125 0.0625 0.1125
1 0.671875 0.55625 0.0625 0.11875
1 0.7265625 0.5578125 0.0671875 0.109375
1 0.784375 0.5546875 0.0625 0.1296875
1 0.8390625 0.515625 0.0796875 0.1890625
1 0.7875 0.5046875 0.06875 0.1875
1 0.734375 0.5078125 0.0625 0.1921875
1 0.684375 0.5125 0.0578125 0.1765625
1 0.6328125 0.515625 0.059375 0.1796875
1 0.571875 0.5078125 0.05625 0.1796875
1 0.5234375 0.5078125 0.05625 0.184375
1 0.4875 0.5078125 0.125 0.1859375
1 0.4453125 0.509375 0.0546875 0.1796875
1 0.3953125 0.5078125 0.059375 0.19375
1 0.33125 0.5140625 0.0671875 0.1875
1 0.25 0.5046875 0.0640625 0.190625
1 0.315625 0.4953125 0.0640625 0.1796875
1 0.365625 0.4953125 0.059375 0.1796875
1 0.421875 0.4984375 0.046875 0.1671875
1 0.4875 0.4921875 0.0609375 0.18125
1 0.54375 0.4890625 0.05625 0.1875
1 0.5984375 0.4921875 0.0546875 0.18125
1 0.6421875 0.4953125 0.05625 0.18125
1 0.7015625 0.49375 0.0640625 0.184375
