1 0.964000 0.230293 0.017500 0.028904
1 0.935125 0.280030 0.019750 0.032282
1 0.838750 0.236299 0.013500 0.028904
1 0.987375 0.222035 0.025250 0.075450
1 0.862500 0.243243 0.050500 0.087087
1 0.783125 0.253754 0.066250 0.086336
1 0.709250 0.260698 0.040000 0.066441
1 0.743625 0.265015 0.031750 0.066817
1 0.734375 0.247748 0.026750 0.051802
1 0.623250 0.242680 0.029500 0.055931
1 0.604625 0.263138 0.031250 0.065315
1 0.558125 0.230856 0.025750 0.049550
1 0.498375 0.210773 0.061250 0.099474
1 0.496125 0.240803 0.050250 0.071697
1 0.444875 0.241742 0.026750 0.051051
1 0.410125 0.209272 0.048250 0.079204
1 0.384750 0.258258 0.032500 0.057057
1 0.328375 0.230668 0.030250 0.046922
1 0.284500 0.221284 0.033500 0.064940
1 0.255750 0.266892 0.062500 0.101351
1 0.089375 0.214339 0.056750 0.109610
1 0.025750 0.212650 0.051500 0.122748
1 0.183625 0.252440 0.003250 0.004880
1 0.166875 0.247560 0.008250 0.012387
1 0.123875 0.249812 0.007750 0.012387
1 0.029000 0.257883 0.004000 0.006757
