1 0.6734375 0.6 0.1984375 0.5421875
0 0.6765625 0.3671875 0.05625 0.0703125
1 0.5671875 0.609375 0.10625 0.4734375
0 0.56875 0.4078125 0.05 0.06875
1 0.54375 0.578125 0.11875 0.45
0 0.528125 0.3875 0.046875 0.059375
1 0.4515625 0.6375 0.1625 0.4578125
0 0.446875 0.44375 0.05 0.0640625
1 0.4703125 0.5546875 0.1140625 0.3984375
0 0.4671875 0.3875 0.046875 0.05625
1 0.4015625 0.596875 0.128125 0.4453125
0 0.40625 0.409375 0.0515625 0.059375
1 0.3375 0.571875 0.1140625 0.4359375
0 0.33125 0.3875 0.046875 0.05625
1 0.2296875 0.59375 0.13125 0.425
0 0.234375 0.415625 0.0515625 0.0609375
1 0.115625 0.5875 0.1375 0.54375
0 0.1296875 0.3546875 0.0625 0.0796875