1 0.0375 0.5890625 0.071875 0.3015625
1 0.034375 0.440625 0.046875 0.1484375
1 0.075 0.5015625 0.084375 0.2234375
1 0.0859375 0.440625 0.046875 0.11875
1 0.11875 0.4578125 0.0328125 0.09375
1 0.1359375 0.4375 0.03125 0.1015625
1 0.146875 0.421875 0.0375 0.1171875
1 0.1640625 0.45 0.0625 0.128125
1 0.1703125 0.4859375 0.0640625 0.1515625
1 0.178125 0.4296875 0.04375 0.1078125
1 0.2328125 0.446875 0.071875 0.196875
1 0.265625 0.5359375 0.1578125 0.23125
1 0.2828125 0.471875 0.1015625 0.20625
1 0.2859375 0.4265625 0.05 0.1375
1 0.321875 0.453125 0.0546875 0.1625
1 0.365625 0.50625 0.08125 0.2359375
1 0.3484375 0.434375 0.0421875 0.1640625
1 0.39375 0.46875 0.0859375 0.2359375
1 0.409375 0.45625 0.071875 0.196875
1 0.459375 0.4640625 0.059375 0.2203125
1 0.4921875 0.4671875 0.075 0.2234375
1 0.61875 0.4484375 0.05625 0.1875
1 0.7328125 0.5078125 0.1015625 0.2765625
1 0.8171875 0.5203125 0.1171875 0.3078125
1 0.9296875 0.5609375 0.134375 0.4109375
1 0.50625 0.625 0.346875 0.284375
