1 0.665625 0.2875 0.021875 0.0578125
1 0.984375 0.425 0.0234375 0.0359375
1 0.928125 0.421875 0.028125 0.0484375
1 0.89375 0.4578125 0.0421875 0.0421875
1 0.7828125 0.4625 0.0265625 0.05625
1 0.75625 0.4671875 0.0234375 0.053125
1 0.703125 0.4703125 0.0234375 0.05625
1 0.75 0.4234375 0.0375 0.0359375
1 0.06875 0.471875 0.0234375 0.046875
1 0.2390625 0.553125 0.0265625 0.05
1 0.2171875 0.5546875 0.025 0.053125
1 0.2375 0.5984375 0.08125 0.0875
1 0.03125 0.6 0.0609375 0.1109375
1 0.1 0.5671875 0.0828125 0.2109375
1 0.1078125 0.4734375 0.01875 0.0328125
1 0.1296875 0.4734375 0.021875 0.0390625
1 0.15 0.565625 0.1203125 0.2328125
1 0.1421875 0.5515625 0.021875 0.05
1 0.0515625 0.553125 0.0265625 0.053125
1 0.309375 0.58125 0.1234375 0.140625
1 0.2953125 0.5828125 0.109375 0.2109375
1 0.353125 0.5859375 0.034375 0.1046875
1 0.365625 0.5734375 0.03125 0.1078125
1 0.3859375 0.58125 0.034375 0.1109375
1 0.396875 0.5796875 0.0265625 0.1140625
1 0.4296875 0.5640625 0.0546875 0.2109375
1 0.45 0.6015625 0.0265625 0.0640625
1 0.48125 0.571875 0.0640625 0.2109375
1 0.64375 0.571875 0.071875 0.2234375
1 0.6078125 0.5671875 0.396875 0.4234375
1 0.7484375 0.5703125 0.04375 0.1796875
1 0.8546875 0.6078125 0.0578125 0.0875
1 0.9578125 0.5875 0.0359375 0.0625
1 0.9515625 0.578125 0.0265625 0.05
1 0.928125 0.59375 0.034375 0.071875
1 0.5953125 0.6 0.046875 0.09375
1 0.584375 0.571875 0.025 0.0578125
1 0.60625 0.5765625 0.0265625 0.053125
1 0.609375 0.5703125 0.021875 0.0578125
1 0.6875 0.6015625 0.059375 0.0953125
1 0.809375 0.6046875 0.04375 0.0890625
1 0.9671875 0.5015625 0.034375 0.059375
1 0.8765625 0.5765625 0.021875 0.0484375
1 0.9015625 0.5796875 0.021875 0.05
1 0.909375 0.5125 0.025 0.0453125
1 0.86875 0.521875 0.021875 0.0453125
1 0.94375 0.503125 0.01875 0.04375
1 0.5390625 0.56875 0.090625 0.2421875
