1 0.253125 0.4515625 0.0453125 0.1265625
1 0.4296875 0.409375 0.0265625 0.053125
1 0.484375 0.4390625 0.0328125 0.046875
1 0.6015625 0.4109375 0.028125 0.05625
1 0.8140625 0.4109375 0.040625 0.115625
1 0.8984375 0.4 0.0296875 0.1
1 0.9796875 0.4421875 0.0359375 0.0765625
1 0.9453125 0.4421875 0.059375 0.1578125
1 0.9 0.64375 0.159375 0.4515625
1 0.7125 0.5515625 0.1984375 0.5140625
1 0.5796875 0.5953125 0.1359375 0.434375
1 0.459375 0.525 0.0953125 0.1203125
1 0.4125 0.6453125 0.175 0.446875
1 0.4125 0.6359375 0.1609375 0.465625
1 0.1328125 0.5796875 0.265625 0.5796875
1 0.1609375 0.61875 0.2828125 0.5
1 0.8328125 0.4125 0.0234375 0.0890625
