1 0.890625 0.5578125 0.1984375 0.4453125
0 0.878125 0.359375 0.0796875 0.096875
1 0.7390625 0.553125 0.1796875 0.4546875
0 0.73125 0.334375 0.0703125 0.0875
1 0.5875 0.5484375 0.2046875 0.465625
0 0.6078125 0.3046875 0.06875 0.090625
1 0.53125 0.546875 0.275 0.4671875
0 0.4734375 0.33125 0.065625 0.0921875
1 0.334375 0.546875 0.14375 0.46875
0 0.353125 0.3546875 0.0765625 0.0984375
1 0.23125 0.565625 0.11875 0.43125
0 0.2359375 0.40625 0.065625 0.0890625
1 0.1046875 0.5421875 0.2046875 0.4765625
0 0.140625 0.296875 0.0828125 0.10625