1 0.015625 0.80625 0.0296875 0.1171875
1 0.0453125 0.8109375 0.0578125 0.1078125
1 0.0296875 0.7921875 0.05 0.1328125
1 0.0234375 0.74375 0.0453125 0.125
1 0.04375 0.734375 0.0515625 0.121875
1 0.0421875 0.6671875 0.040625 0.0921875
1 0.05 0.653125 0.03125 0.0796875
1 0.084375 0.79375 0.05625 0.1421875
1 0.103125 0.7671875 0.034375 0.11875
1 0.1515625 0.796875 0.065625 0.1375
1 0.1390625 0.7890625 0.0640625 0.1265625
1 0.1515625 0.75625 0.05 0.1015625
1 0.1 0.7328125 0.05 0.109375
1 0.159375 0.7359375 0.040625 0.1125
1 0.1171875 0.7109375 0.0296875 0.0828125
1 0.1703125 0.721875 0.03125 0.09375
1 0.1921875 0.7140625 0.0296875 0.103125
1 0.1234375 0.6890625 0.04375 0.1078125
1 0.171875 0.7015625 0.0390625 0.103125
1 0.05 0.5671875 0.015625 0.0359375
1 0.0640625 0.5625 0.0140625 0.03125
1 0.25625 0.5703125 0.0203125 0.05
1 0.275 0.571875 0.021875 0.0515625
1 0.2953125 0.5609375 0.0171875 0.0453125
1 0.309375 0.5640625 0.015625 0.0453125
1 0.38125 0.571875 0.0140625 0.0421875
1 0.390625 0.56875 0.009375 0.04375
1 0.325 0.5859375 0.015625 0.053125
1 0.3359375 0.5890625 0.0171875 0.059375
1 0.3484375 0.5859375 0.0125 0.0515625
1 0.359375 0.590625 0.0171875 0.046875
1 0.2984375 0.6125 0.0265625 0.071875
1 0.2859375 0.6484375 0.0296875 0.0953125
1 0.2546875 0.6703125 0.0375 0.1046875
1 0.2609375 0.70625 0.0640625 0.0796875
1 0.2828125 0.7921875 0.165625 0.1265625
1 0.26875 0.746875 0.0703125 0.0984375
1 0.3171875 0.7375 0.0578125 0.09375
1 0.375 0.71875 0.04375 0.0875
1 0.415625 0.7078125 0.0515625 0.0890625
1 0.4 0.6953125 0.0421875 0.0609375
1 0.4546875 0.7359375 0.0765625 0.1046875
1 0.4625 0.678125 0.0328125 0.046875
1 0.490625 0.675 0.034375 0.05625
1 0.5140625 0.7359375 0.0625 0.1078125
1 0.3453125 0.659375 0.0359375 0.1046875
1 0.38125 0.646875 0.0359375 0.0984375
1 0.396875 0.6390625 0.03125 0.053125
1 0.4265625 0.6421875 0.0328125 0.0953125
1 0.4703125 0.634375 0.0359375 0.059375
1 0.4765625 0.6234375 0.0296875 0.0484375
1 0.39375 0.5984375 0.0140625 0.0484375
1 0.4078125 0.58125 0.015625 0.0453125
1 0.3875 0.621875 0.0203125 0.0578125
1 0.5734375 0.7546875 0.0796875 0.1265625
1 0.6328125 0.7484375 0.08125 0.140625
1 0.6171875 0.7078125 0.0625 0.0859375
1 0.5703125 0.7078125 0.065625 0.0890625
1 0.6546875 0.6984375 0.065625 0.0859375
1 0.75 0.7953125 0.1171875 0.1390625
1 0.8125 0.784375 0.1375 0.159375
1 0.875 0.7703125 0.1375 0.153125
1 0.925 0.7625 0.128125 0.159375
1 0.8125 0.7296875 0.1296875 0.125
1 0.8671875 0.71875 0.1 0.13125
1 0.7328125 0.653125 0.0421875 0.1390625
1 0.940625 0.68125 0.08125 0.0921875
1 0.94375 0.6734375 0.0796875 0.0984375
1 0.5453125 0.6421875 0.0515625 0.1203125
1 0.6 0.6625 0.0359375 0.0640625
1 0.571875 0.646875 0.05 0.0984375
1 0.478125 0.596875 0.015625 0.053125
1 0.50625 0.596875 0.0234375 0.0546875
1 0.528125 0.6125 0.0203125 0.059375
1 0.5265625 0.596875 0.021875 0.0609375
1 0.640625 0.6546875 0.04375 0.1328125
1 0.60625 0.603125 0.0234375 0.0671875
1 0.5703125 0.6015625 0.015625 0.053125
1 0.6859375 0.65625 0.04375 0.065625
1 0.721875 0.5953125 0.0171875 0.05
1 0.7734375 0.6546875 0.0515625 0.0625
1 0.8078125 0.675 0.08125 0.08125
1 0.8265625 0.66875 0.0671875 0.075
1 0.8453125 0.6640625 0.0578125 0.071875
1 0.8703125 0.6390625 0.0625 0.0671875
1 0.896875 0.6390625 0.0453125 0.059375
1 0.95625 0.646875 0.059375 0.0796875
1 0.965625 0.640625 0.0609375 0.0671875
1 0.9765625 0.5765625 0.015625 0.040625
1 0.95625 0.5734375 0.0109375 0.0328125
1 0.8234375 0.603125 0.0171875 0.0453125
1 0.8359375 0.603125 0.015625 0.0453125
1 0.246875 0.6609375 0.0375 0.090625
1 0.190625 0.68125 0.03125 0.0890625
1 0.0359375 0.4109375 0.0171875 0.05625
