1 0.8046875 0.60625 0.0375 0.090625
1 0.709375 0.6234375 0.04375 0.115625
1 0.69375 0.565625 0.03125 0.0734375
1 0.6109375 0.5703125 0.03125 0.078125
1 0.6265625 0.5359375 0.0234375 0.0546875
1 0.5578125 0.546875 0.0265625 0.0609375
1 0.571875 0.5140625 0.021875 0.0484375
1 0.5203125 0.5078125 0.0234375 0.0515625
1 0.5140625 0.5203125 0.0234375 0.053125
1 0.4921875 0.490625 0.0171875 0.040625
1 0.471875 0.4734375 0.015625 0.0390625
1 0.4515625 0.4859375 0.0140625 0.03125
1 0.209375 0.5234375 0.021875 0.0515625
1 0.2265625 0.5 0.0171875 0.040625
1 0.2078125 0.478125 0.0140625 0.034375
1 0.15625 0.5296875 0.0203125 0.046875
1 0.021875 0.6015625 0.025 0.071875
1 0.059375 0.578125 0.0234375 0.0625
1 0.059375 0.5625 0.015625 0.0546875
1 0.0921875 0.5578125 0.0203125 0.0546875
1 0.115625 0.54375 0.015625 0.04375
1 0.1265625 0.5296875 0.015625 0.04375
1 0.146875 0.5125 0.015625 0.0390625
1 0.1578125 0.5046875 0.0140625 0.0390625
1 0.165625 0.5 0.0125 0.0359375
1 0.175 0.4921875 0.0125 0.03125
1 0.3859375 0.4703125 0.0109375 0.025
1 0.809375 0.53125 0.021875 0.0515625
1 0.7640625 0.4953125 0.0171875 0.0390625
1 0.8578125 0.5234375 0.0234375 0.0546875
1 0.9671875 0.571875 0.021875 0.059375
1 0.9140625 0.5203125 0.0234375 0.0546875
1 0.525 0.46875 0.0078125 0.0171875
1 0.5140625 0.4625 0.009375 0.021875
1 0.4953125 0.45625 0.009375 0.01875
1 0.4625 0.45 0.0078125 0.015625
1 0.4453125 0.446875 0.0078125 0.015625
1 0.1390625 0.50625 0.0078125 0.0375
1 0.1125 0.50625 0.0109375 0.04375
1 0.0953125 0.5203125 0.0109375 0.0390625
1 0.090625 0.5484375 0.0140625 0.05
1 0.109375 0.528125 0.0125 0.0484375
1 0.121875 0.5203125 0.0109375 0.0453125
1 0.0296875 0.59375 0.01875 0.0734375
1 0.0265625 0.5859375 0.0140625 0.0703125
1 0.740625 0.475 0.0203125 0.0390625
1 0.4375 0.48125 0.015625 0.0265625
