1 0.0859375 0.7203125 0.0734375 0.109375
1 0.0796875 0.628125 0.0765625 0.0953125
1 0.21875 0.5078125 0.0609375 0.090625
1 0.325 0.5546875 0.0546875 0.0828125
1 0.0234375 0.3625 0.0375 0.04375
1 0.05625 0.340625 0.0234375 0.0265625
1 0.2125 0.3609375 0.025 0.0625
1 0.20625 0.3265625 0.015625 0.0546875
1 0.290625 0.321875 0.025 0.053125
1 0.3 0.3078125 0.0234375 0.053125
1 0.290625 0.2484375 0.01875 0.0203125
1 0.4375 0.3 0.0359375 0.0484375
1 0.453125 0.3328125 0.028125 0.0515625
1 0.4859375 0.28125 0.0234375 0.0453125
1 0.5421875 0.328125 0.0296875 0.059375
1 0.5203125 0.1859375 0.0078125 0.025
1 0.65625 0.190625 0.0140625 0.03125
1 0.6421875 0.2046875 0.0140625 0.03125
1 0.653125 0.20625 0.0125 0.028125
1 0.7828125 0.190625 0.0140625 0.028125
1 0.79375 0.1921875 0.0125 0.025
1 0.8 0.203125 0.015625 0.025
1 0.8359375 0.203125 0.015625 0.0234375
1 0.85 0.2046875 0.0171875 0.025
1 0.675 0.2265625 0.0125 0.04375
1 0.7234375 0.2328125 0.0125 0.0390625
1 0.74375 0.2484375 0.0171875 0.040625
1 0.759375 0.2234375 0.015625 0.0359375
1 0.775 0.2484375 0.015625 0.0390625
1 0.7984375 0.23125 0.0203125 0.040625
1 0.8 0.2265625 0.0140625 0.0390625
1 0.8203125 0.23125 0.015625 0.040625
1 0.840625 0.259375 0.01875 0.0453125
1 0.8375 0.2640625 0.0171875 0.040625
1 0.73125 0.30625 0.0328125 0.053125
1 0.73125 0.35 0.0359375 0.0640625
1 0.8328125 0.3171875 0.03125 0.0546875
1 0.8578125 0.3265625 0.0234375 0.05625
1 0.875 0.3234375 0.0265625 0.0546875
1 0.8484375 0.390625 0.021875 0.0890625
1 0.98125 0.3375 0.028125 0.0671875
1 0.965625 0.3578125 0.028125 0.065625
1 0.971875 0.3765625 0.025 0.0671875
1 0.86875 0.5328125 0.0453125 0.0859375
1 0.859375 0.7109375 0.0625 0.1125
1 0.8203125 0.634375 0.08125 0.1046875
1 0.646875 0.55 0.040625 0.1
1 0.7140625 0.7109375 0.065625 0.1
