1 0.090625 0.56875 0.175 0.4546875
1 0.21875 0.553125 0.1015625 0.4140625
1 0.2625 0.4953125 0.075 0.2875
1 0.303125 0.546875 0.128125 0.3328125
1 0.36875 0.525 0.0828125 0.309375
1 0.3765625 0.5109375 0.075 0.3109375
1 0.4171875 0.5421875 0.109375 0.3296875
1 0.4546875 0.4875 0.0640625 0.2359375
1 0.503125 0.546875 0.0828125 0.325
1 0.5171875 0.50625 0.0625 0.2875
1 0.5546875 0.521875 0.059375 0.2703125
1 0.578125 0.484375 0.0890625 0.3296875
1 0.5828125 0.55 0.09375 0.315625
1 0.628125 0.5171875 0.084375 0.31875
1 0.65 0.55 0.1234375 0.365625
1 0.7234375 0.5234375 0.1 0.3
1 0.7515625 0.58125 0.115625 0.309375
1 0.7734375 0.5484375 0.115625 0.303125
1 0.8265625 0.5890625 0.134375 0.3859375
1 0.9671875 0.5328125 0.05625 0.309375
