1 0.84375 0.7328125 0.065625 0.1921875
1 0.8890625 0.690625 0.109375 0.3015625
1 0.9265625 0.6609375 0.0921875 0.253125
1 0.971875 0.590625 0.05 0.1890625
1 0.940625 0.6015625 0.0515625 0.1796875
1 0.8359375 0.640625 0.059375 0.2328125
1 0.784375 0.646875 0.0640625 0.246875
1 0.734375 0.65 0.084375 0.271875
1 0.68125 0.609375 0.05 0.190625
1 0.66875 0.60625 0.0390625 0.1625
1 0.6484375 0.6 0.040625 0.1421875
1 0.603125 0.6140625 0.0671875 0.1765625
1 0.6046875 0.5875 0.059375 0.171875
1 0.5890625 0.596875 0.0546875 0.1453125
1 0.5734375 0.5890625 0.0515625 0.1515625
1 0.5484375 0.56875 0.0375 0.115625
1 0.5234375 0.6109375 0.059375 0.15625
1 0.515625 0.5921875 0.0328125 0.1390625
1 0.4875 0.596875 0.05 0.146875
1 0.525 0.5734375 0.0375 0.125
1 0.4671875 0.58125 0.0375 0.115625
1 0.4453125 0.584375 0.0546875 0.115625
1 0.425 0.578125 0.0359375 0.109375
1 0.3875 0.5703125 0.0484375 0.1296875
1 0.3796875 0.578125 0.028125 0.1015625
1 0.4046875 0.5296875 0.015625 0.03125
1 0.359375 0.5640625 0.025 0.08125
1 0.34375 0.584375 0.0453125 0.1203125
1 0.325 0.5328125 0.0078125 0.025
1 0.3140625 0.5625 0.0296875 0.0859375
1 0.2921875 0.5640625 0.0375 0.0875
1 0.26875 0.5796875 0.0421875 0.109375
1 0.2390625 0.60625 0.059375 0.14375
1 0.2625 0.5453125 0.0203125 0.05
1 0.25 0.553125 0.025 0.0671875
1 0.2375 0.5765625 0.0296875 0.1
1 0.2203125 0.5625 0.0328125 0.0921875
1 0.1921875 0.575 0.0375 0.096875
1 0.18125 0.56875 0.0203125 0.0859375
1 0.1640625 0.5453125 0.021875 0.046875
1 0.15 0.5859375 0.0765625 0.1296875
1 0.1265625 0.578125 0.040625 0.1203125
1 0.096875 0.5546875 0.0265625 0.08125
1 0.0734375 0.571875 0.040625 0.0859375
1 0.053125 0.5578125 0.0359375 0.0703125
1 0.0359375 0.5578125 0.0296875 0.075
1 0.025 0.66875 0.0484375 0.2859375
