1 0.18125 0.3984375 0.0171875 0.028125
1 0.178125 0.39375 0.015625 0.03125
1 0.165625 0.3953125 0.009375 0.028125
1 0.1515625 0.4 0.0203125 0.0328125
1 0.9015625 0.3015625 0.034375 0.096875
1 0.9265625 0.309375 0.034375 0.1
1 0.9390625 0.30625 0.0484375 0.1046875
1 0.9796875 0.3234375 0.034375 0.09375
1 0.2875 0.55 0.1671875 0.528125
1 0.428125 0.5421875 0.134375 0.53125
1 0.546875 0.5140625 0.2828125 0.596875
1 0.671875 0.515625 0.171875 0.546875
1 0.8515625 0.515625 0.2125 0.6265625
1 0.9390625 0.5984375 0.05625 0.0765625
