1 0.81875 0.7546875 0.0921875 0.1328125
1 0.71875 0.7453125 0.053125 0.1015625
1 0.65 0.7359375 0.059375 0.1140625
1 0.628125 0.740625 0.025 0.075
1 0.6046875 0.728125 0.015625 0.0765625
1 0.5484375 0.7453125 0.0328125 0.0875
1 0.5328125 0.740625 0.0359375 0.0984375
1 0.5125 0.7359375 0.025 0.078125
1 0.525 0.7296875 0.0234375 0.078125
1 0.496875 0.728125 0.028125 0.090625
1 0.490625 0.728125 0.025 0.0828125
1 0.4734375 0.7328125 0.0375 0.0875
1 0.375 0.7328125 0.0578125 0.109375
1 0.35 0.721875 0.03125 0.084375
1 0.3453125 0.721875 0.021875 0.071875
1 0.3140625 0.7328125 0.0359375 0.078125
1 0.290625 0.7296875 0.0484375 0.0953125
1 0.2796875 0.73125 0.046875 0.0921875
1 0.1546875 0.7171875 0.04375 0.1
1 0.278125 0.734375 0.0265625 0.0828125
