1 0.0234375 0.4203125 0.0359375 0.084375
1 0.0390625 0.4328125 0.05625 0.1078125
1 0.1203125 0.46875 0.0703125 0.190625
1 0.2046875 0.4703125 0.05 0.184375
1 0.23125 0.409375 0.0171875 0.046875
1 0.278125 0.41875 0.03125 0.06875
1 0.328125 0.4828125 0.0828125 0.196875
1 0.4453125 0.471875 0.0921875 0.2015625
1 0.5 0.4390625 0.0375 0.103125
1 0.546875 0.440625 0.03125 0.1015625
1 0.5171875 0.4203125 0.01875 0.0578125
1 0.61875 0.6140625 0.328125 0.490625
1 0.7828125 0.4859375 0.0625 0.1828125
1 0.8546875 0.4421875 0.028125 0.06875
1 0.8796875 0.44375 0.034375 0.0734375
1 0.9 0.44375 0.0296875 0.0734375
1 0.928125 0.4484375 0.0359375 0.0734375
1 0.909375 0.434375 0.0171875 0.053125
1 0.9890625 0.4203125 0.01875 0.046875
1 0.83125 0.4234375 0.015625 0.04375
1 0.809375 0.4234375 0.015625 0.0453125
1 0.7640625 0.425 0.01875 0.0546875
