1 0.78125 0.6265625 0.1765625 0.403125
1 0.646875 0.6234375 0.171875 0.4109375
1 0.5234375 0.6234375 0.1546875 0.4109375
1 0.396875 0.6265625 0.146875 0.4046875
1 0.296875 0.6203125 0.1625 0.4171875
1 0.159375 0.621875 0.16875 0.4125
1 0.8625 0.60625 0.15 0.44375
1 0.646875 0.5625 0.1375 0.4375
1 0.7984375 0.5640625 0.1703125 0.484375
1 0.7375 0.540625 0.1375 0.440625
1 0.6078125 0.525 0.1546875 0.4359375
1 0.5171875 0.584375 0.14375 0.4625
1 0.4078125 0.565625 0.18125 0.5
1 0.2765625 0.5703125 0.1609375 0.46875
1 0.234375 0.5546875 0.15 0.48125
1 0.153125 0.575 0.1609375 0.49375
1 0.3484375 0.4796875 0.13125 0.375
1 0.4625 0.4578125 0.1171875 0.353125
1 0.528125 0.425 0.1171875 0.30625
1 0.6625 0.434375 0.1296875 0.3375
1 0.753125 0.4265625 0.125 0.3578125
1 0.7109375 0.3625 0.0953125 0.2484375
1 0.6265625 0.3453125 0.09375 0.2484375
1 0.5921875 0.3578125 0.096875 0.2625
1 0.4234375 0.409375 0.1171875 0.321875
1 0.3375 0.4375 0.134375 0.3984375
1 0.21875 0.41875 0.13125 0.4203125
1 0.2859375 0.4 0.1 0.3375
1 0.3890625 0.39375 0.1140625 0.3796875
1 0.4890625 0.3859375 0.10625 0.359375
