1 0.0625 0.5796875 0.121875 0.33125
1 0.159375 0.5640625 0.271875 0.3625
1 0.3625 0.46875 0.021875 0.065625
1 0.3890625 0.465625 0.01875 0.0546875
1 0.4078125 0.4640625 0.034375 0.0515625
1 0.4140625 0.4609375 0.0265625 0.0546875
1 0.4421875 0.4625 0.028125 0.06875
1 0.4515625 0.45 0.0171875 0.0515625
1 0.475 0.4515625 0.01875 0.0546875
1 0.503125 0.4515625 0.025 0.0609375
1 0.5140625 0.4625 0.0265625 0.065625
1 0.5421875 0.4578125 0.0265625 0.0609375
1 0.553125 0.4515625 0.01875 0.0546875
1 0.575 0.4578125 0.0171875 0.0640625
1 0.590625 0.4703125 0.021875 0.075
1 0.6203125 0.4765625 0.0265625 0.1046875
1 0.6375 0.465625 0.0328125 0.09375
1 0.65 0.4796875 0.0296875 0.115625
1 0.6484375 0.4625 0.0296875 0.0921875
1 0.6640625 0.4625 0.025 0.0921875
1 0.6828125 0.478125 0.03125 0.121875
1 0.7015625 0.4671875 0.0296875 0.0921875
1 0.7171875 0.4734375 0.028125 0.1015625
1 0.71875 0.4875 0.028125 0.1109375
1 0.740625 0.471875 0.03125 0.1078125
1 0.759375 0.471875 0.0359375 0.1046875
1 0.76875 0.4765625 0.0375 0.1125
1 0.778125 0.4546875 0.0359375 0.090625
1 0.7984375 0.490625 0.0375 0.140625
1 0.81875 0.4796875 0.0421875 0.1421875
1 0.81875 0.5078125 0.05 0.1515625
1 0.853125 0.4953125 0.040625 0.134375
1 0.871875 0.5140625 0.05 0.1609375
1 0.9078125 0.4984375 0.0546875 0.1640625
1 0.946875 0.509375 0.0765625 0.2046875
1 0.98125 0.521875 0.0328125 0.1625
1 0.3421875 0.4625 0.0140625 0.0328125
1 0.378125 0.4875 0.0609375 0.0625
1 0.390625 0.490625 0.05625 0.0734375
1 0.3984375 0.49375 0.0453125 0.06875
1 0.4296875 0.5109375 0.05 0.103125
1 0.440625 0.5140625 0.0515625 0.1078125
1 0.453125 0.5140625 0.065625 0.1015625
1 0.4640625 0.5203125 0.0765625 0.1265625
1 0.465625 0.534375 0.103125 0.1265625
1 0.5046875 0.5390625 0.075 0.1359375
1 0.525 0.540625 0.0828125 0.1625
1 0.55625 0.5625 0.1015625 0.184375
1 0.74375 0.5484375 0.121875 0.1484375
1 0.6984375 0.5328125 0.1421875 0.1375
