1 0.94375 0.540625 0.10625 0.3265625
0 0.9625 0.4125 0.0484375 0.0640625
1 0.784375 0.55 0.175 0.3453125
0 0.7734375 0.4125 0.0484375 0.0640625
1 0.6953125 0.5625 0.2046875 0.3921875
0 0.6625 0.409375 0.0546875 0.0640625
1 0.540625 0.5359375 0.165625 0.265625
0 0.584375 0.4359375 0.04375 0.05625
1 0.440625 0.5984375 0.2546875 0.35625
0 0.428125 0.459375 0.0546875 0.0671875
1 0.3796875 0.5453125 0.1515625 0.315625
0 0.375 0.425 0.04375 0.0609375
1 0.2671875 0.5609375 0.1328125 0.334375
0 0.2703125 0.4359375 0.0515625 0.0703125
1 0.190625 0.5328125 0.1453125 0.2828125
0 0.1515625 0.4171875 0.040625 0.0515625
1 0.2671875 0.603125 0.284375 0.3453125
0 0.26875 0.475 0.0578125 0.0796875
1 0.0828125 0.65 0.1640625 0.35625
0 0.0828125 0.65 0.165625 0.3578125
1 0.775 0.440625 0.1328125 0.1609375
0 0.734375 0.384375 0.0375 0.034375
1 0.8546875 0.453125 0.096875 0.128125
0 0.8578125 0.4125 0.034375 0.04375