1 0.3875 0.709375 0.1265625 0.2703125
1 0.7015625 0.7421875 0.1125 0.20625
1 0.7890625 0.7640625 0.1140625 0.1625
1 0.925 0.75625 0.1046875 0.1765625
1 0.9296875 0.7 0.1171875 0.28125
1 0.834375 0.690625 0.09375 0.259375
1 0 0.15 0 0
1 0.9046875 0.6515625 0.08125 0.246875
1 0.7140625 0.71875 0.0875 0.2515625
1 0.7546875 0.6859375 0.084375 0.234375
1 0.8453125 0.6078125 0.08125 0.19375
1 0.7546875 0.6453125 0.075 0.171875
1 0.76875 0.6265625 0.1 0.2515625
1 0.7609375 0.5984375 0.096875 0.209375
1 0.64375 0.6796875 0.075 0.259375
1 0.584375 0.68125 0.1046875 0.2484375
1 0.321875 0.6796875 0.1125 0.2859375
1 0.534375 0.7640625 0.14375 0.1625
1 0.18125 0.6609375 0.1 0.278125
1 0.259375 0.6578125 0.09375 0.271875
1 0.08125 0.5578125 0.0765625 0.2265625
1 0.1140625 0.55 0.06875 0.196875
1 0.02109375 0.44921875 0.0421875 0.1609375
1 0.5109375 0.640625 0.0765625 0.2390625
1 0.5609375 0.609375 0.071875 0.2265625
1 0.646875 0.621875 0.0875 0.2484375
1 0.6953125 0.5828125 0.0765625 0.221875
1 0.3875 0.628125 0.071875 0.2171875
1 0.434375 0.6421875 0.0671875 0.2515625
1 0.4921875 0.63125 0.0796875 0.2265625
1 0.5890625 0.54375 0.0625 0.146875
1 0.6015625 0.5609375 0.0765625 0.1875
1 0.653125 0.5640625 0.06875 0.1796875
1 0.4921875 0.5734375 0.06875 0.221875
1 0.515625 0.51875 0.059375 0.1625
1 0.446875 0.55 0.075 0.209375
1 0.46875 0.471875 0.05625 0.1578125
1 0.396875 0.4890625 0.046875 0.159375
1 0.3421875 0.5796875 0.09375 0.2046875
1 0.253125 0.6203125 0.0890625 0.259375
1 0.3671875 0.4921875 0.05 0.1640625
1 0.3453125 0.553125 0.0796875 0.1921875
1 0.2890625 0.5359375 0.06875 0.2015625
1 0.209375 0.5734375 0.071875 0.1890625
1 0.1703125 0.478125 0.0515625 0.175
1 0.20625 0.453125 0.05 0.1515625
1 0.24375 0.45625 0.046875 0.1671875
1 0.2625 0.4609375 0.046875 0.1390625
1 0.3109375 0.4515625 0.0421875 0.1296875
1 0.3375 0.459375 0.046875 0.1265625
1 0.546875 0.3578125 0.0390625 0.1046875
1 0.6484375 0.3546875 0.034375 0.090625
1 0.7046875 0.3578125 0.0390625 0.0875
1 0.728125 0.359375 0.034375 0.0703125
