1 0.108642 0.429630 0.059259 0.100000
1 0.250617 0.354630 0.054321 0.098148
1 0.361728 0.357407 0.056790 0.111111
1 0.473457 0.345370 0.053086 0.109259
1 0.261111 0.238889 0.043210 0.085185
1 0.346296 0.207407 0.048148 0.085185
1 0.450000 0.214815 0.048148 0.092593
1 0.529630 0.253704 0.044444 0.085185
1 0.556790 0.312963 0.056790 0.107407
1 0.672840 0.348148 0.061728 0.103704
1 0.630247 0.225926 0.043210 0.088889
1 0.709259 0.290741 0.043210 0.088889
1 0.743827 0.235185 0.045679 0.088889
1 0.782716 0.387037 0.054321 0.103704
1 0.834568 0.335185 0.046914 0.103704
