1 0.1390625 0.5078125 0.021875 0.0546875
1 0.1625 0.5609375 0.0578125 0.1828125
1 0.1828125 0.5703125 0.084375 0.1875
1 0.1953125 0.5015625 0.0140625 0.0359375
1 0.2125 0.503125 0.0140625 0.0359375
1 0.225 0.5015625 0.015625 0.040625
1 0.2890625 0.7140625 0.196875 0.53125
1 0.3796875 0.5671875 0.05 0.159375
1 0.4234375 0.6078125 0.0859375 0.2265625
1 0.453125 0.5125 0.0171875 0.05625
1 0.46875 0.50625 0.0125 0.0421875
1 0.4859375 0.515625 0.0171875 0.0578125
1 0.5 0.5140625 0.015625 0.05625
1 0.5109375 0.50625 0.0109375 0.034375
1 0.51875 0.503125 0.0125 0.0375
1 0.5671875 0.5078125 0.01875 0.0453125
1 0.5890625 0.5078125 0.0171875 0.0375
1 0.603125 0.5171875 0.01875 0.0546875
1 0.6140625 0.515625 0.01875 0.059375
1 0.6265625 0.515625 0.0171875 0.05625
1 0.6703125 0.515625 0.0203125 0.05
1 0.6953125 0.51875 0.01875 0.05625
1 0.7046875 0.525 0.028125 0.0703125
1 0.73125 0.54375 0.040625 0.109375
1 0.74375 0.5140625 0.021875 0.05625
1 0.775 0.5125 0.0125 0.046875
1 0.7828125 0.5109375 0.01875 0.0515625
1 0.7984375 0.5140625 0.015625 0.046875
1 0.834375 0.50625 0.0140625 0.034375
1 0.6453125 0.503125 0.01875 0.034375
1 0.8078125 0.5109375 0.015625 0.0515625
