1 0.175 0.65625 0.065625 0.2234375
0 0.1578125 0.559375 0.0265625 0.028125
1 0.1125 0.5578125 0.1890625 0.4390625
0 0.115625 0.3859375 0.0453125 0.05625
1 0.078125 0.5828125 0.1515625 0.4109375
0 0.0765625 0.409375 0.0453125 0.05625
1 0.2765625 0.584375 0.1609375 0.403125
0 0.3171875 0.415625 0.05 0.053125
1 0.5953125 0.6390625 0.0765625 0.2296875
0 0.590625 0.54375 0.0296875 0.0328125
1 0.546875 0.559375 0.15625 0.409375
0 0.5390625 0.3921875 0.0421875 0.05625
1 0.509375 0.565625 0.1828125 0.4265625
0 0.5125 0.3859375 0.0453125 0.053125
1 0.75625 0.521875 0.2390625 0.54375
0 0.765625 0.2953125 0.0578125 0.0796875
1 0.353125 0.5171875 0.2609375 0.621875
0 0.36875 0.2640625 0.0703125 0.0953125