1 0.234375 0.475 0.0671875 0.178125
0 0.2359375 0.4046875 0.0203125 0.025
1 0.315625 0.440625 0.0453125 0.090625
0 0.3140625 0.40625 0.015625 0.015625
1 0.4671875 0.478125 0.0734375 0.1765625
0 0.4703125 0.40625 0.0203125 0.0234375
1 0.078125 0.50625 0.0640625 0.2296875
0 0.075 0.4140625 0.028125 0.0359375
1 0.0859375 0.49375 0.06875 0.2453125
0 0.0953125 0.4 0.0296875 0.034375
1 0.109375 0.4609375 0.0609375 0.121875
0 0.1171875 0.41875 0.028125 0.034375
1 0.3828125 0.5125 0.1140625 0.2578125
0 0.403125 0.40625 0.03125 0.0390625
1 0.7890625 0.5828125 0.2640625 0.4921875
0 0.784375 0.38125 0.0625 0.0796875
1 0.8515625 0.4578125 0.0484375 0.121875
0 0.8546875 0.4078125 0.0171875 0.0203125
1 0.8875 0.5078125 0.0640625 0.0703125
0 0.8828125 0.484375 0.015625 0.015625
1 0.953125 0.5015625 0.0859375 0.2734375
0 0.978125 0.39375 0.0390625 0.0421875