1 0.9046875 0.6125 0.140625 0.228125
1 0.8828125 0.540625 0.1296875 0.2796875
1 0.771875 0.6265625 0.1515625 0.221875
1 0.675 0.6203125 0.146875 0.221875
1 0.565625 0.6265625 0.1375 0.2234375
1 0.4796875 0.621875 0.15625 0.234375
1 0.3640625 0.621875 0.14375 0.23125
1 0.165625 0.54375 0.1234375 0.26875
1 0.2578125 0.5515625 0.1328125 0.240625
1 0.3734375 0.55625 0.125 0.225
1 0.4890625 0.5546875 0.1328125 0.2234375
1 0.6125 0.5625 0.115625 0.2234375
1 0.7015625 0.553125 0.103125 0.2578125
1 0.7859375 0.553125 0.1203125 0.2484375
1 0.80625 0.4609375 0.1421875 0.365625
1 0.615625 0.453125 0.11875 0.2984375
1 0.509375 0.4515625 0.1125 0.321875
1 0.4 0.4515625 0.103125 0.31875
1 0.3171875 0.4421875 0.11875 0.3234375
1 0.209375 0.475 0.16875 0.3578125
