1 0.953125 0.6015625 0.0875 0.45625
1 0.8953125 0.5390625 0.096875 0.265625
1 0.8375 0.50625 0.04375 0.125
1 0.809375 0.50625 0.0421875 0.121875
1 0.765625 0.61875 0.1390625 0.421875
1 0.5921875 0.6078125 0.1265625 0.4421875
1 0.5234375 0.6046875 0.2390625 0.4484375
1 0.425 0.621875 0.2640625 0.415625
1 0.33125 0.5359375 0.10625 0.2203125
1 0.30625 0.5390625 0.075 0.203125
1 0.440625 0.4609375 0.01875 0.0484375
1 0.421875 0.4625 0.01875 0.0453125
1 0.671875 0.4828125 0.0296875 0.0921875
1 0.6859375 0.4984375 0.0390625 0.13125
1 0.709375 0.50625 0.0515625 0.1578125
