1 0.1578125 0.740625 0.30625 0.2625
1 0.246875 0.734375 0.2796875 0.275
1 0.3359375 0.7640625 0.1640625 0.2171875
1 0.46875 0.7546875 0.1421875 0.234375
1 0.059375 0.69375 0.1125 0.1546875
1 0.1640625 0.671875 0.146875 0.2125
1 0.0296875 0.6125 0.05625 0.1625
1 0.0859375 0.6015625 0.0921875 0.14375
1 0.178125 0.6140625 0.1125 0.1515625
1 0.25 0.6265625 0.1140625 0.1765625
1 0.3625 0.6515625 0.09375 0.1953125
1 0.41875 0.6890625 0.1375 0.2171875
1 0.525 0.696875 0.1203125 0.171875
1 0.3546875 0.6171875 0.1109375 0.184375
1 0.4828125 0.64375 0.1390625 0.1953125
1 0.0328125 0.56875 0.0640625 0.1484375
1 0.0640625 0.546875 0.0671875 0.146875
1 0.1234375 0.5671875 0.08125 0.1921875
1 0.18125 0.596875 0.1015625 0.1953125
1 0.2609375 0.5828125 0.0890625 0.184375
1 0.3453125 0.5953125 0.10625 0.2015625
1 0.4203125 0.578125 0.0796875 0.184375
1 0.6484375 0.640625 0.16875 0.2171875
1 0.503125 0.51875 0.1375 0.1796875
1 0.5453125 0.471875 0.08125 0.15
1 0.6796875 0.525 0.125 0.1796875
1 0.65 0.475 0.109375 0.1484375
1 0.525 0.44375 0.0875 0.1359375
1 0.6203125 0.446875 0.0875 0.15625
1 0.6078125 0.421875 0.0875 0.1546875
1 0.0265625 0.3078125 0.0515625 0.1390625
1 0.084375 0.325 0.046875 0.1
1 0.125 0.3203125 0.04375 0.0953125
1 0.14375 0.3 0.0421875 0.1203125
1 0.1765625 0.290625 0.04375 0.1265625
1 0.19375 0.2859375 0.0390625 0.121875
1 0.2234375 0.2875 0.0390625 0.1109375
1 0.246875 0.3078125 0.03125 0.096875
1 0.2671875 0.2984375 0.0453125 0.1015625
1 0.3359375 0.3046875 0.10625 0.10625
1 0.353125 0.290625 0.0546875 0.128125
1 0.3921875 0.284375 0.0578125 0.121875
1 0.4203125 0.2796875 0.0375 0.125
1 0.45 0.2953125 0.04375 0.0953125
1 0.465625 0.3 0.05 0.090625
1 0.55 0.271875 0.046875 0.109375
1 0.58125 0.2796875 0.040625 0.0953125
1 0.84375 0.31875 0.046875 0.1171875
1 0.9078125 0.290625 0.04375 0.103125
1 0.9390625 0.2953125 0.0484375 0.1046875
1 0.9734375 0.2859375 0.0375 0.1125
1 0.76875 0.696875 0.125 0.1828125
1 0.8875 0.759375 0.16875 0.225
1 0.9640625 0.7578125 0.0671875 0.228125
1 0.7578125 0.5875 0.1171875 0.1375
1 0.178125 0.54375 0.08125 0.184375
1 0.265625 0.5390625 0.071875 0.1484375
1 0.321875 0.540625 0.0640625 0.1265625
1 0.3328125 0.515625 0.0546875 0.121875
1 0.3796875 0.5375 0.06875 0.13125
1 0.4015625 0.5234375 0.05625 0.134375
1 0.3578125 0.50625 0.0546875 0.1390625
1 0.2984375 0.4984375 0.05625 0.11875
1 0.2546875 0.5109375 0.04375 0.1203125
1 0.215625 0.496875 0.0578125 0.1484375
1 0.03203125 0.5 0.0640625 0.11875
1 0.0984375 0.521875 0.0515625 0.115625
1 0.1484375 0.5140625 0.0546875 0.1171875
1 0.071875 0.4796875 0.065625 0.1265625
1 0.115625 0.475 0.071875 0.1140625
1 0.1765625 0.478125 0.0625 0.109375
1 0.1140625 0.4640625 0.0765625 0.1140625
1 0.0140625 0.490625 0.025 0.1109375
1 0.0140625 0.453125 0.025 0.1078125
1 0.0265625 0.4390625 0.0421875 0.0984375
1 0.0484375 0.45 0.0484375 0.1125
1 0.08125 0.4390625 0.05 0.1015625
1 0.13125 0.440625 0.05 0.096875
1 0.1671875 0.4375 0.0515625 0.096875
1 0.19375 0.459375 0.046875 0.1171875
1 0.290625 0.465625 0.0625 0.1171875
1 0.328125 0.4515625 0.0671875 0.1140625
1 0.40625 0.4859375 0.0671875 0.1125
1 0.453125 0.5 0.0640625 0.1171875
1 0.384375 0.4546875 0.0640625 0.09375
1 0.040625 0.3921875 0.0609375 0.1203125
1 0.0796875 0.3953125 0.04375 0.11875
1 0.0984375 0.38125 0.0421875 0.1015625
1 0.059375 0.3515625 0.0484375 0.1015625
1 0.115625 0.3546875 0.059375 0.103125
1 0.1203125 0.3953125 0.0515625 0.10625
1 0.1515625 0.4109375 0.071875 0.096875
1 0.171875 0.3984375 0.0515625 0.1140625
1 0.1578125 0.3453125 0.0421875 0.096875
1 0.3140625 0.428125 0.0703125 0.1125
1 0.33125 0.4078125 0.084375 0.134375
1 0.7375 0.3765625 0.0796875 0.1484375
1 0.85625 0.6828125 0.10625 0.19375
1 0.928125 0.690625 0.1390625 0.2078125
1 0.7875 0.65 0.0875 0.171875
1 0.8609375 0.6578125 0.0765625 0.1515625
1 0.940625 0.6578125 0.1015625 0.19375
1 0.8578125 0.5921875 0.1015625 0.134375
1 0.896875 0.5703125 0.1125 0.15
1 0.815625 0.5453125 0.071875 0.15
1 0.76875 0.5234375 0.1078125 0.1421875
1 0.84375 0.5234375 0.1 0.1328125
1 0.93125 0.5109375 0.11875 0.16875
