1 0.503125 0.6484375 0.1671875 0.3625
0 0.53125 0.528125 0.0390625 0.05
1 0.7125 0.6921875 0.1140625 0.2765625
0 0.709375 0.5859375 0.0515625 0.0546875
1 0.7546875 0.696875 0.1 0.265625
0 0.7265625 0.590625 0.0390625 0.0453125
1 0.421875 0.6328125 0.0625 0.1828125
0 0.4234375 0.55625 0.01875 0.021875
1 0.3515625 0.6203125 0.0671875 0.184375
0 0.35625 0.5421875 0.021875 0.025
1 0.3 0.6140625 0.0703125 0.1921875
0 0.3140625 0.534375 0.01875 0.025
1 0.096875 0.659375 0.1921875 0.340625
0 0.0953125 0.54375 0.0921875 0.1125