1 0.437645 0.211923 0.080558 0.099231
1 0.815259 0.224231 0.062742 0.070000
1 0.382262 0.272692 0.041053 0.050000
1 0.158404 0.259615 0.041053 0.048462
1 0.206816 0.249231 0.037180 0.047692
1 0.023625 0.225769 0.034857 0.040769
1 0.082494 0.228462 0.033308 0.032308
1 0.271108 0.227692 0.021689 0.026154
1 0.570488 0.233846 0.036406 0.049231
1 0.496514 0.224231 0.029435 0.039231
1 0.392719 0.218462 0.021689 0.024615
1 0.863672 0.231154 0.040279 0.043846
1 0.918280 0.234615 0.027111 0.033846
1 0.681642 0.205000 0.027885 0.033077
1 0.519752 0.205769 0.017041 0.019231
1 0.530984 0.207308 0.011619 0.016154
1 0.764136 0.207692 0.010070 0.012308
1 0.728505 0.201154 0.019365 0.023846
1 0.743222 0.198462 0.024012 0.024615
1 0.633617 0.213077 0.013943 0.016923
1 0.604957 0.225769 0.020139 0.030000
1 0.669249 0.206154 0.017041 0.020000
1 0.660728 0.200385 0.010844 0.011538
1 0.783501 0.202308 0.010070 0.010769
1 0.905887 0.195000 0.016266 0.019231
1 0.839659 0.200000 0.018590 0.020000
1 0.850503 0.200385 0.015492 0.019231
1 0.895043 0.200769 0.010070 0.012308
1 0.622386 0.201923 0.011619 0.011538
1 0.159566 0.230000 0.018590 0.021538
