1 0.084375 0.528125 0.1296875 0.3921875
1 0.1890625 0.5453125 0.1109375 0.3375
1 0.2765625 0.54375 0.1125 0.3046875
1 0.325 0.5265625 0.090625 0.2953125
1 0.3734375 0.53125 0.0671875 0.275
1 0.4390625 0.534375 0.075 0.2640625
1 0.5078125 0.534375 0.0671875 0.2546875
1 0.56875 0.534375 0.075 0.2890625
1 0.6421875 0.5296875 0.0890625 0.2921875
1 0.7078125 0.5234375 0.06875 0.259375
1 0.7609375 0.528125 0.0921875 0.2984375
1 0.81875 0.5328125 0.0921875 0.2921875
1 0.8828125 0.528125 0.09375 0.340625
1 0.9328125 0.5328125 0.0984375 0.3890625
1 0.8390625 0.6140625 0.140625 0.2734375
1 0.759375 0.6125 0.128125 0.225
1 0.684375 0.6 0.109375 0.2109375
1 0.6109375 0.590625 0.0828125 0.1953125
1 0.534375 0.5921875 0.0828125 0.2140625
1 0.4578125 0.5984375 0.0765625 0.196875
1 0.375 0.5828125 0.0859375 0.2140625
1 0.2921875 0.5984375 0.0859375 0.234375
1 0.196875 0.60625 0.1 0.2375
1 0.11875 0.6140625 0.1109375 0.24375
