1 0.0421875 0.671875 0.0828125 0.3328125
1 0.0859375 0.678125 0.16875 0.3890625
1 0.3078125 0.65625 0.2109375 0.43125
1 0.4625 0.515625 0.09375 0.3671875
1 0.4765625 0.6640625 0.0578125 0.121875
1 0.5234375 0.640625 0.096875 0.165625
1 0.5921875 0.6453125 0.075 0.1421875
1 0.6 0.63125 0.0546875 0.16875
1 0.6625 0.6171875 0.0515625 0.134375
1 0.6859375 0.615625 0.046875 0.15625
1 0.6765625 0.646875 0.09375 0.1515625
1 0.734375 0.65 0.103125 0.290625
1 0.809375 0.6078125 0.071875 0.196875
1 0.8140625 0.6546875 0.1140625 0.3359375
1 0.859375 0.6046875 0.040625 0.171875
1 0.9265625 0.68125 0.1265625 0.3828125
1 0.9796875 0.6234375 0.0328125 0.1015625
