1 0.5296875 0.61875 0.4265625 0.5046875
0 0.6328125 0.4359375 0.096875 0.1234375
1 0.5046875 0.6265625 0.3921875 0.4921875
0 0.471875 0.4578125 0.1015625 0.1328125
1 0.2671875 0.6359375 0.3640625 0.4734375
0 0.271875 0.4796875 0.109375 0.1453125
1 0.253125 0.6390625 0.5046875 0.465625
0 0.271875 0.4796875 0.1140625 0.1484375
1 0.0625 0.5078125 0.121875 0.3765625
0 0.0625 0.36875 0.0640625 0.0765625
1 0.253125 0.5234375 0.165625 0.359375
0 0.2609375 0.390625 0.0640625 0.0796875
1 0.371875 0.53125 0.1421875 0.3671875
0 0.3796875 0.4046875 0.0875 0.0984375