1 0.3375 0.68125 0.06875 0.2453125
0 0.3390625 0.578125 0.0234375 0.03125
1 0.421875 0.671875 0.08125 0.259375
0 0.421875 0.5625 0.0265625 0.0375
1 0.5046875 0.6703125 0.0796875 0.2625
0 0.50625 0.5578125 0.028125 0.0359375
1 0.59375 0.665625 0.084375 0.2671875
0 0.5921875 0.553125 0.0265625 0.0390625
1 0.684375 0.6765625 0.078125 0.2453125
0 0.68125 0.5734375 0.0296875 0.0359375
1 0.778125 0.675 0.0875 0.2515625
0 0.778125 0.5703125 0.028125 0.0359375
1 0.8546875 0.6734375 0.0796875 0.25
0 0.859375 0.571875 0.0265625 0.0359375
1 0.95 0.675 0.0828125 0.2484375
0 0.95 0.56875 0.028125 0.034375
1 0.071875 0.65625 0.1046875 0.3484375
0 0.0765625 0.5375 0.075 0.0875
1 0.08125 0.6625 0.1140625 0.334375
0 0.0796875 0.540625 0.075 0.0828125
1 0.109375 0.6671875 0.0984375 0.328125
0 0.1171875 0.546875 0.05 0.071875
1 0.140625 0.6859375 0.1015625 0.290625
0 0.1359375 0.5828125 0.0609375 0.078125
1 0.0234375 0.6421875 0.0453125 0.3765625
0 0.0234375 0.509375 0.0453125 0.1015625