1 0.246875 0.5640625 0.171875 0.48125
0 0.25625 0.3625 0.059375 0.0640625
1 0.2984375 0.6171875 0.14375 0.478125
0 0.3203125 0.415625 0.059375 0.06875
1 0.446875 0.628125 0.175 0.4234375
0 0.471875 0.465625 0.05 0.0640625
1 0.39375 0.5671875 0.10625 0.3921875
0 0.4 0.403125 0.04375 0.059375
1 0.440625 0.5125 0.1125 0.359375
0 0.440625 0.3671875 0.04375 0.046875
1 0.5171875 0.5453125 0.125 0.428125
0 0.528125 0.3625 0.04375 0.0578125
1 0.621875 0.59375 0.1515625 0.48125
0 0.6265625 0.396875 0.0515625 0.0640625
1 0.68125 0.5796875 0.13125 0.403125
0 0.6828125 0.40625 0.04375 0.053125
1 0.75625 0.60625 0.153125 0.425
0 0.7703125 0.428125 0.053125 0.0625