1 0.2109375 0.4578125 0.153125 0.5265625
0 0.2125 0.2359375 0.05625 0.075
1 0.3140625 0.4640625 0.146875 0.4703125
0 0.3078125 0.26875 0.0515625 0.0625
1 0.3828125 0.56875 0.153125 0.4328125
0 0.390625 0.3984375 0.0640625 0.08125
1 0.525 0.5015625 0.2359375 0.671875
0 0.5375 0.2140625 0.065625 0.08125
1 0.746875 0.53125 0.25 0.6515625
0 0.721875 0.2609375 0.0796875 0.0953125
1 0.878125 0.509375 0.1703125 0.5421875
0 0.8875 0.28125 0.0640625 0.071875
1 0.684375 0.465625 0.178125 0.5828125
0 0.690625 0.228125 0.078125 0.084375
1 0.5171875 0.45 0.2265625 0.5390625
0 0.5375 0.2140625 0.065625 0.0828125
1 0.859375 0.4421875 0.1515625 0.4203125
0 0.8703125 0.271875 0.0546875 0.075
1 0.815625 0.3046875 0.05625 0.1421875
0 0.809375 0.246875 0.021875 0.025
1 0.7703125 0.3078125 0.0515625 0.140625
0 0.771875 0.253125 0.01875 0.025
1 0.6296875 0.290625 0.04375 0.128125
0 0.634375 0.2359375 0.015625 0.015625