1 0.9765625 0.5078125 0.040625 0.1578125
1 0.8484375 0.546875 0.0875 0.2171875
1 0.8203125 0.465625 0.0203125 0.053125
1 0.7921875 0.471875 0.0203125 0.05625
1 0.7625 0.475 0.0421875 0.0765625
1 0.7421875 0.55 0.0796875 0.2359375
1 0.69375 0.60625 0.16875 0.396875
1 0.609375 0.46875 0.015625 0.034375
1 0.59375 0.4703125 0.01875 0.0390625
1 0.575 0.48125 0.025 0.0625
1 0.5546875 0.478125 0.0171875 0.065625
1 0.5453125 0.5578125 0.0875 0.2234375
1 0.5 0.5359375 0.059375 0.16875
1 0.4546875 0.5578125 0.0828125 0.2328125
1 0.4203125 0.4828125 0.0296875 0.0828125
1 0.3171875 0.546875 0.075 0.2203125
1 0.221875 0.50625 0.040625 0.1046875
1 0.2375 0.4828125 0.0171875 0.0546875
1 0.25 0.4921875 0.0140625 0.0390625
1 0.265625 0.4828125 0.0171875 0.0390625
1 0.175 0.4875 0.0203125 0.053125
1 0.190625 0.48125 0.0171875 0.05
1 0.1375 0.5125 0.0421875 0.1140625
1 0.090625 0.4890625 0.0234375 0.0546875
1 0.065625 0.490625 0.0296875 0.0609375
1 0.3625 0.4796875 0.0203125 0.0515625
1 0.375 0.4796875 0.0203125 0.05
1 0.38125 0.475 0.0125 0.0484375
1 0.396875 0.4703125 0.0109375 0.0296875
1 0.4046875 0.46875 0.009375 0.028125
1 0.1015625 0.4859375 0.0171875 0.05
1 0.1125 0.490625 0.0171875 0.053125
1 0.121875 0.4890625 0.0203125 0.05625
