1 0.5125 0.7703125 0.0390625 0.1
1 0.5625 0.7625 0.034375 0.075
1 0.553125 0.7421875 0.034375 0.0890625
1 0.51875 0.7390625 0.0421875 0.0875
1 0.5734375 0.709375 0.0359375 0.0890625
1 0.628125 0.709375 0.0390625 0.0953125
1 0.675 0.721875 0.0375 0.1015625
1 0.709375 0.68125 0.046875 0.08125
1 0.65 0.68125 0.0359375 0.078125
1 0.3203125 0.821875 0.0546875 0.0953125
1 0.3546875 0.809375 0.0421875 0.1078125
1 0.3453125 0.778125 0.0390625 0.075
1 0.33125 0.7625 0.0390625 0.08125
1 0.28125 0.7390625 0.0390625 0.0828125
1 0.315625 0.7328125 0.0375 0.0890625
1 0.35 0.7125 0.040625 0.084375
1 0.3890625 0.7046875 0.0421875 0.0921875
1 0.25 0.7296875 0.03125 0.084375
1 0.2640625 0.7109375 0.0375 0.08125
1 0.503125 0.6375 0.0265625 0.071875
1 0.559375 0.6515625 0.0296875 0.075
1 0.384375 0.6765625 0.046875 0.0890625
1 0.43125 0.6640625 0.028125 0.0765625
1 0.309375 0.69375 0.0328125 0.075
1 0.3046875 0.6875 0.028125 0.084375
1 0.34375 0.65625 0.0421875 0.0796875
1 0.3375 0.65 0.0375 0.065625
1 0.4203125 0.6546875 0.028125 0.0734375
1 0.403125 0.6546875 0.0203125 0.06875
1 0.45 0.64375 0.0296875 0.075
1 0.3015625 0.609375 0.0265625 0.0578125
1 0.3203125 0.60625 0.0203125 0.0609375
1 0.6265625 0.6640625 0.0515625 0.0765625
1 0.621875 0.653125 0.05 0.0828125
1 0.6140625 0.64375 0.0375 0.0921875
1 0.5828125 0.65 0.0328125 0.065625
1 0.721875 0.6125 0.0375 0.0640625
1 0.684375 0.5375 0.0265625 0.0421875
1 0.1203125 0.596875 0.028125 0.0796875
1 0.09375 0.6140625 0.028125 0.075
1 0.5796875 0.6 0.025 0.0609375
1 0.578125 0.5546875 0.021875 0.0515625
1 0.596875 0.55625 0.01875 0.059375
1 0.921875 0.775 0.046875 0.1296875
1 0.975 0.7296875 0.04375 0.1015625
