1 0.390625 0.6125 0.0421875 0.1203125
0 0.384375 0.5640625 0.015625 0.01875
1 0.4234375 0.59375 0.05 0.1484375
0 0.41875 0.5328125 0.0171875 0.0203125
1 0.4109375 0.5375 0.03125 0.0828125
0 0.4125 0.503125 0.0078125 0.009375
1 0.425 0.5125 0.0140625 0.0390625
0 0.425 0.496875 0.0046875 0.0046875
1 0.409375 0.5109375 0.0171875 0.0375
0 0.4109375 0.4953125 0.003125 0.003125
1 0.4296875 0.559375 0.0453125 0.1171875
0 0.43125 0.5109375 0.0140625 0.0171875
1 0.4546875 0.540625 0.0296875 0.08125
0 0.4515625 0.50625 0.009375 0.009375
1 0.4703125 0.53125 0.0140625 0.046875
0 0.471875 0.5140625 0.0046875 0.0046875
1 0.4796875 0.5421875 0.0265625 0.0859375
0 0.4796875 0.50625 0.0078125 0.0109375
1 0.496875 0.528125 0.0203125 0.059375
0 0.4953125 0.5046875 0.00625 0.00625
1 0.49375 0.5625 0.0375 0.1203125
0 0.4921875 0.5140625 0.0140625 0.0171875
1 0.5296875 0.5484375 0.0359375 0.10625
0 0.528125 0.5015625 0.0140625 0.0125
1 0.5421875 0.5359375 0.0234375 0.078125
0 0.5453125 0.5015625 0.0078125 0.0078125
1 0.5640625 0.5578125 0.0234375 0.065625
0 0.5640625 0.5328125 0.0109375 0.0125
1 0.5859375 0.5546875 0.0328125 0.10625
0 0.5875 0.5109375 0.0109375 0.0125
1 0.6109375 0.5546875 0.040625 0.103125
0 0.6078125 0.5109375 0.0125 0.0125
1 0.6265625 0.54375 0.0375 0.09375
0 0.621875 0.5046875 0.009375 0.0109375
1 0.646875 0.5421875 0.01875 0.0703125
0 0.646875 0.5140625 0.0078125 0.009375
1 0.375 0.534375 0.028125 0.071875
0 0.375 0.5046875 0.009375 0.009375
1 0.3421875 0.5421875 0.028125 0.0578125
0 0.340625 0.5171875 0.0078125 0.0078125
1 0.3328125 0.5328125 0.01875 0.0578125
0 0.334375 0.5078125 0.00625 0.0078125
1 0.3515625 0.525 0.025 0.059375
0 0.353125 0.4984375 0.00625 0.00625
1 0.3859375 0.5 0.0078125 0.0234375
0 0.3875 0.4921875 0.003125 0.0015625
1 0.359375 0.5171875 0.0140625 0.0453125
0 0.359375 0.4984375 0.0046875 0.0046875