1 0.265625 0.6640625 0.528125 0.3296875
0 0.178125 0.63125 0.221875 0.2125
1 0.225 0.6640625 0.4484375 0.3296875
0 0.275 0.5640625 0.146875 0.19375
1 0.4703125 0.6640625 0.3265625 0.3296875
0 0.4703125 0.553125 0.109375 0.15
1 0.7421875 0.6640625 0.4875 0.3296875
0 0.70625 0.55 0.128125 0.171875
1 0.8078125 0.6640625 0.3796875 0.3296875
0 0.8875 0.6421875 0.165625 0.2015625
1 0.6828125 0.415625 0.15 0.3828125
0 0.7046875 0.2609375 0.040625 0.05
1 0.4953125 0.5125 0.3546875 0.63125
0 0.5140625 0.234375 0.09375 0.1359375
1 0.3734375 0.384375 0.140625 0.434375
0 0.378125 0.2078125 0.046875 0.0578125