1 0.759375 0.634375 0.25625 0.3890625
1 0.8734375 0.5609375 0.159375 0.3671875
1 0.7828125 0.5046875 0.0890625 0.259375
1 0.7140625 0.60625 0.1921875 0.446875
1 0.3890625 0.63125 0.3921875 0.396875
1 0.434375 0.596875 0.1796875 0.3578125
1 0.6515625 0.55 0.159375 0.3578125
1 0.6046875 0.515625 0.13125 0.2890625
1 0.5390625 0.4484375 0.10625 0.3234375
1 0.609375 0.4375 0.1015625 0.278125
1 0.3625 0.4734375 0.1515625 0.415625
1 0.440625 0.4328125 0.09375 0.290625
1 0.471875 0.440625 0.0921875 0.275
1 0.275 0.4546875 0.1171875 0.3640625
1 0.1953125 0.4578125 0.1046875 0.3421875
1 0.1421875 0.45 0.0765625 0.2796875
