1 0.2359375 0.6953125 0.2 0.265625
1 0.403125 0.6484375 0.3140625 0.359375
1 0.459375 0.6875 0.2578125 0.284375
1 0.709375 0.6359375 0.28125 0.384375
1 0.60625 0.684375 0.2203125 0.290625
1 0.834375 0.6234375 0.1578125 0.4109375
1 0.9375 0.6109375 0.11875 0.434375
1 0.9015625 0.6203125 0.14375 0.415625
1 0.8078125 0.45625 0.128125 0.3234375
1 0.709375 0.60625 0.1578125 0.440625
1 0.64375 0.584375 0.1328125 0.434375
1 0.5625 0.6015625 0.1734375 0.4546875
1 0.38125 0.6125 0.16875 0.4328125
1 0.4578125 0.6109375 0.13125 0.43125
1 0.496875 0.5 0.115625 0.3359375
1 0.5375 0.49375 0.109375 0.3234375
1 0.3921875 0.54375 0.134375 0.434375
1 0.4515625 0.4328125 0.0671875 0.284375
1 0.3875 0.46875 0.1234375 0.3390625
1 0.2890625 0.5421875 0.1203125 0.3546875
1 0.2546875 0.5203125 0.1078125 0.353125
1 0.2203125 0.5109375 0.1140625 0.371875
1 0.0984375 0.509375 0.103125 0.4015625
1 0.0921875 0.5 0.090625 0.378125
1 0.05 0.4734375 0.0734375 0.35
1 0.1875 0.478125 0.084375 0.359375
1 0.0828125 0.484375 0.0875 0.3609375
1 0.234375 0.425 0.084375 0.2984375
1 0.1375 0.45625 0.06875 0.3109375
1 0.29375 0.4578125 0.075 0.3140625
1 0.328125 0.4546875 0.0640625 0.3140625
