1 0.1703125 0.64375 0.0953125 0.271875
1 0.053125 0.615625 0.071875 0.0625
1 0.0390625 0.6109375 0.053125 0.0609375
1 0.1078125 0.625 0.0328125 0.053125
1 0.0640625 0.540625 0.03125 0.03125
1 0.0796875 0.5390625 0.021875 0.0296875
1 0.096875 0.478125 0.01875 0.0421875
1 0.071875 0.4671875 0.015625 0.021875
1 0.1421875 0.4765625 0.0234375 0.04375
1 0.1359375 0.4703125 0.0140625 0.0328125
1 0.2484375 0.5203125 0.0203125 0.025
1 0.2578125 0.5390625 0.028125 0.0546875
1 0.359375 0.6328125 0.040625 0.0578125
1 0.3484375 0.634375 0.0375 0.0609375
1 0.43125 0.6046875 0.0296875 0.0421875
1 0.4625 0.6046875 0.03125 0.0421875
1 0.63125 0.628125 0.040625 0.1234375
1 0.678125 0.6109375 0.06875 0.1890625
1 0.7375 0.61875 0.0484375 0.14375
1 0.7921875 0.6140625 0.0859375 0.1953125
1 0.9078125 0.625 0.05625 0.1046875
1 0.953125 0.59375 0.0578125 0.053125
1 0.9828125 0.5875 0.0265625 0.053125
1 0.9796875 0.584375 0.021875 0.0234375
1 0.9578125 0.5734375 0.01875 0.04375
1 0.709375 0.5515625 0.01875 0.0203125
1 0.696875 0.5453125 0.0140625 0.0234375
1 0.7109375 0.528125 0.0140625 0.0265625
1 0.2953125 0.590625 0.0296875 0.0890625
1 0.325 0.590625 0.025 0.0890625
1 0.34375 0.5875 0.021875 0.0859375
1 0.871875 0.5921875 0.0421875 0.040625
1 0.8265625 0.603125 0.01875 0.040625
1 0.35 0.534375 0.0171875 0.0265625
1 0.3671875 0.5375 0.0140625 0.0234375
1 0.384375 0.5375 0.0171875 0.0296875
1 0.4 0.540625 0.01875 0.0234375
1 0.384375 0.5609375 0.0296875 0.0296875
1 0.4140625 0.5578125 0.021875 0.04375
1 0.4296875 0.525 0.01875 0.0203125
1 0.4109375 0.521875 0.0140625 0.0234375
1 0.375 0.5109375 0.0140625 0.0203125
1 0.5125 0.5203125 0.0171875 0.0203125
1 0.4953125 0.515625 0.0140625 0.0203125
1 0.2890625 0.54375 0.021875 0.034375
1 0.35625 0.5671875 0.0171875 0.040625
1 0.3515625 0.5796875 0.0265625 0.0703125
1 0.3640625 0.5734375 0.021875 0.0375
1 0.5265625 0.55625 0.021875 0.040625
1 0.5328125 0.553125 0.0171875 0.040625
1 0.5453125 0.5546875 0.0171875 0.034375
1 0.4046875 0.515625 0.03125 0.0265625
