1 0.0203125 0.50625 0.0375 0.121875
1 0.05625 0.5078125 0.0625 0.1234375
1 0.10625 0.509375 0.04375 0.0890625
1 0.1421875 0.5046875 0.03125 0.090625
1 0.1421875 0.4921875 0.03125 0.0828125
1 0.165625 0.5078125 0.0203125 0.0765625
1 0.2046875 0.5484375 0.0921875 0.153125
1 0.26875 0.5453125 0.053125 0.1359375
1 0.3078125 0.540625 0.0421875 0.1359375
1 0.3421875 0.521875 0.0296875 0.078125
1 0.365625 0.5328125 0.05 0.1046875
1 0.4140625 0.5328125 0.0515625 0.1015625
1 0.48125 0.5140625 0.0203125 0.0578125
1 0.46875 0.509375 0.015625 0.040625
1 0.5203125 0.5109375 0.0171875 0.046875
1 0.534375 0.50625 0.009375 0.025
1 0.5609375 0.5390625 0.06875 0.11875
1 0.5890625 0.51875 0.0203125 0.059375
1 0.596875 0.5203125 0.0296875 0.0640625
1 0.6359375 0.540625 0.06875 0.11875
1 0.696875 0.5140625 0.0125 0.03125
1 0.7265625 0.5171875 0.009375 0.0328125
1 0.75625 0.5171875 0.0125 0.0328125
1 0.7546875 0.5875 0.0828125 0.175
1 0.784375 0.58125 0.0703125 0.09375
1 0.85625 0.59375 0.0921875 0.1140625
1 0.8046875 0.5234375 0.021875 0.0453125
1 0.8171875 0.5234375 0.0171875 0.0390625
1 0.8125 0.5171875 0.0140625 0.0390625
1 0.8453125 0.5265625 0.01875 0.046875
1 0.8625 0.528125 0.0265625 0.0421875
1 0.9140625 0.5265625 0.0171875 0.046875
