1 0.9296875 0.646875 0.134375 0.4171875
1 0.0640625 0.6109375 0.125 0.4890625
1 0.0640625 0.440625 0.1265625 0.4140625
1 0.1390625 0.446875 0.10625 0.353125
1 0.2125 0.625 0.171875 0.4609375
1 0.159375 0.603125 0.1453125 0.3796875
1 0.2 0.3796875 0.0921875 0.3109375
1 0.2671875 0.4203125 0.1 0.3359375
1 0.2640625 0.6171875 0.175 0.4765625
1 0.3875 0.5546875 0.1328125 0.6015625
1 0.5171875 0.6421875 0.146875 0.425
1 0.640625 0.625 0.146875 0.459375
1 0.59375 0.603125 0.084375 0.4140625
1 0.73125 0.6203125 0.1734375 0.46875
1 0.85 0.6265625 0.1 0.45625
1 0.753125 0.415625 0.1109375 0.3796875
1 0.6859375 0.41875 0.090625 0.29375
1 0.871875 0.5828125 0.11875 0.4546875
1 0.9390625 0.4125 0.115625 0.44375
1 0.8484375 0.4390625 0.10625 0.3234375
1 0.509375 0.6046875 0.171875 0.49375
1 0.884375 0.6265625 0.1734375 0.45625
1 0.85625 0.409375 0.0921875 0.31875
1 0.5484375 0.4296875 0.0921875 0.315625
1 0.496875 0.446875 0.0796875 0.2890625
1 0.446875 0.440625 0.103125 0.30625
1 0.6203125 0.453125 0.0859375 0.325
1 0.615625 0.4203125 0.10625 0.334375
1 0.659375 0.3890625 0.0984375 0.321875
1 0.8171875 0.4 0.1 0.3140625
1 0.3234375 0.39375 0.084375 0.3640625
1 0.3765625 0.378125 0.0890625 0.3015625
1 0.2453125 0.3796875 0.0859375 0.278125
1 0.496875 0.396875 0.071875 0.2453125
1 0.58125 0.5109375 0.0984375 0.334375
