1 0.9578125 0.7546875 0.0796875 0.234375
1 0.9421875 0.7515625 0.1046875 0.240625
1 0.3671875 0.6875 0.015625 0.040625
1 0.3484375 0.690625 0.0140625 0.040625
1 0.296875 0.6953125 0.0171875 0.046875
1 0.315625 0.6953125 0.015625 0.04375
1 0.309375 0.6953125 0.0125 0.046875
1 0.2671875 0.6890625 0.0125 0.0375
1 0.2625 0.6875 0.0125 0.0375
1 0.09375 0.7046875 0.0203125 0.059375
1 0.084375 0.7078125 0.01875 0.0546875
1 0.5421875 0.675 0.0109375 0.0265625
1 0.5640625 0.6765625 0.0109375 0.0296875
1 0.6125 0.6734375 0.0078125 0.0234375
1 0.55625 0.6765625 0.0078125 0.025
