1 0.9703125 0.6765625 0.05625 0.2046875
1 0.7171875 0.6875 0.084375 0.1828125
1 0.6 0.671875 0.134375 0.2140625
1 0.5546875 0.665625 0.0625 0.1546875
1 0.484375 0.675 0.084375 0.20625
1 0.4171875 0.678125 0.0859375 0.203125
1 0.2796875 0.6859375 0.1421875 0.184375
1 0.1359375 0.6734375 0.2046875 0.2109375
1 0.159375 0.621875 0.0578125 0.15
1 0.321875 0.6125 0.0421875 0.0890625
1 0.3421875 0.615625 0.034375 0.084375
1 0.4125 0.615625 0.040625 0.090625
1 0.5140625 0.615625 0.021875 0.065625
1 0.5265625 0.6140625 0.021875 0.0671875
1 0.5421875 0.6078125 0.021875 0.0625
1 0.659375 0.615625 0.0296875 0.071875
1 0.6890625 0.609375 0.0265625 0.0734375
1 0.70625 0.6125 0.0265625 0.0734375
1 0.7296875 0.61875 0.034375 0.0796875
1 0.784375 0.6296875 0.0390625 0.0859375
1 0.86875 0.634375 0.0421875 0.1078125
1 0.35 0.6171875 0.015625 0.075
