1 0.084375 0.546875 0.0921875 0.259375
0 0.075 0.440625 0.0375 0.0390625
1 0.1078125 0.53125 0.0640625 0.225
0 0.10625 0.4390625 0.028125 0.03125
1 0.1734375 0.553125 0.1015625 0.259375
0 0.184375 0.4484375 0.0390625 0.0390625
1 0.2359375 0.64375 0.2234375 0.45625
0 0.246875 0.453125 0.0703125 0.06875
1 0 0.125 0 0
0 0.5140625 0.4546875 0.0515625 0.0578125
1 0.5328125 0.6125 0.1484375 0.353125
0 0.5296875 0.4625 0.05 0.0578125
1 0.4125 0.5359375 0.0703125 0.2453125
0 0.4125 0.4328125 0.0265625 0.03125
1 0.3421875 0.4984375 0.05 0.1625
0 0.35 0.43125 0.0171875 0.021875
1 0.8484375 0.5484375 0.0765625 0.259375
0 0.85625 0.4421875 0.0359375 0.0359375
1 0.7546875 0.5125 0.06875 0.1703125
0 0.765625 0.4421875 0.0203125 0.0203125
1 0.815625 0.540625 0.065625 0.2171875
0 0.8328125 0.45 0.0296875 0.0296875
1 0.6140625 0.509375 0.0375 0.178125
0 0.615625 0.4328125 0.0234375 0.021875
1 0.5796875 0.51875 0.0625 0.209375
0 0.5828125 0.43125 0.0234375 0.03125