1 0.6890625 0.7671875 0.10625 0.321875
1 0.7828125 0.69375 0.08125 0.184375
1 0.5828125 0.70625 0.0546875 0.1453125
1 0.5453125 0.7328125 0.0375 0.05
1 0.4296875 0.715625 0.0484375 0.1625
1 0.3671875 0.7234375 0.065625 0.1875
1 0.3421875 0.7375 0.059375 0.1828125
1 0.25 0.7484375 0.071875 0.215625
1 0.1796875 0.79375 0.046875 0.33125
1 0.6171875 0.65625 0.028125 0.0796875
1 0.609375 0.6546875 0.025 0.0734375
1 0.6484375 0.64375 0.01875 0.0515625
1 0.659375 0.6484375 0.021875 0.0515625
1 0.7875 0.6390625 0.034375 0.06875
1 0.7484375 0.6546875 0.0296875 0.0671875
1 0.734375 0.6515625 0.0203125 0.0671875
1 0.75625 0.646875 0.0203125 0.059375
1 0.675 0.6390625 0.015625 0.0484375
1 0.4546875 0.640625 0.009375 0.0234375
1 0.5890625 0.6484375 0.0140625 0.0359375
