1 0.1890625 0.6625 0.084375 0.1140625
0 0.165625 0.621875 0.021875 0.0234375
1 0.246875 0.6671875 0.05625 0.0859375
0 0.2390625 0.634375 0.0171875 0.015625
1 0.2875 0.6640625 0.06875 0.090625
0 0.2890625 0.6359375 0.01875 0.01875
1 0.334375 0.6671875 0.0625 0.078125
0 0.328125 0.640625 0.0171875 0.01875
1 0.33125 0.6578125 0.046875 0.08125
0 0.3265625 0.6296875 0.015625 0.0171875
1 0.3671875 0.6609375 0.05625 0.08125
0 0.3640625 0.63125 0.0171875 0.015625
1 0.4 0.6546875 0.0546875 0.078125
0 0.3921875 0.628125 0.0140625 0.0171875
1 0.4125 0.646875 0.0421875 0.06875
0 0.40625 0.6234375 0.0140625 0.015625
1 0.434375 0.6453125 0.046875 0.0734375
0 0.434375 0.621875 0.015625 0.0109375