1 0.146875 0.5515625 0.24375 0.4578125
1 0.328125 0.565625 0.2078125 0.509375
1 0.4890625 0.603125 0.2640625 0.4328125
1 0.53125 0.5078125 0.1953125 0.390625
1 0.7015625 0.5234375 0.215625 0.41875
1 0.8765625 0.5296875 0.2375 0.409375
1 0.128125 0.403125 0.159375 0.2375
1 0.20625 0.4203125 0.1625 0.2546875
1 0.3421875 0.4078125 0.1671875 0.3234375
1 0.33125 0.3109375 0.15625 0.2234375
1 0.4046875 0.3234375 0.1125 0.2421875
1 0.528125 0.3921875 0.159375 0.3078125
1 0.6671875 0.3953125 0.146875 0.2953125
1 0.925 0.359375 0.140625 0.2515625
1 0.86875 0.328125 0.121875 0.259375
1 0.8015625 0.4015625 0.196875 0.25625
1 0.7953125 0.3234375 0.1359375 0.1859375
1 0.8140625 0.275 0.0984375 0.1625
1 0.9625 0.240625 0.0671875 0.14375
1 0.6625 0.3203125 0.1625 0.225
1 0.475 0.3625 0.10625 0.2078125
