1 0.15625 0.56875 0.2 0.4703125
0 0.15625 0.371875 0.0671875 0.06875
1 0.253125 0.5328125 0.10625 0.390625
0 0.2640625 0.365625 0.046875 0.053125
1 0.40625 0.521875 0.1296875 0.35
0 0.421875 0.3859375 0.04375 0.046875
1 0.5171875 0.546875 0.175 0.3859375
0 0.5 0.3859375 0.046875 0.053125
1 0.6828125 0.5296875 0.128125 0.3234375
0 0.6875 0.3921875 0.0421875 0.0421875
1 0.796875 0.528125 0.1234375 0.2796875
0 0.7984375 0.4125 0.034375 0.040625
1 0.921875 0.5234375 0.1375 0.2921875
0 0.9328125 0.3984375 0.0390625 0.0390625
1 0.9296875 0.5 0.1046875 0.275
0 0.9328125 0.3875 0.03125 0.03125