1 0.0421875 0.6421875 0.08125 0.5703125
0 0.0203125 0.409375 0.0375 0.09375
1 0.1609375 0.53125 0.2640625 0.6453125
0 0.2 0.31875 0.1515625 0.1984375
1 0.31875 0.6890625 0.5875 0.4765625
0 0.428125 0.3125 0.2 0.2109375
1 0.7328125 0.7078125 0.528125 0.4375
0 0.7375 0.3859375 0.2015625 0.23125
1 0.959375 0.625 0.075 0.4375
0 0.9859375 0.4421875 0.021875 0.05625
1 0.9171875 0.565625 0.1234375 0.315625
0 0.9171875 0.45 0.05 0.053125
1 0.6328125 0.665625 0.2984375 0.521875
0 0.646875 0.3953125 0.103125 0.14375