1 0.05625 0.575 0.0625 0.178125
1 0.1078125 0.58125 0.0515625 0.16875
1 0.1296875 0.58125 0.05625 0.171875
1 0.1671875 0.5828125 0.0515625 0.171875
1 0.203125 0.5859375 0.05625 0.16875
1 0.23125 0.603125 0.06875 0.153125
1 0.2859375 0.6 0.0484375 0.1484375
1 0.3359375 0.6 0.0546875 0.1515625
1 0.3828125 0.603125 0.0515625 0.1453125
1 0.434375 0.603125 0.053125 0.14375
1 0.4875 0.603125 0.0546875 0.1453125
1 0.5375 0.6015625 0.0578125 0.15
1 0.5828125 0.603125 0.0546875 0.1484375
1 0.634375 0.60625 0.05625 0.1484375
1 0.684375 0.609375 0.0703125 0.1578125
1 0.734375 0.6078125 0.0625 0.1546875
1 0.7734375 0.59375 0.046875 0.16875
1 0.8015625 0.5890625 0.0390625 0.16875
1 0.8296875 0.584375 0.040625 0.1671875
1 0.8609375 0.59375 0.0515625 0.1703125
1 0.878125 0.5828125 0.0515625 0.1734375
1 0.915625 0.5875 0.0609375 0.1828125
1 0.096875 0.56875 0.046875 0.1671875
1 0.184375 0.5703125 0.059375 0.184375
1 0.2296875 0.5765625 0.05 0.1734375
1 0.2671875 0.5734375 0.05 0.1765625
1 0.3015625 0.575 0.04375 0.1734375
1 0.3328125 0.571875 0.04375 0.1765625
1 0.35 0.5796875 0.0375 0.1609375
1 0.384375 0.5703125 0.0484375 0.1796875
1 0.4234375 0.565625 0.0484375 0.1875
1 0.4578125 0.571875 0.0546875 0.1734375
1 0.4890625 0.56875 0.0515625 0.18125
1 0.528125 0.565625 0.0609375 0.184375
1 0.55625 0.5734375 0.0453125 0.171875
1 0.5921875 0.5734375 0.04375 0.16875
1 0.628125 0.575 0.0453125 0.165625
1 0.6609375 0.5734375 0.0453125 0.1671875
1 0.7015625 0.571875 0.053125 0.171875
1 0.7390625 0.5765625 0.0515625 0.1671875
1 0.796875 0.5390625 0.0625 0.178125
1 0.1578125 0.5265625 0.05 0.1765625
1 0.1921875 0.5265625 0.0421875 0.175
1 0.2203125 0.53125 0.0484375 0.165625
1 0.2515625 0.528125 0.0421875 0.171875
1 0.2828125 0.528125 0.0390625 0.171875
1 0.2984375 0.53125 0.0421875 0.165625
1 0.315625 0.528125 0.0453125 0.171875
1 0.34375 0.5296875 0.0375 0.1671875
1 0.378125 0.528125 0.05 0.165625
1 0.3984375 0.528125 0.046875 0.1703125
1 0.4203125 0.528125 0.05 0.16875
1 0.4453125 0.5265625 0.0484375 0.1703125
1 0.4640625 0.5296875 0.0546875 0.165625
1 0.490625 0.5234375 0.04375 0.16875
1 0.5203125 0.525 0.0421875 0.1703125
1 0.55 0.5234375 0.046875 0.16875
1 0.575 0.5265625 0.046875 0.165625
1 0.603125 0.5265625 0.0453125 0.1609375
1 0.615625 0.5234375 0.05 0.171875
1 0.6390625 0.5265625 0.05 0.1640625
1 0.6578125 0.5265625 0.04375 0.165625
1 0.675 0.528125 0.046875 0.1609375
1 0.6921875 0.528125 0.046875 0.1609375
1 0.7125 0.5328125 0.0484375 0.1515625
1 0.7203125 0.528125 0.04375 0.1625
1 0.74375 0.53125 0.0546875 0.1546875
1 0.7640625 0.53125 0.0484375 0.15625
1 0.790625 0.56875 0.0515625 0.1609375
1 0.7546875 0.5859375 0.05 0.1546875
