1 0.0328125 0.5171875 0.065625 0.2296875
1 0.1109375 0.521875 0.0875 0.2421875
1 0.2453125 0.521875 0.09375 0.2546875
1 0.2890625 0.5 0.0765625 0.246875
1 0.3359375 0.503125 0.071875 0.2
1 0.4109375 0.49375 0.0890625 0.2390625
1 0.45 0.51875 0.0703125 0.2171875
1 0.4515625 0.5109375 0.090625 0.2234375
1 0.5125 0.5140625 0.0515625 0.2296875
1 0.5453125 0.5078125 0.075 0.2453125
1 0.58125 0.4953125 0.0625 0.2375
1 0.603125 0.50625 0.0609375 0.2046875
1 0.63125 0.5078125 0.1 0.2203125
1 0.684375 0.5 0.0875 0.240625
1 0.78125 0.525 0.09375 0.2359375
1 0.025 0.721875 0.05 0.1421875
1 0.046875 0.675 0.0734375 0.1265625
1 0.103125 0.7171875 0.0953125 0.1484375
1 0.0390625 0.778125 0.0765625 0.1046875
1 0.096875 0.765625 0.0890625 0.13125
1 0.1015625 0.790625 0.06875 0.08125
1 0.14375 0.6765625 0.0671875 0.1515625
1 0.2453125 0.79375 0.075 0.0765625
1 0.2078125 0.66875 0.071875 0.159375
1 0.1953125 0.7109375 0.071875 0.1640625
1 0.1875 0.7375 0.084375 0.1578125
1 0.2078125 0.759375 0.078125 0.1421875
1 0.1875 0.7625 0.1078125 0.1375
1 0.265625 0.6640625 0.065625 0.1234375
1 0.3234375 0.6390625 0.05 0.1015625
1 0.2796875 0.70625 0.0875 0.1859375
1 0.325 0.678125 0.046875 0.1265625
1 0.29375 0.753125 0.0875 0.1578125
1 0.296875 0.7765625 0.0875 0.109375
1 0.3546875 0.7078125 0.065625 0.15
1 0.39375 0.675 0.0578125 0.1265625
1 0.43125 0.6421875 0.0578125 0.1296875
1 0.378125 0.7765625 0.0859375 0.109375
1 0.4078125 0.765625 0.0734375 0.1328125
1 0.4234375 0.75 0.0828125 0.1640625
1 0.4171875 0.6953125 0.0640625 0.1421875
1 0.471875 0.6578125 0.078125 0.128125
1 0.4828125 0.634375 0.0546875 0.109375
1 0.5265625 0.6484375 0.0546875 0.1234375
1 0.5609375 0.653125 0.0421875 0.1203125
1 0.5953125 0.65 0.046875 0.1046875
1 0.60625 0.6125 0.05 0.103125
1 0.6390625 0.6359375 0.059375 0.1109375
1 0.6578125 0.61875 0.0453125 0.103125
1 0.471875 0.709375 0.071875 0.15625
1 0.528125 0.70625 0.0671875 0.1578125
1 0.5828125 0.66875 0.059375 0.125
1 0.6515625 0.6734375 0.0515625 0.1171875
1 0.6421875 0.70625 0.0671875 0.146875
1 0.571875 0.725 0.0890625 0.1421875
1 0.4796875 0.7765625 0.103125 0.1109375
1 0.553125 0.778125 0.0765625 0.10625
1 0.5609375 0.790625 0.084375 0.0796875
1 0.4640625 0.7640625 0.0953125 0.1359375
1 0.628125 0.778125 0.084375 0.1078125
1 0.684375 0.7640625 0.06875 0.1359375
1 0.7078125 0.796875 0.084375 0.06875
1 0.778125 0.7875 0.075 0.0890625
1 0.8234375 0.778125 0.0734375 0.1078125
1 0.8921875 0.7796875 0.071875 0.103125
1 0.70625 0.6296875 0.0640625 0.11875
1 0.7625 0.61875 0.05 0.1140625
1 0.709375 0.6578125 0.0609375 0.121875
1 0.753125 0.6625 0.0484375 0.115625
1 0.7265625 0.6890625 0.0796875 0.15
1 0.765625 0.759375 0.0765625 0.14375
1 0.821875 0.7359375 0.078125 0.15625
1 0.803125 0.6890625 0.0703125 0.128125
1 0.8171875 0.6546875 0.0609375 0.128125
1 0.8390625 0.6390625 0.05 0.1046875
1 0.865625 0.6828125 0.0640625 0.125
1 0.890625 0.6390625 0.0609375 0.11875
1 0.925 0.6796875 0.0765625 0.125
1 0.9640625 0.6703125 0.0671875 0.146875
1 0.909375 0.7328125 0.0609375 0.1390625
1 0.9546875 0.76875 0.0796875 0.1265625
1 0.9765625 0.7359375 0.04375 0.153125
