1 0.5546875 0.696875 0.0296875 0.06875
0 0.5578125 0.6703125 0.0078125 0.009375
1 0.49375 0.703125 0.0234375 0.065625
0 0.496875 0.675 0.00625 0.0078125
1 0.3734375 0.69375 0.034375 0.078125
0 0.3765625 0.6625 0.0125 0.0125
1 0.26875 0.690625 0.0265625 0.06875
0 0.2734375 0.6609375 0.009375 0.009375
1 0.1265625 0.69375 0.0234375 0.0734375
0 0.125 0.6640625 0.0109375 0.0109375
1 0.109375 0.69375 0.021875 0.0890625
0 0.10625 0.65625 0.0109375 0.0109375
1 0.0984375 0.6921875 0.0265625 0.0953125
0 0.0984375 0.6515625 0.0125 0.0125
1 0.084375 0.6921875 0.034375 0.09375
0 0.0796875 0.65625 0.015625 0.0171875
1 0.1515625 0.7 0.0453125 0.0921875
0 0.15 0.6640625 0.0140625 0.0125
1 0.2 0.6984375 0.053125 0.1046875
0 0.2015625 0.653125 0.0125 0.0125
1 0.2046875 0.6921875 0.03125 0.09375
0 0.2015625 0.653125 0.0125 0.0140625