1 0.923333 0.978333 0.037778 0.036667
1 0.983889 0.695833 0.023333 0.028333
1 0.955000 0.430833 0.010000 0.015000
1 0.855556 0.486667 0.011111 0.020000
1 0.878889 0.733333 0.024444 0.033333
1 0.688889 0.848333 0.022222 0.026667
1 0.654444 0.888333 0.026667 0.043333
1 0.712222 0.708333 0.017778 0.030000
1 0.628333 0.751667 0.016667 0.026667
1 0.575000 0.799167 0.016667 0.038333
1 0.392222 0.902500 0.022222 0.045000
1 0.476667 0.767500 0.015556 0.028333
1 0.413889 0.767500 0.014444 0.035000
1 0.693333 0.602500 0.013333 0.018333
1 0.582778 0.640833 0.014444 0.028333
1 0.555000 0.685833 0.014444 0.035000
1 0.362778 0.671667 0.014444 0.023333
1 0.266667 0.663333 0.015556 0.026667
1 0.192778 0.706667 0.018889 0.023333
1 0.167778 0.758333 0.022222 0.026667
1 0.185556 0.871667 0.024444 0.040000
1 0.136667 0.939167 0.031111 0.038333
1 0.128889 0.722500 0.022222 0.021667
1 0.104444 0.685000 0.022222 0.023333
1 0.162778 0.633333 0.018889 0.026667
1 0.015556 0.690833 0.020000 0.028333
1 0.010556 0.622500 0.018889 0.021667
1 0.072778 0.626667 0.016667 0.023333
1 0.087778 0.574167 0.015556 0.021667
1 0.082778 0.512500 0.012222 0.018333
1 0.212222 0.550000 0.011111 0.016667
1 0.187778 0.404167 0.006667 0.011667
1 0.164444 0.392500 0.006667 0.011667
1 0.172222 0.368333 0.008889 0.013333
1 0.131111 0.383333 0.006667 0.010000
1 0.120000 0.378333 0.006667 0.010000
1 0.087778 0.381667 0.006667 0.010000
1 0.027778 0.428333 0.008889 0.013333
1 0.007778 0.438333 0.008889 0.013333
1 0.147778 0.372500 0.006667 0.011667
1 0.253889 0.382500 0.010000 0.015000
1 0.320000 0.374167 0.006667 0.011667
1 0.366667 0.437500 0.006667 0.011667
1 0.348333 0.470000 0.007778 0.013333
1 0.333333 0.480000 0.008889 0.010000
1 0.314444 0.563333 0.015556 0.026667
1 0.296111 0.553333 0.014444 0.020000
1 0.382778 0.584167 0.014444 0.025000
1 0.421111 0.585833 0.013333 0.025000
1 0.462778 0.592500 0.012222 0.025000
1 0.410556 0.522500 0.010000 0.021667
1 0.432222 0.492500 0.011111 0.018333
1 0.456111 0.517500 0.010000 0.018333
1 0.469444 0.484167 0.010000 0.021667
1 0.408333 0.463333 0.010000 0.020000
1 0.437778 0.439167 0.011111 0.021667
1 0.524444 0.537500 0.011111 0.021667
1 0.563333 0.552500 0.011111 0.025000
1 0.618333 0.545833 0.012222 0.021667
1 0.605556 0.515833 0.013333 0.025000
1 0.555556 0.482500 0.011111 0.021667
1 0.530000 0.463333 0.011111 0.023333
1 0.562778 0.425000 0.010000 0.020000
1 0.530000 0.421667 0.011111 0.020000
1 0.500000 0.439167 0.011111 0.018333
1 0.471667 0.428333 0.010000 0.016667
1 0.430556 0.395000 0.010000 0.020000
1 0.472778 0.385000 0.012222 0.016667
1 0.454444 0.370833 0.011111 0.018333
1 0.425556 0.375833 0.013333 0.018333
1 0.520000 0.380833 0.011111 0.018333
1 0.542222 0.365000 0.011111 0.020000
1 0.561111 0.377500 0.011111 0.018333
1 0.560556 0.344167 0.010000 0.018333
1 0.510000 0.345833 0.008889 0.015000
1 0.473333 0.356667 0.011111 0.016667
1 0.425556 0.323333 0.008889 0.016667
1 0.462222 0.321667 0.008889 0.016667
1 0.483333 0.320833 0.008889 0.018333
1 0.537778 0.297500 0.011111 0.021667
1 0.510556 0.295833 0.007778 0.018333
1 0.517778 0.285833 0.008889 0.018333
1 0.484444 0.287500 0.008889 0.015000
1 0.491111 0.283333 0.006667 0.010000
1 0.456667 0.328333 0.022222 0.066667
1 0.430556 0.325833 0.025556 0.081667
1 0.453889 0.295833 0.007778 0.015000
1 0.473333 0.275000 0.006667 0.016667
1 0.570000 0.263333 0.008889 0.016667
1 0.443889 0.253333 0.010000 0.016667
1 0.448333 0.280000 0.012222 0.016667
1 0.420000 0.270833 0.011111 0.018333
1 0.418333 0.254167 0.010000 0.018333
1 0.418889 0.235000 0.008889 0.016667
1 0.398889 0.247500 0.008889 0.015000
1 0.393889 0.225833 0.010000 0.015000
1 0.385000 0.214167 0.007778 0.015000
1 0.377222 0.215000 0.010000 0.016667
1 0.367222 0.196667 0.007778 0.013333
1 0.351667 0.211667 0.010000 0.016667
1 0.360556 0.230833 0.014444 0.051667
1 0.343889 0.165000 0.010000 0.016667
1 0.336111 0.177500 0.010000 0.015000
1 0.318889 0.184167 0.008889 0.015000
1 0.326111 0.172500 0.007778 0.015000
1 0.233333 0.177500 0.006667 0.011667
1 0.242222 0.179167 0.008889 0.018333
1 0.259444 0.175000 0.010000 0.016667
1 0.271111 0.170000 0.008889 0.016667
1 0.281111 0.162500 0.008889 0.015000
1 0.305556 0.160000 0.011111 0.016667
1 0.216111 0.203333 0.023333 0.080000
1 0.209444 0.173333 0.010000 0.016667
1 0.178889 0.203333 0.028889 0.093333
1 0.149444 0.170000 0.010000 0.020000
1 0.146667 0.212500 0.037778 0.108333
1 0.093333 0.150000 0.015556 0.020000
1 0.073889 0.170833 0.014444 0.018333
1 0.023333 0.165833 0.015556 0.021667
1 0.023889 0.165000 0.018889 0.020000
1 0.011667 0.165833 0.014444 0.018333
1 0.433333 0.162500 0.006667 0.011667
1 0.452778 0.166667 0.007778 0.013333
1 0.497222 0.171667 0.007778 0.010000
1 0.535556 0.169167 0.008889 0.011667
1 0.566667 0.172500 0.006667 0.011667
1 0.591667 0.177500 0.005556 0.011667
1 0.623889 0.171667 0.005556 0.010000
1 0.628333 0.231667 0.014444 0.093333
1 0.640556 0.190000 0.010000 0.016667
1 0.656111 0.161667 0.007778 0.013333
1 0.665556 0.171667 0.006667 0.013333
1 0.705556 0.165833 0.006667 0.011667
1 0.773333 0.163333 0.011111 0.016667
1 0.722222 0.171667 0.008889 0.013333
1 0.840556 0.178333 0.010000 0.016667
1 0.855556 0.170833 0.013333 0.018333
1 0.882222 0.160833 0.011111 0.015000
1 0.896111 0.156667 0.010000 0.016667
1 0.935000 0.162500 0.016667 0.025000
1 0.934444 0.161667 0.015556 0.023333
1 0.972778 0.168333 0.012222 0.016667
1 0.982778 0.200833 0.034444 0.111667
1 0.665000 0.340833 0.005556 0.008333
1 0.681667 0.356667 0.007778 0.013333
1 0.690000 0.390833 0.022222 0.045000
1 0.603333 0.422500 0.006667 0.011667
1 0.635000 0.447500 0.007778 0.011667
1 0.651111 0.470000 0.008889 0.013333
1 0.762778 0.450833 0.012222 0.018333
