1 0.093125 0.490619 0.026250 0.046904
1 0.135000 0.506567 0.027500 0.045028
1 0.150625 0.450281 0.023750 0.041276
1 0.174375 0.473734 0.026250 0.046904
1 0.218750 0.439962 0.020000 0.035647
1 0.246875 0.481238 0.023750 0.046904
1 0.275000 0.465291 0.020000 0.037523
1 0.299375 0.472795 0.021250 0.041276
1 0.341875 0.454972 0.021250 0.035647
1 0.359375 0.470919 0.021250 0.037523
1 0.413125 0.448405 0.021250 0.037523
1 0.453125 0.475610 0.021250 0.039400
1 0.466250 0.449343 0.020000 0.039400
1 0.500625 0.441839 0.021250 0.035647
1 0.503750 0.469981 0.020000 0.039400
1 0.536875 0.462477 0.018750 0.039400
1 0.565000 0.469981 0.020000 0.035647
1 0.590000 0.469981 0.020000 0.039400
1 0.620625 0.465291 0.018750 0.033771
1 0.633750 0.490619 0.022500 0.046904
1 0.651875 0.466229 0.018750 0.039400
1 0.696875 0.474672 0.023750 0.041276
1 0.719375 0.439962 0.018750 0.035647
1 0.732500 0.457786 0.022500 0.045028
1 0.788750 0.455910 0.022500 0.037523
1 0.841250 0.445591 0.022500 0.043152
1 0.895000 0.462477 0.027500 0.046904
1 0.829375 0.591932 0.026250 0.046904
1 0.786875 0.579737 0.023750 0.041276
1 0.722500 0.548780 0.025000 0.043152
1 0.577500 0.591932 0.022500 0.043152
1 0.517500 0.597561 0.025000 0.043152
1 0.476875 0.590994 0.023750 0.045028
1 0.418750 0.560976 0.022500 0.048780
1 0.365625 0.614447 0.021250 0.043152
1 0.322500 0.583490 0.022500 0.045028
1 0.295000 0.605066 0.025000 0.043152
