1 0.1265625 0.6546875 0.2515625 0.415625
1 0.1859375 0.5734375 0.209375 0.503125
1 0.353125 0.5796875 0.2203125 0.5671875
1 0.1140625 0.525 0.203125 0.5671875
1 0.265625 0.5359375 0.175 0.546875
1 0.21875 0.3859375 0.109375 0.334375
1 0.309375 0.446875 0.128125 0.4359375
1 0.3640625 0.440625 0.15625 0.490625
1 0.471875 0.4859375 0.1453125 0.4125
1 0.5765625 0.4265625 0.1796875 0.4140625
1 0.6265625 0.4390625 0.11875 0.3609375
1 0.815625 0.5046875 0.2953125 0.5
1 0.521875 0.68125 0.5984375 0.365625
1 0.1453125 0.434375 0.15 0.3859375
