1 0.6296875 0.6859375 0.5171875 0.3734375
0 0.68125 0.5984375 0.1625 0.2078125
1 0.8171875 0.6859375 0.3609375 0.3734375
0 0.834375 0.6109375 0.1421875 0.190625
1 0.253125 0.6859375 0.3765625 0.3734375
0 0.2515625 0.753125 0.184375 0.2375
1 0.1421875 0.6859375 0.2828125 0.3734375
0 0.1 0.7125 0.1484375 0.1984375
1 0.18125 0.6671875 0.359375 0.4109375
0 0.2078125 0.540625 0.1109375 0.134375
1 0.3671875 0.6765625 0.2375 0.3921875
0 0.3640625 0.55625 0.109375 0.1421875
1 0.51875 0.6859375 0.3625 0.3734375
0 0.50625 0.509375 0.1421875 0.203125
1 0.6078125 0.6171875 0.45 0.5109375
0 0.6515625 0.375 0.1 0.1390625