1 0.109375 0.571875 0.21875 0.6015625
0 0.10625 0.3171875 0.0703125 0.075
1 0.2859375 0.646875 0.221875 0.453125
0 0.284375 0.4703125 0.0625 0.075
1 0.4859375 0.64375 0.19375 0.459375
0 0.46875 0.4609375 0.0625 0.084375
1 0.6515625 0.640625 0.203125 0.4484375
0 0.6265625 0.4578125 0.0515625 0.0765625
1 0.815625 0.6328125 0.2375 0.4390625
0 0.7703125 0.45625 0.053125 0.06875
1 0.9 0.5203125 0.1515625 0.4609375
0 0.878125 0.3328125 0.05 0.0640625
1 0.7515625 0.5265625 0.115625 0.38125
0 0.759375 0.365625 0.040625 0.05
1 0.6515625 0.5234375 0.0953125 0.3828125
0 0.6578125 0.3625 0.0421875 0.0546875
1 0.553125 0.50625 0.1296875 0.428125
0 0.5546875 0.325 0.0421875 0.0625
1 0.4421875 0.49375 0.1171875 0.4640625
0 0.4375 0.303125 0.046875 0.059375
1 0.3734375 0.5109375 0.1390625 0.4359375
0 0.371875 0.33125 0.046875 0.0640625
1 0.2671875 0.5296875 0.175 0.496875
0 0.265625 0.3234375 0.053125 0.06875