1 0.10625 0.640625 0.1 0.2484375
0 0.1234375 0.5328125 0.0296875 0.0296875
1 0.153125 0.6203125 0.0921875 0.2421875
0 0.1671875 0.525 0.025 0.0296875
1 0.2234375 0.64375 0.0828125 0.221875
0 0.21875 0.5515625 0.0296875 0.03125
1 0.309375 0.628125 0.0640625 0.215625
0 0.3109375 0.5375 0.028125 0.034375
1 0.4078125 0.6265625 0.1015625 0.225
0 0.41875 0.5296875 0.028125 0.028125
1 0.5265625 0.609375 0.0796875 0.2234375
0 0.53125 0.515625 0.0234375 0.0328125
1 0.5734375 0.6265625 0.0609375 0.1765625
0 0.58125 0.5546875 0.025 0.03125
1 0.64375 0.6171875 0.078125 0.1703125
0 0.6625 0.54375 0.0203125 0.01875
1 0.6359375 0.6328125 0.0859375 0.1578125
0 0.6203125 0.5703125 0.025 0.025