1 0.708500 0.282143 0.019000 0.035714
1 0.916500 0.273214 0.025000 0.053571
1 0.972500 0.282143 0.029000 0.057143
1 0.847500 0.271429 0.019000 0.039286
1 0.787000 0.272321 0.024000 0.044643
1 0.746000 0.287500 0.014000 0.025000
1 0.766500 0.271429 0.019000 0.042857
1 0.778500 0.281250 0.019000 0.037500
1 0.623000 0.279464 0.064000 0.151786
1 0.434000 0.313393 0.068000 0.148214
1 0.511000 0.263393 0.044000 0.105357
1 0.570500 0.241071 0.029000 0.067857
1 0.398000 0.251786 0.018000 0.046429
1 0.354500 0.267857 0.021000 0.035714
1 0.352500 0.245536 0.017000 0.037500
1 0.315500 0.257143 0.021000 0.042857
1 0.287000 0.281250 0.018000 0.037500
1 0.231000 0.264286 0.020000 0.039286
1 0.204500 0.266071 0.019000 0.039286
1 0.168500 0.265179 0.015000 0.030357
1 0.146000 0.253571 0.012000 0.025000
1 0.197500 0.245536 0.019000 0.037500
1 0.059500 0.140179 0.119000 0.280357
1 0.350000 0.358036 0.046000 0.080357
1 0.293000 0.350893 0.032000 0.069643
1 0.187000 0.427679 0.062000 0.126786
1 0.251000 0.372321 0.042000 0.080357
1 0.858000 0.365179 0.050000 0.083929
1 0.886500 0.417857 0.051000 0.085714
1 0.948000 0.433929 0.084000 0.167857
