1 0.828125 0.625 0.0859375 0.2359375
1 0.65 0.609375 0.05625 0.153125
1 0.321875 0.5765625 0.021875 0.06875
1 0.3375 0.571875 0.0203125 0.0671875
1 0.309375 0.56875 0.01875 0.0625
1 0.0875 0.6015625 0.059375 0.1109375
1 0.06875 0.596875 0.040625 0.1125
1 0.0984375 0.559375 0.0140625 0.0421875
1 0.084375 0.5609375 0.0125 0.0390625
1 0.0484375 0.571875 0.0234375 0.059375
1 0.046875 0.5640625 0.0171875 0.05
1 0.0203125 0.575 0.0234375 0.0546875
1 0.025 0.5578125 0.0125 0.034375
1 0.0078125 0.55625 0.015625 0.0421875
