1 0.675 0.6546875 0.1515625 0.315625
0 0.6890625 0.5484375 0.06875 0.0765625
1 0.8078125 0.6484375 0.215625 0.290625
0 0.84375 0.5421875 0.0734375 0.065625
1 0.7203125 0.5703125 0.1859375 0.175
0 0.7265625 0.503125 0.0484375 0.040625
1 0.8625 0.4453125 0.1265625 0.20625
0 0.8734375 0.3734375 0.04375 0.046875
1 0.753125 0.5078125 0.1234375 0.1421875
0 0.73125 0.459375 0.04375 0.0390625
1 0.24375 0.484375 0.09375 0.296875
0 0.2375 0.3625 0.03125 0.034375
1 0.409375 0.4421875 0.1265625 0.2203125
0 0.403125 0.35 0.028125 0.034375
1 0.5859375 0.4359375 0.0796875 0.23125
0 0.590625 0.3421875 0.025 0.034375
1 0.61875 0.4453125 0.06875 0.103125
0 0.6140625 0.4109375 0.0203125 0.0203125
1 0.7546875 0.4078125 0.15 0.21875
0 0.784375 0.3203125 0.03125 0.0375
1 0.89375 0.31875 0.1234375 0.1421875
0 0.909375 0.271875 0.03125 0.028125