1 0.9 0.753125 0.1265625 0.1140625
1 0.95625 0.7703125 0.0796875 0.0796875
1 0.9671875 0.771875 0.046875 0.078125
1 0.8671875 0.7546875 0.0515625 0.0984375
1 0.9078125 0.75625 0.046875 0.096875
1 0.671875 0.784375 0.0515625 0.0515625
1 0.7171875 0.778125 0.0625 0.065625
1 0.634375 0.75625 0.0765625 0.109375
1 0.28125 0.64375 0.08125 0.1171875
1 0.446875 0.5796875 0.0515625 0.1078125
1 0.4640625 0.6 0.021875 0.046875
1 0.396875 0.5328125 0.0265625 0.05625
1 0.3171875 0.5640625 0.0390625 0.046875
1 0.0171875 0.6671875 0.028125 0.1765625
1 0.81875 0.625 0.06875 0.1515625
1 0.5765625 0.4859375 0.0265625 0.0703125
1 0.5640625 0.4828125 0.021875 0.06875
1 0.46875 0.4515625 0.0265625 0.0609375
1 0.4515625 0.4453125 0.021875 0.0640625
1 0.4140625 0.4484375 0.0171875 0.0640625
1 0.4140625 0.4453125 0.025 0.0671875
1 0.34375 0.4609375 0.021875 0.05625
1 0.3 0.4796875 0.0171875 0.04375
1 0.3046875 0.4765625 0.021875 0.0515625
1 0.2609375 0.49375 0.01875 0.0515625
1 0.253125 0.5015625 0.01875 0.04375
1 0.2171875 0.5265625 0.021875 0.04375
1 0.23125 0.5296875 0.01875 0.05625
1 0.2421875 0.528125 0.025 0.0640625
1 0.234375 0.5046875 0.01875 0.040625
1 0.2140625 0.521875 0.025 0.0703125
1 0.19375 0.5234375 0.021875 0.0671875
1 0.1734375 0.540625 0.0171875 0.06875
1 0.184375 0.5359375 0.021875 0.0671875
1 0.128125 0.584375 0.0390625 0.0953125
1 0.134375 0.56875 0.0296875 0.09375
1 0.09375 0.5734375 0.0390625 0.1046875
1 0.071875 0.5890625 0.0390625 0.109375
1 0.0515625 0.6109375 0.034375 0.1203125
1 0.059375 0.6109375 0.0421875 0.1203125
1 0.1546875 0.5625 0.025 0.08125
1 0.3390625 0.440625 0.0171875 0.0328125
