1 0.021875 0.3546875 0.040625 0.134375
1 0.1234375 0.353125 0.0640625 0.13125
1 0.1078125 0.3765625 0.0875 0.1421875
1 0.0671875 0.421875 0.0671875 0.13125
1 0.0796875 0.465625 0.0703125 0.125
1 0.203125 0.4578125 0.0796875 0.1546875
1 0.2625 0.534375 0.0796875 0.184375
1 0.1296875 0.5109375 0.071875 0.1421875
1 0.19375 0.546875 0.0703125 0.159375
1 0.2078125 0.578125 0.065625 0.1625
1 0.23125 0.6171875 0.0796875 0.1671875
1 0.04375 0.56875 0.0828125 0.175
1 0.0875 0.5875 0.1 0.1875
1 0.1703125 0.609375 0.06875 0.171875
1 0.115625 0.6375 0.075 0.1640625
1 0.0390625 0.64375 0.0765625 0.1953125
1 0.0453125 0.678125 0.0578125 0.175
1 0.0203125 0.7 0.0375 0.15625
1 0.08125 0.6796875 0.0828125 0.196875
1 0.1640625 0.6828125 0.103125 0.1890625
1 0.0515625 0.71875 0.1 0.1171875
1 0.146875 0.71875 0.1046875 0.1171875
1 0.1078125 0.5453125 0.05 0.1390625
1 0.1375 0.559375 0.0703125 0.16875
1 0.4390625 0.525 0.0703125 0.1734375
1 0.55 0.51875 0.0703125 0.19375
1 0.4765625 0.7234375 0.1015625 0.1109375
1 0.6078125 0.7265625 0.0828125 0.1046875
1 0.7359375 0.7234375 0.0828125 0.109375
1 0.80625 0.73125 0.06875 0.09375
1 0.853125 0.7234375 0.0703125 0.1109375
1 0.9203125 0.728125 0.0890625 0.1
1 0.9734375 0.728125 0.046875 0.1
1 0.8421875 0.671875 0.0921875 0.159375
1 0.9203125 0.6875 0.084375 0.1625
1 0.9671875 0.675 0.059375 0.1625
1 0.9515625 0.6234375 0.0890625 0.1421875
1 0.8828125 0.6265625 0.0703125 0.1546875
1 0.7953125 0.6484375 0.0921875 0.1703125
1 0.8046875 0.596875 0.078125 0.159375
1 0.8703125 0.5890625 0.075 0.15
1 0.9390625 0.6015625 0.075 0.1609375
1 0.9671875 0.5359375 0.0609375 0.15625
1 0.878125 0.50625 0.0765625 0.15625
1 0.9171875 0.4875 0.0625 0.1390625
1 0.7984375 0.55625 0.059375 0.14375
1 0.7875 0.50625 0.09375 0.15625
1 0.8296875 0.49375 0.0625 0.1609375
1 0.865625 0.465625 0.0546875 0.1375
1 0.7984375 0.45625 0.065625 0.15625
1 0.8375 0.4171875 0.0515625 0.1421875
1 0.8359375 0.3796875 0.040625 0.159375
1 0.7109375 0.4421875 0.034375 0.1515625
