1 0.7265625 0.5953125 0.128125 0.371875
0 0.73125 0.4421875 0.04375 0.0546875
1 0.6765625 0.5734375 0.1109375 0.35625
0 0.675 0.4265625 0.0390625 0.04375
1 0.6234375 0.6078125 0.1046875 0.38125
0 0.61875 0.459375 0.0328125 0.0484375
1 0.578125 0.6296875 0.134375 0.40625
0 0.5796875 0.4625 0.04375 0.05625
1 0.4421875 0.7328125 0.159375 0.271875
0 0.4296875 0.6375 0.0515625 0.075
1 0.40625 0.6109375 0.165625 0.375
0 0.40625 0.459375 0.0453125 0.0640625
1 0.346875 0.584375 0.13125 0.3875
0 0.3453125 0.4296875 0.04375 0.0484375
1 0.2828125 0.55625 0.1171875 0.36875
0 0.2828125 0.4 0.040625 0.0453125
1 0.2671875 0.6328125 0.1109375 0.4359375
0 0.28125 0.45 0.0484375 0.0609375
1 0.1984375 0.6078125 0.146875 0.40625
0 0.196875 0.4390625 0.0390625 0.0484375
1 0.109375 0.73125 0.15625 0.26875
0 0.1171875 0.6328125 0.05 0.065625