1 0.171875 0.94375 0.009375 0.0296875
1 0.1984375 0.95 0.0125 0.0390625
1 0.2078125 0.946875 0.0109375 0.0421875
1 0.2078125 0.95625 0.0203125 0.0546875
1 0.2203125 0.9453125 0.015625 0.0421875
1 0.2203125 0.9578125 0.015625 0.0484375
1 0.23125 0.95 0.0140625 0.046875
1 0.23125 0.953125 0.0140625 0.05
1 0.2390625 0.95625 0.0125 0.0515625
1 0.25 0.953125 0.0140625 0.05625
1 0.259375 0.959375 0.0140625 0.046875
1 0.30625 0.959375 0.0171875 0.0515625
1 0.30625 0.9546875 0.015625 0.0546875
1 0.3125 0.95 0.0125 0.0515625
1 0.3296875 0.9578125 0.01875 0.0515625
1 0.334375 0.940625 0.0171875 0.0296875
1 0.3515625 0.9546875 0.015625 0.0546875
1 0.365625 0.9609375 0.0171875 0.0515625
1 0.365625 0.95 0.0171875 0.0546875
1 0.371875 0.953125 0.0140625 0.05
1 0.3859375 0.9578125 0.0171875 0.0515625
1 0.390625 0.9625 0.0203125 0.05625
1 0.403125 0.9578125 0.0203125 0.05
1 0.4078125 0.9515625 0.0109375 0.046875
1 0.4140625 0.953125 0.0109375 0.040625
1 0.4265625 0.9546875 0.015625 0.0515625
1 0.440625 0.953125 0.0203125 0.046875
1 0.4453125 0.95625 0.0171875 0.05
1 0.4578125 0.9546875 0.0203125 0.05
1 0.4625 0.9515625 0.0125 0.05
1 0.484375 0.953125 0.0109375 0.0484375
1 0.4953125 0.946875 0.0109375 0.046875
1 0.5046875 0.95625 0.0140625 0.0484375
1 0.51875 0.9578125 0.0171875 0.0453125
1 0.5296875 0.95625 0.0203125 0.05
1 0.5375 0.959375 0.0203125 0.059375
1 0.56875 0.9546875 0.0171875 0.05
1 0.5828125 0.9609375 0.01875 0.053125
1 0.5953125 0.946875 0.0125 0.0453125
1 0.6125 0.9578125 0.01875 0.0578125
1 0.6109375 0.946875 0.015625 0.05
1 0.6296875 0.95 0.0125 0.05
1 0.6265625 0.9546875 0.0140625 0.046875
1 0.6328125 0.95625 0.0125 0.05
1 0.6421875 0.9546875 0.0109375 0.05625
1 0.65625 0.953125 0.0109375 0.0484375
1 0.6625 0.9546875 0.0140625 0.0515625
1 0.6640625 0.9578125 0.0109375 0.05
1 0.7046875 0.95625 0.0140625 0.0515625
1 0.7125 0.95625 0.015625 0.053125
1 0.721875 0.95 0.0109375 0.0453125
1 0.734375 0.95625 0.0125 0.05
1 0.74375 0.9546875 0.0140625 0.046875
1 0.7546875 0.9484375 0.0203125 0.0515625
1 0.7671875 0.9546875 0.0203125 0.05
1 0.771875 0.946875 0.0125 0.05
1 0.8171875 0.9515625 0.0203125 0.05625
1 0.8125 0.9421875 0.01875 0.05625
1 0.1828125 0.9515625 0.01875 0.0515625
1 0.3171875 0.95625 0.0140625 0.05
