1 0.0296875 0.665625 0.0078125 0.01875
1 0.040625 0.6640625 0.00625 0.01875
1 0.1578125 0.6640625 0.009375 0.0203125
1 0.165625 0.6640625 0.0078125 0.0203125
1 0.1875 0.6640625 0.00625 0.015625
1 0.2078125 0.671875 0.0234375 0.00625
1 0.1953125 0.653125 0.0046875 0.0109375
1 0.2359375 0.6625 0.0078125 0.0234375
1 0.2796875 0.671875 0.015625 0.015625
1 0.2703125 0.671875 0.0125 0.0171875
1 0.2828125 0.671875 0.015625 0.0171875
1 0.296875 0.671875 0.0296875 0.015625
1 0.3078125 0.6640625 0.00625 0.015625
1 0.3015625 0.6640625 0.0046875 0.015625
1 0.296875 0.6640625 0.0046875 0.0171875
1 0.29375 0.665625 0.0046875 0.015625
1 0.340625 0.671875 0.0171875 0.0046875
1 0.353125 0.66875 0.009375 0.009375
1 0.3609375 0.6640625 0.00625 0.0171875
1 0.3671875 0.6640625 0.00625 0.015625
1 0.3953125 0.6640625 0.0046875 0.015625
1 0.390625 0.6421875 0.003125 0.0109375
1 0.3984375 0.646875 0.0046875 0.009375
1 0.41875 0.646875 0.00625 0.009375
1 0.44375 0.6640625 0.00625 0.015625
1 0.4484375 0.6640625 0.0046875 0.0171875
1 0.4515625 0.6640625 0.00625 0.015625
1 0.453125 0.6640625 0.003125 0.015625
1 0.446875 0.6421875 0.0046875 0.0140625
1 0.45 0.65 0.00625 0.0078125
1 0.4578125 0.6484375 0.0046875 0.009375
1 0.4609375 0.6296875 0.0046875 0.0125
1 0.4671875 0.6296875 0.003125 0.0140625
1 0.4546875 0.61875 0.003125 0.0125
1 0.4609375 0.6203125 0.00625 0.0125
1 0.475 0.659375 0.021875 0.0640625
1 0.4921875 0.6625 0.00625 0.0171875
1 0.496875 0.6625 0.00625 0.01875
1 0.5015625 0.6625 0.0078125 0.01875
1 0.5125 0.640625 0.0078125 0.015625
1 0.5234375 0.6640625 0.0046875 0.015625
1 0.528125 0.6640625 0.00625 0.015625
1 0.5328125 0.6640625 0.0046875 0.015625
1 0.528125 0.6359375 0.00625 0.0078125
1 0.540625 0.6234375 0.0046875 0.0140625
1 0.5609375 0.6578125 0.025 0.0640625
1 0.6078125 0.6671875 0.009375 0.0359375
1 0.6171875 0.6390625 0.0046875 0.009375
1 0.61875 0.6625 0.0046875 0.0171875
1 0.625 0.6640625 0.00625 0.0171875
1 0.634375 0.6625 0.0046875 0.015625
1 0.653125 0.66875 0.0125 0.0125
1 0.653125 0.6609375 0.00625 0.0140625
1 0.65625 0.659375 0.0046875 0.015625
1 0.6765625 0.6609375 0.003125 0.009375
1 0.6875 0.6625 0.0109375 0.0234375
1 0.7109375 0.665625 0.0078125 0.009375
1 0.7234375 0.6640625 0.0078125 0.0140625
1 0.7296875 0.671875 0.0125 0.025
1 0.771875 0.66875 0.0125 0.0140625
1 0.784375 0.6609375 0.0109375 0.0234375
1 0.7953125 0.6640625 0.009375 0.0203125
1 0.803125 0.675 0.034375 0.0109375
1 0.8125 0.6609375 0.0109375 0.028125
1 0.8234375 0.6640625 0.00625 0.0171875
1 0.8296875 0.6625 0.0078125 0.015625
1 0.8421875 0.6703125 0.015625 0.0125
1 0.8515625 0.6640625 0.0078125 0.015625
1 0.86875 0.6609375 0.0109375 0.021875
1 0.8828125 0.671875 0.025 0.0203125
1 0.890625 0.6640625 0.0109375 0.0203125
1 0.965625 0.6625 0.0046875 0.0140625
1 0.975 0.6640625 0.00625 0.0140625
1 0.98125 0.6625 0.00625 0.0140625
