1 0.090625 0.5859375 0.1765625 0.41875
1 0.253125 0.590625 0.1796875 0.3828125
1 0.35 0.578125 0.109375 0.3328125
1 0.4625 0.5875 0.14375 0.3359375
1 0.571875 0.565625 0.13125 0.340625
1 0.6796875 0.5671875 0.1109375 0.340625
1 0.803125 0.5703125 0.14375 0.328125
1 0.9234375 0.5578125 0.1453125 0.3515625
1 0.946875 0.49375 0.0984375 0.3296875
1 0.96875 0.4859375 0.0546875 0.309375
1 0.88125 0.4890625 0.11875 0.3171875
1 0.79375 0.484375 0.13125 0.340625
1 0.7734375 0.45 0.1109375 0.290625
1 0.7015625 0.496875 0.09375 0.3
1 0.6484375 0.515625 0.1015625 0.3234375
1 0.5859375 0.5046875 0.09375 0.3171875
1 0.55 0.5109375 0.1078125 0.340625
1 0.465625 0.496875 0.115625 0.371875
1 0.3859375 0.5171875 0.0828125 0.321875
1 0.315625 0.5265625 0.115625 0.340625
1 0.259375 0.503125 0.103125 0.3359375
1 0.2140625 0.515625 0.1109375 0.365625
1 0.096875 0.5203125 0.1421875 0.4265625
1 0.0328125 0.5125 0.0609375 0.4078125
1 0.103125 0.2953125 0.0625 0.128125
1 0.809375 0.371875 0.0265625 0.0609375
1 0.83125 0.378125 0.01875 0.05625
1 0.8453125 0.36875 0.0234375 0.0640625
