1 0.825 0.7109375 0.1375 0.2375
1 0.5453125 0.7203125 0.103125 0.21875
1 0.6296875 0.7109375 0.1734375 0.2375
1 0.653125 0.7109375 0.1015625 0.2375
1 0.5328125 0.71875 0.096875 0.2203125
1 0.5984375 0.690625 0.08125 0.1921875
1 0.365625 0.68125 0.115625 0.2171875
1 0.41875 0.65 0.0359375 0.11875
1 0.425 0.640625 0.040625 0.1078125
1 0.34375 0.6375 0.04375 0.1203125
1 0.2875 0.640625 0.04375 0.11875
1 0.246875 0.640625 0.0515625 0.1171875
1 0.14375 0.6796875 0.0875 0.21875
1 0.184375 0.6484375 0.05625 0.1453125
1 0.21875 0.6265625 0.040625 0.1078125
1 0.2640625 0.628125 0.0375 0.1171875
1 0.30625 0.628125 0.0390625 0.1109375
1 0.4578125 0.6125 0.021875 0.04375
1 0.4453125 0.6109375 0.01875 0.040625
1 0.8984375 0.621875 0.0890625 0.1046875
1 0.38125 0.6328125 0.0421875 0.1140625
1 0.33125 0.6359375 0.03125 0.0953125
1 0.35 0.6375 0.0296875 0.0984375
1 0.2984375 0.609375 0.0171875 0.05
1 0.2765625 0.60625 0.0140625 0.0484375
1 0.2359375 0.60625 0.0140625 0.053125
1 0.1921875 0.6125 0.025 0.065625
1 0.0875 0.6421875 0.0625 0.1375
1 0.121875 0.6421875 0.05625 0.15625
1 0.0671875 0.6328125 0.0484375 0.134375
1 0.0296875 0.7 0.0578125 0.2578125
1 0.02578125 0.63125 0.0515625 0.125
1 0.0375 0.61875 0.028125 0.084375
