1 0.759375 0.6671875 0.3234375 0.3921875
0 0.7953125 0.5234375 0.0890625 0.096875
1 0.70625 0.571875 0.1703125 0.584375
0 0.7046875 0.3359375 0.0625 0.0984375
1 0.425 0.6640625 0.2125 0.4
0 0.3828125 0.5140625 0.0953125 0.0828125
1 0.4703125 0.5765625 0.159375 0.571875
0 0.459375 0.3375 0.06875 0.0828125
1 0.559375 0.55625 0.1609375 0.5546875
0 0.53125 0.328125 0.071875 0.0828125
1 0.3234375 0.590625 0.1 0.5390625
0 0.3203125 0.3609375 0.071875 0.0671875
1 0.2546875 0.5609375 0.15 0.60625
0 0.253125 0.3140625 0.075 0.1
1 0.1640625 0.54375 0.2 0.640625
0 0.165625 0.284375 0.0921875 0.103125