1 0.0453125 0.4109375 0.0875 0.2703125
1 0.0703125 0.3609375 0.0515625 0.1171875
1 0.084375 0.359375 0.0421875 0.1046875
1 0.1125 0.3578125 0.0421875 0.1078125
1 0.140625 0.36875 0.046875 0.153125
1 0.1546875 0.359375 0.034375 0.0984375
1 0.1953125 0.3890625 0.075 0.1953125
1 0.2234375 0.3796875 0.04375 0.1765625
1 0.2390625 0.3609375 0.0421875 0.140625
1 0.2703125 0.34375 0.03125 0.0671875
1 0.2984375 0.30625 0.0203125 0.046875
1 0.19375 0.6140625 0.384375 0.2359375
1 0.3890625 0.5796875 0.36875 0.3078125
1 0.5546875 0.5921875 0.3453125 0.2828125
1 0.678125 0.59375 0.434375 0.278125
1 0.8484375 0.5390625 0.2984375 0.3890625
1 0.259375 0.559375 0.2890625 0.346875
1 0.4234375 0.56875 0.2515625 0.328125
1 0.428125 0.575 0.2546875 0.3171875
1 0.5640625 0.5296875 0.134375 0.2921875
1 0.675 0.5484375 0.296875 0.36875
1 0.2796875 0.440625 0.159375 0.18125
1 0.2671875 0.4375 0.109375 0.1890625
1 0.3625 0.4359375 0.1890625 0.171875
1 0.475 0.4140625 0.209375 0.2203125
1 0.571875 0.4125 0.15 0.165625
1 0.3359375 0.4015625 0.16875 0.275
1 0.746875 0.3328125 0.0375 0.0703125
1 0.703125 0.3484375 0.0390625 0.0921875
1 0.8140625 0.353125 0.034375 0.1265625
1 0.7921875 0.353125 0.025 0.1203125
1 0.83125 0.3515625 0.0359375 0.1359375
1 0.859375 0.3609375 0.0265625 0.13125
1 0.884375 0.3625 0.0390625 0.1578125
1 0.89375 0.384375 0.0390625 0.2078125
1 0.9140625 0.3875 0.0453125 0.2234375
1 0.9375 0.4015625 0.075 0.246875
1 0 0.2625 0 0
1 0.93125 0.4421875 0.1140625 0.2765625
1 0.834375 0.5765625 0.1171875 0.2609375
