1 0.1 0.584375 0.1984375 0.51875
0 0.0765625 0.3 0.13125 0.1640625
1 0.2625 0.596875 0.2859375 0.4921875
0 0.284375 0.353125 0.1203125 0.146875
1 0.43125 0.596875 0.221875 0.4921875
0 0.4234375 0.3109375 0.1078125 0.15
1 0.5640625 0.5375 0.2671875 0.6109375
0 0.5703125 0.3078125 0.1015625 0.1234375
1 0.609375 0.628125 0.2265625 0.43125
0 0.603125 0.50625 0.090625 0.125
1 0.7546875 0.534375 0.234375 0.6171875
0 0.753125 0.26875 0.0859375 0.1140625
1 0.9078125 0.53125 0.1796875 0.625
0 0.9125 0.275 0.090625 0.1125
1 0.18125 0.3953125 0.1765625 0.4859375
0 0.21875 0.190625 0.0796875 0.075
1 0.159375 0.2765625 0.08125 0.2390625
0 0.1609375 0.1796875 0.0265625 0.03125
1 0.021875 0.271875 0.0421875 0.2328125
0 0.0140625 0.178125 0.025 0.0359375
1 0.0921875 0.2578125 0.06875 0.2125
0 0.0859375 0.1734375 0.0328125 0.0359375
1 0.8046875 0.3 0.1359375 0.296875
0 0.8015625 0.184375 0.0515625 0.0578125
1 0.3125 0.5046875 0.184375 0.6171875
0 0.303125 0.246875 0.0734375 0.0875