1 0.6796875 0.0203125 0.021875 0.0375
1 0.328125 0.240625 0.046875 0.1484375
1 0.353125 0.246875 0.053125 0.1453125
1 0.2765625 0.2875 0.0703125 0.1484375
1 0.3578125 0.2921875 0.075 0.1453125
1 0.2578125 0.3875 0.0921875 0.171875
1 0.315625 0.4546875 0.1109375 0.2546875
1 0.403125 0.4046875 0.071875 0.1328125
1 0.415625 0.3484375 0.0796875 0.115625
1 0.434375 0.340625 0.05625 0.1234375
1 0.4671875 0.334375 0.071875 0.128125
1 0.4609375 0.5 0.1046875 0.1390625
1 0.4984375 0.5703125 0.11875 0.2359375
1 0.51875 0.6671875 0.175 0.3375
1 0.4453125 0.440625 0.109375 0.225
1 0.5 0.2453125 0.0671875 0.1296875
1 0.515625 0.265625 0.05625 0.1328125
1 0.55625 0.28125 0.053125 0.128125
1 0.603125 0.2625 0.053125 0.140625
1 0.5125 0.365625 0.09375 0.13125
1 0.53125 0.375 0.1125 0.125
1 0.6015625 0.3515625 0.08125 0.11875
1 0.6453125 0.33125 0.103125 0.1171875
1 0.7171875 0.33125 0.0859375 0.115625
1 0.6578125 0.3609375 0.090625 0.1296875
1 0.7234375 0.378125 0.0921875 0.1171875
1 0.6328125 0.3984375 0.0875 0.1171875
1 0.5625 0.4546875 0.1 0.2515625
1 0.703125 0.4703125 0.1203125 0.1703125
