1 0.8578125 0.56875 0.153125 0.521875
0 0.8453125 0.371875 0.0765625 0.090625
1 0.671875 0.5765625 0.2859375 0.50625
0 0.740625 0.403125 0.140625 0.15
1 0.609375 0.55 0.1796875 0.5578125
0 0.61875 0.3234375 0.0671875 0.09375
1 0.5515625 0.553125 0.065625 0.4265625
0 0.559375 0.3671875 0.0359375 0.0453125
1 0.44375 0.546875 0.1 0.4125
0 0.434375 0.371875 0.0453125 0.0484375
1 0.3625 0.5859375 0.2328125 0.4875
0 0.3140625 0.3921875 0.1 0.0921875
1 0.228125 0.5828125 0.3328125 0.4921875
0 0.16875 0.409375 0.146875 0.140625
1 0.209375 0.603125 0.4140625 0.4515625
0 0.1703125 0.409375 0.1421875 0.1390625