1 0.2453125 0.665625 0.2890625 0.33125
0 0.303125 0.5875 0.1640625 0.175
1 0.31875 0.6609375 0.56875 0.3390625
0 0.4578125 0.521875 0.140625 0.215625
1 0.75625 0.665625 0.48125 0.33125
0 0.5890625 0.540625 0.140625 0.1828125
1 0.2765625 0.5765625 0.409375 0.5078125
0 0.36875 0.4171875 0.13125 0.165625
1 0.36875 0.56875 0.378125 0.525
0 0.4609375 0.390625 0.134375 0.1703125
1 0.6625 0.5359375 0.390625 0.590625
0 0.5640625 0.31875 0.1046875 0.140625
1 0.615625 0.55 0.2171875 0.5625
0 0.5859375 0.3953125 0.1140625 0.1359375
1 0.7546875 0.5375 0.3859375 0.5875
0 0.6875 0.390625 0.1421875 0.1578125
1 0.8 0.6328125 0.375 0.3953125
0 0.7359375 0.4828125 0.146875 0.1484375