1 0.7046875 0.53125 0.18125 0.5734375
1 0.659375 0.5109375 0.1234375 0.371875
1 0.56875 0.525 0.16875 0.4984375
1 0.5890625 0.503125 0.1171875 0.3453125
1 0.5125 0.484375 0.0734375 0.196875
1 0.45 0.509375 0.0953125 0.34375
1 0.4046875 0.509375 0.15 0.3484375
1 0.3640625 0.63125 0.1859375 0.315625
1 0.328125 0.4875 0.1203125 0.3484375
1 0.2265625 0.5765625 0.1625 0.2203125
1 0.2984375 0.4578125 0.09375 0.3171875
1 0.1859375 0.4859375 0.1296875 0.2296875
1 0.1765625 0.4671875 0.1015625 0.2171875
1 0.2484375 0.4453125 0.04375 0.134375
1 0.065625 0.53125 0.1265625 0.2484375
1 0.0265625 0.4875 0.046875 0.1546875
