1 0.0328125 0.503125 0.0609375 0.2265625
0 0.0109375 0.4140625 0.01875 0.0375
1 0.0484375 0.4953125 0.06875 0.221875
0 0.040625 0.403125 0.028125 0.034375
1 0.0625 0.4875 0.059375 0.2171875
0 0.059375 0.4015625 0.0234375 0.0296875
1 0.10625 0.5875 0.109375 0.353125
0 0.1 0.4359375 0.04375 0.0484375
1 0.159375 0.5984375 0.1375 0.384375
0 0.1625 0.4375 0.04375 0.0578125
1 0.25625 0.540625 0.13125 0.3265625
0 0.2515625 0.4015625 0.040625 0.04375
1 0.296875 0.6109375 0.1578125 0.4203125
0 0.303125 0.4375 0.046875 0.06875
1 0.3734375 0.559375 0.1328125 0.3890625
0 0.36875 0.3953125 0.04375 0.053125
1 0.4046875 0.5046875 0.09375 0.290625
0 0.3984375 0.3828125 0.028125 0.0421875
1 0.475 0.5203125 0.1015625 0.3109375
0 0.4859375 0.3921875 0.034375 0.05
1 0.5921875 0.596875 0.146875 0.4625
0 0.571875 0.4453125 0.040625 0.0546875