1 0.1359375 0.6671875 0.1140625 0.353125
0 0.1421875 0.51875 0.040625 0.046875
1 0.1640625 0.671875 0.09375 0.3453125
0 0.16875 0.521875 0.028125 0.0421875
1 0.259375 0.678125 0.0890625 0.3328125
0 0.2640625 0.534375 0.0328125 0.0421875
1 0.30625 0.675 0.1203125 0.3375
0 0.309375 0.5359375 0.0421875 0.05625
1 0.4453125 0.6859375 0.0984375 0.315625
0 0.45 0.5484375 0.034375 0.0375
1 0.50625 0.696875 0.146875 0.29375
0 0.509375 0.5796875 0.0359375 0.0421875
1 0.540625 0.6765625 0.09375 0.3359375
0 0.5359375 0.534375 0.0359375 0.0390625
1 0 0.1515625 0 0
0 0.7 0.54375 0.0296875 0.0359375
1 0.796875 0.69375 0.15 0.3015625
0 0.821875 0.571875 0.046875 0.0515625
1 0.9234375 0.671875 0.1234375 0.34375
0 0.925 0.53125 0.059375 0.059375