1 0.9765625 0.78125 0.0390625 0.1140625
1 0.98125 0.775 0.03125 0.125
1 0.959375 0.784375 0.0546875 0.125
1 0.9359375 0.771875 0.046875 0.115625
1 0.9109375 0.7828125 0.059375 0.10625
1 0.9015625 0.7765625 0.0515625 0.1125
1 0.859375 0.7828125 0.06875 0.115625
1 0.8109375 0.7984375 0.078125 0.115625
1 0.7328125 0.7890625 0.0703125 0.128125
1 0.7484375 0.7703125 0.03125 0.08125
1 0.7625 0.765625 0.0265625 0.0765625
1 0.6734375 0.7796875 0.065625 0.10625
1 0.6703125 0.7765625 0.05625 0.10625
1 0.546875 0.7953125 0.05625 0.140625
1 0.559375 0.8015625 0.0515625 0.115625
1 0.5046875 0.759375 0.0421875 0.1
1 0.4765625 0.778125 0.04375 0.1125
1 0.48125 0.7796875 0.0484375 0.1078125
1 0.4421875 0.7890625 0.0546875 0.115625
1 0.40625 0.7859375 0.0703125 0.128125
1 0.275 0.803125 0.0671875 0.1125
1 0.284375 0.7796875 0.040625 0.075
1 0.259375 0.7796875 0.0515625 0.1078125
1 0.215625 0.7671875 0.040625 0.109375
1 0.1671875 0.809375 0.0765625 0.11875
1 0.175 0.7890625 0.05 0.125
1 0.1984375 0.784375 0.0546875 0.1015625
1 0.1765625 0.790625 0.05625 0.1140625
1 0.1125 0.796875 0.075 0.115625
1 0.0421875 0.79375 0.059375 0.109375
1 0.06875 0.790625 0.0515625 0.109375
1 0.06875 0.790625 0.0375 0.109375
1 0.0703125 0.7828125 0.0546875 0.121875
1 0.3765625 0.7640625 0.03125 0.0796875
