1 0.18125 0.6265625 0.271875 0.490625
1 0.153125 0.6125 0.121875 0.3703125
1 0.2734375 0.5921875 0.0875 0.3328125
1 0.303125 0.490625 0.0265625 0.0546875
1 0.4015625 0.5390625 0.034375 0.0609375
1 0.45 0.5390625 0.05 0.0703125
1 0.4609375 0.5328125 0.05 0.071875
1 0.4078125 0.46875 0.0109375 0.015625
1 0.434375 0.4671875 0.00625 0.015625
1 0.4984375 0.4765625 0.009375 0.021875
1 0.6671875 0.4828125 0.0078125 0.015625
1 0.6546875 0.671875 0.171875 0.3984375
1 0.734375 0.6640625 0.121875 0.415625
1 0.8875 0.6359375 0.221875 0.4734375
