1 0.525 0.25 0.0640625 0.1703125
0 0.525 0.25 0.0640625 0.1703125
1 0.85625 0.6328125 0.1640625 0.48125
0 0.834375 0.43125 0.0609375 0.075
1 0.734375 0.6359375 0.134375 0.475
0 0.7265625 0.440625 0.053125 0.0703125
1 0.6171875 0.628125 0.1734375 0.4890625
0 0.6078125 0.415625 0.0546875 0.0609375
1 0.4359375 0.6171875 0.25 0.503125
0 0.4734375 0.403125 0.0515625 0.0703125
1 0.421875 0.6515625 0.1890625 0.4421875
0 0.434375 0.465625 0.05625 0.0640625
1 0.3671875 0.625 0.125 0.4546875
0 0.3640625 0.43125 0.0515625 0.0625
1 0.259375 0.6140625 0.134375 0.453125
0 0.2765625 0.4203125 0.046875 0.0609375
1 0.196875 0.634375 0.1359375 0.478125
0 0.2015625 0.43125 0.05 0.06875