1 0.1890625 0.6625 0.0921875 0.1984375
1 0.2078125 0.7109375 0.071875 0.240625
1 0.221875 0.7203125 0.1140625 0.278125
1 0.26875 0.675 0.08125 0.190625
1 0.315625 0.653125 0.0625 0.16875
1 0.346875 0.7109375 0.0859375 0.246875
1 0.3953125 0.7109375 0.0875 0.2671875
1 0.3859375 0.775 0.109375 0.4171875
1 0.453125 0.6703125 0.0625 0.209375
1 0.840625 0.7890625 0.0640625 0.4171875
1 0.8078125 0.8109375 0.1296875 0.371875
1 0.8203125 0.728125 0.10625 0.3296875
1 0.765625 0.703125 0.071875 0.2265625
1 0.7484375 0.6796875 0.078125 0.1875
1 0.725 0.640625 0.05625 0.1375
1 0.65625 0.709375 0.10625 0.26875
1 0.665625 0.66875 0.0625 0.196875
1 0.5984375 0.7953125 0.1984375 0.4046875
1 0.471875 0.7484375 0.41875 0.4984375
1 0.68125 0.6015625 0.0296875 0.0875
