1 0.8984375 0.6203125 0.1046875 0.228125
1 0.940625 0.6046875 0.1109375 0.4453125
1 0.6859375 0.61875 0.0875 0.3640625
1 0.7390625 0.6296875 0.13125 0.371875
1 0.7859375 0.6171875 0.175 0.4203125
1 0.5640625 0.5625 0.2453125 0.528125
1 0.3453125 0.6140625 0.1578125 0.3390625
1 0.4703125 0.5953125 0.009375 0.0421875
1 0.4609375 0.5953125 0.0203125 0.0453125
1 0.428125 0.5984375 0.025 0.0453125
1 0.3796875 0.5984375 0.0265625 0.0828125
1 0.39375 0.6 0.03125 0.0828125
1 0.0640625 0.6015625 0.0359375 0.05625
1 0.0546875 0.5578125 0.10625 0.5390625
1 0.15625 0.5796875 0.1890625 0.496875
1 0.2203125 0.63125 0.109375 0.3921875
