1 0.1609375 0.659375 0.296875 0.334375
1 0.3671875 0.6890625 0.2171875 0.275
1 0.5203125 0.659375 0.209375 0.334375
1 0.89375 0.6859375 0.20625 0.28125
1 0.8703125 0.6453125 0.1703125 0.3625
1 0.6828125 0.65 0.1640625 0.3546875
1 0.690625 0.68125 0.178125 0.290625
1 0.1390625 0.6171875 0.2734375 0.41875
1 0.61875 0.6109375 0.1265625 0.4140625
1 0.7953125 0.5875 0.2640625 0.478125
1 0.9375 0.5828125 0.1203125 0.4546875
1 0.84375 0.528125 0.1375 0.3390625
1 0.5640625 0.553125 0.2328125 0.409375
1 0.11875 0.5078125 0.20625 0.475
1 0.94375 0.3984375 0.090625 0.340625
1 0.871875 0.4140625 0.10625 0.3421875
1 0.778125 0.434375 0.140625 0.425
1 0.50625 0.4765625 0.1328125 0.3359375
1 0.428125 0.4625 0.1703125 0.3828125
1 0.3328125 0.5296875 0.1375 0.334375
1 0.5953125 0.396875 0.1109375 0.3015625
1 0.3359375 0.465625 0.1296875 0.3421875
1 0.7015625 0.4484375 0.1265625 0.3265625
1 0.8515625 0.478125 0.1328125 0.3421875
1 0.271875 0.5953125 0.1640625 0.4625
1 0.35 0.6328125 0.1984375 0.3875
1 0.7265625 0.5375 0.1296875 0.3609375
1 0.0453125 0.4578125 0.0890625 0.390625
1 0.1578125 0.4484375 0.171875 0.3765625
1 0.2515625 0.4390625 0.1453125 0.321875
1 0.234375 0.3703125 0.1671875 0.384375
1 0.3625 0.4203125 0.1328125 0.371875
1 0.4578125 0.3796875 0.1171875 0.2921875
1 0.51875 0.3609375 0.1203125 0.3125
1 0.6234375 0.3328125 0.1046875 0.21875
1 0.6703125 0.4 0.0921875 0.365625
1 0.9375 0.3421875 0.11875 0.2859375
1 0.9578125 0.35 0.078125 0.3125
1 0.8828125 0.2953125 0.0890625 0.2453125
1 0.8640625 0.3359375 0.103125 0.271875
1 0.7625 0.3015625 0.103125 0.265625
1 0.9328125 0.2765625 0.0796875 0.2109375
1 0.809375 0.2828125 0.109375 0.2265625
1 0.5640625 0.3046875 0.0796875 0.271875
1 0.503125 0.30625 0.0765625 0.25
1 0.371875 0.3484375 0.1296875 0.30625
1 0.30625 0.3109375 0.1015625 0.275
1 0.2515625 0.315625 0.0828125 0.2515625
1 0.1953125 0.28125 0.090625 0.221875
1 0.115625 0.325 0.1140625 0.3125
1 0.05625 0.2875 0.0984375 0.234375
1 0.3625 0.3 0.0828125 0.259375
1 0.440625 0.2796875 0.0921875 0.2234375
1 0.4875 0.3078125 0.109375 0.25625
1 0.8578125 0.2859375 0.0734375 0.2296875
