1 0.2078125 0.7171875 0.046875 0.059375
0 0.2046875 0.6953125 0.0078125 0.009375
1 0.4234375 0.728125 0.025 0.08125
0 0.421875 0.6953125 0.0078125 0.0109375
1 0.715625 0.7109375 0.021875 0.0546875
0 0.7171875 0.6890625 0.0046875 0.0046875
1 0.51875 0.74375 0.0453125 0.1203125
0 0.515625 0.690625 0.0140625 0.0125
1 0.35625 0.7078125 0.0125 0.034375
0 0.3546875 0.69375 0.003125 0.0046875
1 0.259375 0.7125 0.0109375 0.03125
0 0.2609375 0.6984375 0.003125 0.003125
1 0.246875 0.7109375 0.0109375 0.0328125
0 0.246875 0.6984375 0.003125 0.0046875
1 0.3234375 0.7109375 0.00625 0.0328125
0 0.3234375 0.696875 0.003125 0.0046875
1 0.3359375 0.709375 0.0078125 0.0328125
0 0.3375 0.696875 0.003125 0.003125
1 0.34375 0.709375 0.009375 0.034375
0 0.340625 0.69375 0.003125 0.0046875
1 0.3234375 0.709375 0.0125 0.0375
0 0.3234375 0.69375 0.003125 0.0046875
1 0.790625 0.709375 0.0203125 0.053125
0 0.7890625 0.6875 0.00625 0.0078125
1 0.328125 0.709375 0.00625 0.0328125
0 0.3265625 0.696875 0.003125 0.003125