1 0.9578125 0.3203125 0.053125 0.15
1 0.9234375 0.3171875 0.0453125 0.15625
1 0.8609375 0.3125 0.059375 0.16875
1 0.8125 0.290625 0.059375 0.165625
1 0.7703125 0.2875 0.0515625 0.1703125
1 0.7140625 0.3375 0.0609375 0.1015625
1 0.6734375 0.309375 0.0453125 0.0890625
1 0.6359375 0.2859375 0.065625 0.19375
1 0.5765625 0.2828125 0.0609375 0.190625
1 0.5359375 0.246875 0.0703125 0.1640625
1 0.5765625 0.2234375 0.0515625 0.1171875
1 0.4609375 0.2734375 0.103125 0.215625
1 0.384375 0.2984375 0.071875 0.1734375
1 0.278125 0.3109375 0.084375 0.13125
1 0.2109375 0.3078125 0.075 0.15
1 0.04921875 0.26953125 0.0984375 0.2078125
1 0.209375 0.21875 0.0546875 0.10625
1 0.265625 0.2296875 0.053125 0.1109375
1 0.1125 0.240625 0.0703125 0.1328125
1 0.1625 0.215625 0.0515625 0.1
1 0.115625 0.2171875 0.05 0.103125
1 0.05625 0.5796875 0.1125 0.334375
1 0.8671875 0.5703125 0.1265625 0.265625
1 0.81875 0.5625 0.0953125 0.2453125
1 0.753125 0.5890625 0.3765625 0.484375
1 0.5078125 0.6625 0.3703125 0.3375
1 0.17578125 0.6640625 0.3515625 0.334375
1 0.25 0.6171875 0.3 0.428125
1 0.490625 0.61875 0.590625 0.4234375
