1 0.7578125 0.61875 0.25 0.2265625
1 0.9109375 0.496875 0.0546875 0.0984375
1 0.5296875 0.4546875 0.0140625 0.025
1 0.5171875 0.4515625 0.0125 0.025
1 0.453125 0.475 0.0234375 0.04375
1 0.465625 0.475 0.01875 0.0359375
1 0.4359375 0.475 0.021875 0.0390625
1 0.4359375 0.5203125 0.0328125 0.103125
1 0.2515625 0.54375 0.1 0.15
1 0.1484375 0.5609375 0.1140625 0.16875
1 0.1328125 0.4859375 0.015625 0.0328125
1 0.134375 0.48125 0.021875 0.03125
1 0.071875 0.478125 0.015625 0.0390625
1 0.084375 0.475 0.0140625 0.0390625
1 0.275 0.465625 0.0078125 0.0140625
1 0.26875 0.4703125 0.0140625 0.021875
1 0.321875 0.4453125 0.003125 0.0125
1 0.3328125 0.4453125 0.0046875 0.009375
1 0.3828125 0.4578125 0.0078125 0.0203125
1 0.3984375 0.4546875 0.0125 0.021875
1 0.4453125 0.4546875 0.015625 0.0453125
