1 0.168077 0.326360 0.102308 0.177824
1 0.309231 0.401674 0.046154 0.081590
1 0.390000 0.358264 0.073846 0.130753
1 0.398077 0.383891 0.042308 0.064854
1 0.527308 0.348326 0.080769 0.125523
1 0.623846 0.376569 0.036923 0.069038
1 0.695769 0.368201 0.034615 0.066946
1 0.769231 0.500523 0.058462 0.091004
1 0.751154 0.369770 0.022308 0.036611
1 0.814231 0.324791 0.036154 0.059623
1 0.878077 0.441946 0.053077 0.076360
1 0.830000 0.455544 0.049231 0.080544
1 0.863846 0.351987 0.023077 0.034519
1 0.911923 0.364017 0.019231 0.031381
