1 0.025 0.6828125 0.04375 0.1296875
1 0.09375 0.6609375 0.0515625 0.14375
1 0.1265625 0.6734375 0.0453125 0.1171875
1 0.15625 0.66875 0.04375 0.11875
1 0.190625 0.671875 0.0515625 0.1265625
1 0.3140625 0.6578125 0.05625 0.1375
1 0.3875 0.6609375 0.040625 0.11875
1 0.36875 0.6609375 0.03125 0.1109375
1 0.3890625 0.6875 0.0640625 0.1265625
1 0.4546875 0.6671875 0.05625 0.1625
1 0.5375 0.6671875 0.0453125 0.140625
1 0.5703125 0.665625 0.0390625 0.121875
1 0.6125 0.6640625 0.04375 0.1203125
1 0.70625 0.66875 0.065625 0.1421875
1 0.7203125 0.6765625 0.06875 0.1328125
1 0.8203125 0.6609375 0.05625 0.125
1 0.903125 0.66875 0.04375 0.15
1 0.8625 0.6734375 0.0359375 0.140625
