1 0.0171875 0.584375 0.03125 0.1265625
1 0.1375 0.4796875 0.034375 0.0890625
1 0.20625 0.4265625 0.0328125 0.0796875
1 0.2375 0.5234375 0.034375 0.0984375
1 0.3015625 0.53125 0.0546875 0.1125
1 0.3171875 0.4375 0.03125 0.0734375
1 0.43125 0.4671875 0.0484375 0.0890625
1 0.471875 0.4609375 0.0421875 0.0859375
1 0.525 0.4671875 0.034375 0.0859375
1 0.3734375 0.5828125 0.1046875 0.0953125
1 0.5234375 0.5765625 0.084375 0.1109375
1 0.6296875 0.5578125 0.0640625 0.096875
1 0.6046875 0.475 0.0265625 0.0953125
1 0.590625 0.4359375 0.0375 0.0671875
1 0.66875 0.3953125 0.0171875 0.0671875
1 0.784375 0.409375 0.025 0.096875
1 0.0265625 0.4453125 0.034375 0.0640625
1 0.0765625 0.375 0.0171875 0.046875
1 0.0875 0.378125 0.015625 0.0421875
1 0.0984375 0.375 0.01875 0.05625
1 0.1171875 0.375 0.021875 0.05625
1 0.1359375 0.36875 0.0140625 0.0578125
1 0.3875 0.3171875 0.0171875 0.0265625
1 0.38125 0.3609375 0.0265625 0.0546875
1 0.4328125 0.3734375 0.0265625 0.0859375
1 0.475 0.3640625 0.0140625 0.0515625
1 0.546875 0.309375 0.0171875 0.03125
1 0.5625 0.3109375 0.0171875 0.0359375
1 0.6265625 0.33125 0.0203125 0.0265625
1 0.64375 0.30625 0.021875 0.0359375
1 0.665625 0.3109375 0.0203125 0.0375
1 0.64375 0.3390625 0.0140625 0.040625
1 0.65625 0.3390625 0.0171875 0.0390625
1 0.7015625 0.3125 0.0171875 0.040625
1 0.7171875 0.3125 0.0125 0.03125
1 0.7296875 0.3109375 0.0140625 0.0375
1 0.7296875 0.31875 0.0171875 0.028125
1 0.71875 0.3390625 0.0140625 0.034375
1 0.728125 0.3328125 0.0109375 0.0203125
1 0.734375 0.35625 0.01875 0.0375
1 0.740625 0.3359375 0.0109375 0.03125
1 0.7453125 0.3125 0.0140625 0.0328125
1 0.753125 0.340625 0.0125 0.0375
1 0.7578125 0.3125 0.0140625 0.03125
1 0.76875 0.3125 0.0140625 0.034375
1 0.7875 0.3125 0.01875 0.0359375
1 0.8046875 0.3109375 0.0171875 0.03125
1 0.9203125 0.396875 0.0265625 0.0390625
1 0.93125 0.403125 0.0265625 0.046875
1 0.9640625 0.4046875 0.0296875 0.0546875
1 0.971875 0.4078125 0.0296875 0.0484375
1 0.9875 0.421875 0.0203125 0.0453125
