1 0.034375 0.6671875 0.0671875 0.328125
1 0.1453125 0.621875 0.059375 0.165625
1 0.1984375 0.68125 0.1421875 0.2984375
1 0.2875 0.6453125 0.0734375 0.2515625
1 0.3453125 0.675 0.109375 0.3015625
1 0.38125 0.6421875 0.06875 0.215625
1 0.4828125 0.646875 0.0921875 0.26875
1 0.4703125 0.68125 0.1109375 0.296875
1 0.6203125 0.6484375 0.103125 0.271875
1 0.6375 0.6875 0.1203125 0.284375
1 0.7484375 0.65 0.09375 0.2625
1 0.9171875 0.6796875 0.1453125 0.3015625
1 0.9578125 0.66875 0.0796875 0.309375
1 0.2078125 0.6171875 0.053125 0.1453125
1 0.26875 0.6265625 0.06875 0.190625
