1 0.059375 0.48125 0.08125 0.31875
1 0.1109375 0.4640625 0.0796875 0.26875
1 0.1609375 0.4578125 0.0515625 0.2625
1 0.2203125 0.5234375 0.15 0.3828125
1 0.3015625 0.4859375 0.1234375 0.35625
1 0.3578125 0.4953125 0.1359375 0.41875
1 0.4234375 0.5953125 0.184375 0.2875
1 0.509375 0.559375 0.178125 0.5328125
1 0.4359375 0.484375 0.078125 0.278125
1 0.4734375 0.4671875 0.0578125 0.275
1 0.6234375 0.4984375 0.1125 0.36875
1 0.584375 0.4109375 0.0359375 0.1140625
1 0.659375 0.4359375 0.0421875 0.2421875
1 0.709375 0.5625 0.1453125 0.471875
1 0.7046875 0.471875 0.0875 0.3375
1 0.746875 0.5078125 0.1375 0.4109375
1 0.8375 0.53125 0.2046875 0.6
1 0.8375 0.553125 0.259375 0.55625
