1 0.09375 0.546875 0.009375 0.03125
0 0.09375 0.5328125 0.003125 0.003125
1 0.1015625 0.5453125 0.009375 0.0265625
0 0.1 0.5359375 0.0015625 0.003125
1 0.096875 0.559375 0.015625 0.021875
0 0.096875 0.55 0.003125 0.003125
1 0.1875 0.5546875 0.0125 0.0296875
0 0.1875 0.5421875 0.003125 0.003125
1 0.190625 0.553125 0.0078125 0.021875
0 0.190625 0.54375 0.0015625 0.003125
1 0.9546875 0.5890625 0.01875 0.03125
0 0.95625 0.5796875 0.0046875 0.0078125
1 0.9375 0.5890625 0.0203125 0.03125
0 0.9375 0.578125 0.00625 0.00625