1 0.915625 0.7015625 0.1140625 0.175
0 0.9109375 0.63125 0.01875 0.021875
1 0.70625 0.6890625 0.1265625 0.2765625
0 0.6890625 0.5703125 0.028125 0.0296875
1 0.6359375 0.6953125 0.11875 0.24375
0 0.6359375 0.5921875 0.0234375 0.0265625
1 0.5265625 0.6046875 0.1953125 0.390625
0 0.5578125 0.4828125 0.0390625 0.0328125
1 0.2875 0.715625 0.115625 0.153125
0 0.2984375 0.6546875 0.0234375 0.021875
1 0.121875 0.7046875 0.084375 0.2015625
0 0.121875 0.61875 0.01875 0.0203125
1 0.0671875 0.6953125 0.1171875 0.26875
0 0.109375 0.58125 0.0296875 0.0296875
1 0.01875 0.703125 0.0328125 0.21875
0 0.015625 0.6109375 0.0234375 0.025
1 0.028125 0.7125 0.046875 0.1734375
0 0.028125 0.6453125 0.01875 0.0234375
1 0.0640625 0.7015625 0.125 0.2296875
0 0.0953125 0.6078125 0.0328125 0.028125