1 0.1484375 0.6953125 0.1203125 0.2296875
0 0.175 0.5984375 0.028125 0.028125
1 0.234375 0.7078125 0.0859375 0.178125
0 0.2390625 0.6328125 0.021875 0.025
1 0.265625 0.70625 0.071875 0.16875
0 0.2796875 0.6375 0.021875 0.025
1 0.353125 0.6734375 0.1140625 0.3015625
0 0.3578125 0.578125 0.0265625 0.0265625
1 0.4015625 0.7109375 0.059375 0.1625
0 0.4 0.6421875 0.0171875 0.01875
1 0.6296875 0.709375 0.0390625 0.1296875
0 0.63125 0.65625 0.015625 0.01875
1 0.7140625 0.7 0.065625 0.1640625
0 0.7046875 0.6296875 0.0203125 0.0203125
1 0.7640625 0.5859375 0.1828125 0.4796875
0 0.78125 0.41875 0.0484375 0.046875