1 0.0203125 0.7515625 0.0375 0.153125
1 0.0703125 0.746875 0.1171875 0.1625
1 0.09375 0.753125 0.1 0.1515625
1 0.1390625 0.703125 0.1953125 0.25
1 0.1890625 0.7125 0.1671875 0.2328125
1 0.209375 0.6640625 0.228125 0.3296875
1 0.3296875 0.753125 0.0671875 0.1515625
1 0.3671875 0.753125 0.0703125 0.15
1 0.4265625 0.7375 0.0953125 0.1828125
1 0.4375 0.7703125 0.0921875 0.1171875
1 0.503125 0.74375 0.125 0.1703125
1 0.5375 0.7453125 0.08125 0.1671875
1 0.5703125 0.7515625 0.046875 0.1296875
1 0.6 0.746875 0.03125 0.1125
1 0.6203125 0.7453125 0.04375 0.128125
1 0.6375 0.75 0.115625 0.1578125
1 0.70625 0.753125 0.05 0.146875
1 0.7234375 0.734375 0.046875 0.1265625
1 0.75625 0.7171875 0.0265625 0.1
1 0.828125 0.6640625 0.3140625 0.3296875
1 0 0.165625 0 0
1 0.9703125 0.740625 0.0515625 0.175
