1 0.640625 0.6921875 0.203125 0.2390625
0 0.678125 0.6125 0.0828125 0.0765625
1 0.8484375 0.51875 0.203125 0.4625
0 0.8546875 0.3265625 0.0703125 0.0734375
1 0.753125 0.45 0.2375 0.38125
0 0.79375 0.303125 0.05625 0.078125
1 0.68125 0.5328125 0.1296875 0.1171875
0 0.7234375 0.496875 0.0484375 0.0390625
1 0.53125 0.4828125 0.1953125 0.43125
0 0.5328125 0.303125 0.0515625 0.06875
1 0.278125 0.5296875 0.378125 0.446875
0 0.30625 0.34375 0.0546875 0.06875
1 0.35625 0.59375 0.175 0.3171875
0 0.3828125 0.4703125 0.059375 0.0671875
1 0.1953125 0.5984375 0.30625 0.4625
0 0.1671875 0.4140625 0.078125 0.0921875
1 0.4390625 0.66875 0.2265625 0.2609375
0 0.4484375 0.5828125 0.059375 0.078125
1 0.53125 0.578125 0.18125 0.365625
0 0.53125 0.4359375 0.0546875 0.0640625
1 0.6765625 0.5953125 0.15625 0.3234375
0 0.6765625 0.46875 0.0609375 0.06875