1 0.971875 0.584375 0.05 0.3140625
1 0.9359375 0.6328125 0.1203125 0.34375
1 0.825 0.5578125 0.10625 0.2953125
1 0.7890625 0.590625 0.134375 0.321875
1 0.7375 0.5609375 0.084375 0.2484375
1 0.7171875 0.609375 0.121875 0.2984375
1 0.7296875 0.696875 0.259375 0.2953125
1 0.50625 0.6921875 0.1421875 0.3046875
1 0.253125 0.703125 0.21875 0.284375
1 0.396875 0.675 0.146875 0.3390625
1 0.634375 0.7140625 0.1546875 0.2625
1 0.6015625 0.6015625 0.1140625 0.3171875
1 0.5875 0.4640625 0.0921875 0.2359375
1 0.5015625 0.48125 0.075 0.221875
1 0.4625 0.465625 0.0640625 0.228125
1 0.4015625 0.5625 0.1140625 0.2953125
1 0.321875 0.625 0.146875 0.321875
1 0.196875 0.6859375 0.0921875 0.2359375
1 0.2515625 0.5921875 0.109375 0.284375
1 0.15 0.5421875 0.1140625 0.2765625
1 0.234375 0.503125 0.0921875 0.26875
1 0.3140625 0.50625 0.1 0.2703125
1 0.396875 0.503125 0.1125 0.26875
1 0.4125 0.403125 0.0515625 0.1484375
1 0.3796875 0.4390625 0.08125 0.203125
1 0.359375 0.3921875 0.05625 0.1546875
1 0.2765625 0.4015625 0.075 0.1703125
1 0.325 0.39375 0.0515625 0.1359375
1 0.2171875 0.453125 0.0765625 0.1734375
1 0.109375 0.4765625 0.071875 0.2171875
1 0.0578125 0.4625 0.06875 0.2
1 0.0171875 0.45 0.028125 0.1890625
1 0.0765625 0.4359375 0.0625 0.2
1 0.1421875 0.440625 0.06875 0.2
1 0.1765625 0.4359375 0.06875 0.2140625
1 0.225 0.4140625 0.0640625 0.18125
1 0.0625 0.3546875 0.0421875 0.1296875
1 0.1203125 0.3515625 0.0390625 0.1
1 0.1015625 0.3640625 0.034375 0.0921875
1 0 0.1515625 0 0
