1 0.253125 0.3984375 0.0265625 0.059375
1 0.2921875 0.4015625 0.028125 0.065625
1 0.3140625 0.40625 0.025 0.0765625
1 0.3375 0.4078125 0.0265625 0.0703125
1 0.365625 0.4078125 0.0375 0.0703125
1 0.390625 0.40625 0.0359375 0.0921875
1 0.4140625 0.40625 0.03125 0.0828125
1 0.6265625 0.4203125 0.0546875 0.128125
1 0.43125 0.4546875 0.05625 0.121875
1 0.459375 0.5046875 0.084375 0.2203125
1 0.4875 0.478125 0.06875 0.1640625
1 0.53125 0.496875 0.0671875 0.190625
1 0.5625 0.4875 0.0703125 0.165625
1 0.575 0.540625 0.1 0.23125
1 0.6125 0.4859375 0.0578125 0.1796875
1 0.6421875 0.4953125 0.065625 0.1734375
1 0.6921875 0.5078125 0.08125 0.2109375
1 0.678125 0.5453125 0.1015625 0.2484375
1 0.65625 0.5859375 0.08125 0.25625
1 0.753125 0.478125 0.05625 0.134375
1 0.809375 0.4859375 0.0765625 0.184375
1 0.8 0.5296875 0.0796875 0.2046875
1 0.7453125 0.5703125 0.1015625 0.2875
1 0.575 0.5765625 0.0953125 0.2875
1 0.4890625 0.5640625 0.1203125 0.2984375
1 0.434375 0.628125 0.16875 0.3453125
1 0.36875 0.521875 0.0875 0.1984375
1 0.3484375 0.5453125 0.0953125 0.2515625
1 0.34375 0.6015625 0.10625 0.315625
1 0.24375 0.5734375 0.084375 0.26875
1 0.2296875 0.5859375 0.11875 0.3140625
1 0.240625 0.646875 0.14375 0.325
1 0.10625 0.60625 0.125 0.2953125
1 0.075 0.6828125 0.1171875 0.2921875
1 0.13125 0.6609375 0.1625 0.3359375
1 0.0234375 0.7125 0.04375 0.23125
1 0.8109375 0.5734375 0.0984375 0.1015625
