1 0 0.165625 0 0
1 0.8375 0.5109375 0.153125 0.453125
1 0.825 0.453125 0.1125 0.18125
1 0.7375 0.5140625 0.1265625 0.3890625
1 0.65625 0.5578125 0.2609375 0.3828125
1 0.6171875 0.5109375 0.1421875 0.40625
1 0.625 0.4171875 0.1265625 0.171875
1 0.4875 0.5 0.13125 0.3953125
1 0.4875 0.4421875 0.0875 0.1421875
1 0.378125 0.5296875 0.1484375 0.3703125
1 0.4171875 0.5859375 0.1890625 0.3046875
1 0.4671875 0.59375 0.0890625 0.159375
1 0.26875 0.5546875 0.0875 0.29375
1 0.171875 0.6171875 0.2015625 0.25625
1 0.16875 0.5515625 0.1453125 0.3390625
1 0.0515625 0.5328125 0.0984375 0.3828125
