1 0.01875 0.44375 0.0375 0.08125
0 0.0078125 0.409375 0.009375 0.009375
1 0.1015625 0.503125 0.190625 0.325
0 0.103125 0.36875 0.0375 0.046875
1 0.071875 0.4875 0.1125 0.2140625
0 0.0671875 0.40625 0.028125 0.03125
1 0.1625 0.4390625 0.0203125 0.078125
0 0.1625 0.409375 0.009375 0.0109375
1 0.209375 0.478125 0.09375 0.16875
0 0.203125 0.4109375 0.01875 0.0265625
1 0.253125 0.45625 0.04375 0.153125
0 0.25 0.39375 0.0171875 0.0234375
1 0.2765625 0.446875 0.05 0.125
0 0.271875 0.396875 0.015625 0.0171875
1 0.3078125 0.453125 0.0578125 0.14375
0 0.296875 0.39375 0.0171875 0.0171875
1 0.3390625 0.440625 0.0171875 0.040625
0 0.340625 0.428125 0.0046875 0.0046875
1 0.3484375 0.4328125 0.028125 0.053125
0 0.3453125 0.4140625 0.0078125 0.0078125
1 0.390625 0.4421875 0.040625 0.146875
0 0.3921875 0.38125 0.0171875 0.021875
1 0.4078125 0.46875 0.065625 0.171875
0 0.4 0.4 0.01875 0.0265625
1 0.45625 0.4875 0.090625 0.240625
0 0.446875 0.3890625 0.0296875 0.034375
1 0.5390625 0.478125 0.084375 0.1796875
0 0.5328125 0.403125 0.0203125 0.0265625
1 0.565625 0.4625 0.0453125 0.1359375
0 0.5796875 0.40625 0.0140625 0.0171875
1 0.6078125 0.446875 0.0421875 0.1328125
0 0.6078125 0.3953125 0.0140625 0.0171875
1 0.6375 0.434375 0.03125 0.1171875
0 0.6359375 0.3875 0.015625 0.0171875
1 0.68125 0.5875 0.209375 0.4
0 0.6625 0.4171875 0.05 0.053125
1 0.7203125 0.48125 0.084375 0.1890625
0 0.7125 0.40625 0.0203125 0.0265625
1 0.7703125 0.4390625 0.0390625 0.1328125
0 0.7734375 0.384375 0.0171875 0.0171875
1 0.7953125 0.4546875 0.0609375 0.1640625
0 0.79375 0.3890625 0.0203125 0.0265625
1 0.834375 0.5296875 0.1125 0.3328125
0 0.821875 0.3953125 0.0375 0.053125
1 0.8734375 0.4484375 0.0625 0.1921875
0 0.8703125 0.371875 0.01875 0.0234375
1 0.9375 0.4828125 0.0984375 0.23125
0 0.93125 0.39375 0.0328125 0.0359375
1 0.9859375 0.4546875 0.0203125 0.1625
0 0.9890625 0.3921875 0.0140625 0.0265625
1 0.0390625 0.440625 0.0234375 0.0828125
0 0.040625 0.4109375 0.0109375 0.0125
1 0.471875 0.4515625 0.0546875 0.1421875
0 0.4640625 0.3984375 0.0140625 0.021875
1 0.5109375 0.425 0.034375 0.071875
0 0.515625 0.3984375 0.009375 0.0109375
1 0.621875 0.434375 0.0265625 0.090625
0 0.6171875 0.396875 0.0078125 0.0109375
1 0.971875 0.425 0.03125 0.0796875
0 0.96875 0.39375 0.0109375 0.0109375
1 0.909375 0.41875 0.0375 0.096875
0 0.9109375 0.384375 0.015625 0.0171875