1 0.0796875 0.5640625 0.15625 0.5296875
0 0.1046875 0.34375 0.0625 0.0796875
1 0.16875 0.559375 0.1140625 0.43125
0 0.184375 0.384375 0.046875 0.0640625
1 0.2421875 0.559375 0.1140625 0.4234375
0 0.2640625 0.3875 0.046875 0.0609375
1 0.3234375 0.5484375 0.13125 0.4296875
0 0.3359375 0.3671875 0.05 0.0609375
1 0.4171875 0.55 0.1203125 0.4109375
0 0.4234375 0.378125 0.0421875 0.0578125
1 0.5125 0.571875 0.1140625 0.4140625
0 0.5078125 0.396875 0.05 0.05625
1 0.575 0.575 0.1140625 0.3921875
0 0.5703125 0.409375 0.046875 0.0515625
1 0.665625 0.565625 0.121875 0.4234375
0 0.671875 0.3890625 0.046875 0.0578125
1 0.7671875 0.575 0.15 0.4390625
0 0.775 0.390625 0.046875 0.0609375
1 0.89375 0.5796875 0.1890625 0.496875
0 0.8546875 0.371875 0.0546875 0.0703125
1 0.903125 0.5609375 0.1765625 0.5359375
0 0.9 0.3375 0.06875 0.0828125