1 0.790625 0.6953125 0.1515625 0.2703125
0 0.8125 0.5859375 0.0421875 0.0453125
1 0 0.165625 0 0
0 0.6890625 0.54375 0.0328125 0.0375
1 0.6171875 0.603125 0.0390625 0.1203125
0 0.61875 0.5578125 0.0109375 0.0125
1 0.44375 0.6671875 0.1140625 0.2875
0 0.45 0.5515625 0.0296875 0.0328125
1 0.2078125 0.5890625 0.015625 0.046875
0 0.2078125 0.571875 0.0078125 0.0078125
1 0.190625 0.5859375 0.0171875 0.040625
0 0.1921875 0.5703125 0.00625 0.00625
1 0.153125 0.5953125 0.0203125 0.0546875
0 0.153125 0.571875 0.00625 0.00625
1 0.175 0.5921875 0.0171875 0.04375
0 0.1734375 0.571875 0.00625 0.0046875
1 0.1296875 0.5890625 0.015625 0.05
0 0.13125 0.56875 0.00625 0.009375
1 0.1375 0.590625 0.0140625 0.053125
0 0.1359375 0.56875 0.0046875 0.00625
1 0.1625 0.584375 0.0125 0.04375
0 0.1609375 0.5671875 0.0046875 0.0046875
1 0.228125 0.5828125 0.0140625 0.046875
0 0.2296875 0.5640625 0.0046875 0.0046875