1 0.296875 0.359375 0.1140625 0.234375
0 0.2953125 0.2703125 0.0453125 0.0515625
1 0.1765625 0.54375 0.28125 0.4640625
0 0.1328125 0.3609375 0.078125 0.096875
1 0.2625 0.60625 0.525 0.446875
0 0.146875 0.4703125 0.1359375 0.1515625
1 0.259375 0.6640625 0.5140625 0.3296875
0 0.146875 0.4671875 0.1421875 0.1609375
1 0.4390625 0.5578125 0.2078125 0.3765625
0 0.4375 0.425 0.06875 0.0859375
1 0.5875 0.5125 0.14375 0.278125
0 0.578125 0.415625 0.05625 0.0734375
1 0.73125 0.4484375 0.14375 0.50625
0 0.696875 0.2375 0.0640625 0.0765625
1 0.734375 0.5796875 0.31875 0.4984375
0 0.7578125 0.3921875 0.0828125 0.1078125
1 0.75625 0.6546875 0.4796875 0.35
0 0.759375 0.3921875 0.0859375 0.1078125