1 0.1484375 0.3765625 0.1140625 0.2609375
0 0.165625 0.2703125 0.0375 0.04375
1 0.24375 0.3828125 0.0890625 0.2453125
0 0.234375 0.2875 0.0296875 0.04375
1 0.309375 0.33125 0.11875 0.2578125
0 0.3 0.2421875 0.0328125 0.0484375
1 0.2859375 0.4828125 0.11875 0.3203125
0 0.2859375 0.3609375 0.0453125 0.053125
1 0.4546875 0.4875 0.1375 0.3375
0 0.4578125 0.365625 0.0453125 0.0484375
1 0.51875 0.4671875 0.10625 0.28125
0 0.5109375 0.359375 0.0390625 0.053125
1 0.53125 0.36875 0.11875 0.3515625
0 0.515625 0.2265625 0.04375 0.053125
1 0.5765625 0.465625 0.0984375 0.153125
0 0.56875 0.4265625 0.0328125 0.0375
1 0.7734375 0.375 0.08125 0.221875
0 0.775 0.2890625 0.0296875 0.0390625