1 0.728125 0.64375 0.0546875 0.134375
1 0.734375 0.63125 0.05 0.121875
1 0.646875 0.6578125 0.065625 0.1609375
1 0.5734375 0.6640625 0.059375 0.14375
1 0.50625 0.6609375 0.053125 0.153125
1 0.4328125 0.7265625 0.08125 0.234375
1 0.4078125 0.665625 0.059375 0.1265625
1 0.34375 0.621875 0.03125 0.096875
1 0.2171875 0.6765625 0.059375 0.203125
1 0.1625 0.6875 0.0640625 0.1828125
1 0.090625 0.6796875 0.06875 0.2171875
1 0.0375 0.6828125 0.075 0.1984375
1 0.29375 0.6234375 0.034375 0.09375
1 0.2734375 0.621875 0.034375 0.09375
1 0.578125 0.61875 0.034375 0.109375
1 0.9703125 0.6796875 0.0515625 0.2359375
