1 0.01875 0.60625 0.0328125 0.084375
1 0.0734375 0.59375 0.0234375 0.0515625
1 0.1203125 0.5921875 0.0234375 0.0578125
1 0.128125 0.5875 0.009375 0.0453125
1 0.1484375 0.59375 0.0234375 0.059375
1 0.1640625 0.5921875 0.0140625 0.0515625
1 0.175 0.5921875 0.0140625 0.0515625
1 0.1921875 0.5890625 0.0109375 0.0375
1 0.209375 0.59375 0.01875 0.0640625
1 0.2234375 0.59375 0.009375 0.05625
1 0.234375 0.5890625 0.0140625 0.05
1 0.7671875 0.59375 0.0203125 0.065625
1 0.95 0.6546875 0.078125 0.196875
1 0.871875 0.65625 0.0625 0.1890625
1 0.809375 0.659375 0.0546875 0.2125
1 0.734375 0.6109375 0.03125 0.0859375
1 0.678125 0.6 0.0234375 0.075
1 0.6953125 0.6421875 0.046875 0.1640625
1 0.634375 0.646875 0.0546875 0.1703125
1 0.5671875 0.609375 0.028125 0.0859375
1 0.5859375 0.6078125 0.01875 0.0859375
1 0.5671875 0.690625 0.0625 0.1734375
1 0.625 0.6984375 0.0828125 0.15625
1 0.50625 0.7046875 0.1421875 0.1453125
1 0.4515625 0.6765625 0.071875 0.1421875
1 0.4125 0.690625 0.078125 0.1421875
1 0.3953125 0.6890625 0.0984375 0.1640625
