1 0.025 0.4671875 0.034375 0.1171875
1 0.1640625 0.4953125 0.05 0.096875
1 0.21875 0.4921875 0.0609375 0.1328125
1 0.3046875 0.4796875 0.040625 0.1515625
1 0.334375 0.4671875 0.021875 0.1140625
1 0.35625 0.4875 0.05625 0.1421875
1 0.36875 0.4765625 0.028125 0.10625
1 0.3890625 0.4765625 0.053125 0.13125
1 0.4203125 0.471875 0.025 0.0890625
1 0.453125 0.4796875 0.04375 0.1390625
1 0.45 0.5359375 0.115625 0.25625
1 0.5640625 0.528125 0.096875 0.265625
1 0.7453125 0.5890625 0.171875 0.4109375
1 0.1890625 0.45 0.025 0.0625
1 0.1734375 0.45 0.0234375 0.05
1 0.1578125 0.4484375 0.01875 0.046875
1 0.3171875 0.4796875 0.03125 0.1234375
1 0.5359375 0.4921875 0.05 0.1484375
