1 0.203698 0.248166 0.040037 0.071803
1 0.257946 0.245545 0.036675 0.073899
1 0.336339 0.230870 0.035758 0.073899
1 0.413509 0.242400 0.036064 0.078092
1 0.492818 0.255241 0.036369 0.072327
1 0.558680 0.259958 0.037897 0.076520
1 0.618123 0.256813 0.040037 0.081761
1 0.679554 0.277516 0.036369 0.084382
1 0.756571 0.296908 0.040648 0.082285
1 0.141504 0.354036 0.037897 0.085430
1 0.217910 0.337788 0.040954 0.084382
1 0.295079 0.303459 0.038814 0.093291
1 0.361553 0.299528 0.040342 0.088574
1 0.437347 0.345388 0.038509 0.077568
1 0.494652 0.328616 0.033924 0.084906
1 0.554248 0.358753 0.037592 0.089623
1 0.622555 0.370545 0.039731 0.088050
1 0.718521 0.359539 0.040342 0.090147
1 0.780562 0.351677 0.045844 0.091195
1 0.854829 0.340671 0.046455 0.090147
1 0.102537 0.485063 0.041870 0.086478
1 0.167023 0.484015 0.038814 0.089623
1 0.250764 0.490042 0.036369 0.087002
1 0.322127 0.466457 0.040342 0.090147
1 0.395018 0.487159 0.039425 0.090671
1 0.470813 0.502621 0.038814 0.089099
1 0.571210 0.504455 0.040954 0.099057
1 0.648991 0.497642 0.037592 0.087526
1 0.746027 0.482966 0.046455 0.096960
1 0.838325 0.472484 0.043399 0.105346
