1 0.1703125 0.5421875 0.01875 0.0578125
1 0.1703125 0.5328125 0.01875 0.046875
1 0.1875 0.5328125 0.0140625 0.0421875
1 0.1984375 0.5734375 0.05625 0.146875
1 0.296875 0.5453125 0.0265625 0.0953125
1 0.3265625 0.5484375 0.0234375 0.046875
1 0.3484375 0.56875 0.0453125 0.0421875
1 0.3640625 0.565625 0.04375 0.0375
1 0.3890625 0.55 0.0375 0.0546875
1 0.425 0.525 0.0171875 0.05
1 0.4828125 0.5265625 0.015625 0.0484375
1 0.471875 0.5234375 0.0171875 0.04375
1 0.25 0.6625 0.1828125 0.0828125
1 0.3484375 0.625 0.10625 0.0921875
1 0.3578125 0.6046875 0.1171875 0.08125
1 0.4421875 0.54375 0.0203125 0.05
1 0.4515625 0.5484375 0.0359375 0.0359375
1 0.4703125 0.525 0.0140625 0.0484375
1 0.4796875 0.5234375 0.0171875 0.0453125
1 0.45 0.55 0.0359375 0.0328125
1 0.4546875 0.5546875 0.0421875 0.03125
1 0.50625 0.546875 0.0203125 0.0328125
1 0.496875 0.5484375 0.0234375 0.028125
1 0.4796875 0.56875 0.046875 0.0328125
1 0.471875 0.609375 0.071875 0.0671875
1 0.440625 0.696875 0.1671875 0.153125
1 0.28125 0.659375 0.2421875 0.3484375
1 0.51875 0.5234375 0.0125 0.0453125
1 0.5171875 0.553125 0.025 0.0359375
1 0.525 0.5625 0.0203125 0.0390625
1 0.553125 0.5921875 0.0859375 0.071875
1 0.5546875 0.61875 0.1328125 0.10625
1 0.565625 0.6234375 0.15 0.0953125
1 0.584375 0.6359375 0.1453125 0.1015625
1 0.5796875 0.671875 0.221875 0.1046875
1 0.634375 0.6890625 0.1828125 0.15625
1 0.65625 0.721875 0.2796875 0.165625
1 0.7375 0.61875 0.1203125 0.1078125
1 0.7125 0.5984375 0.09375 0.0796875
1 0.7015625 0.59375 0.090625 0.0625
1 0.6734375 0.5796875 0.078125 0.0625
1 0.6625 0.5734375 0.0609375 0.0671875
1 0.61875 0.51875 0.0171875 0.046875
1 0.653125 0.51875 0.0203125 0.0484375
1 0.66875 0.5203125 0.015625 0.04375
1 0.6859375 0.5265625 0.0234375 0.05
1 0.7015625 0.5203125 0.0203125 0.0546875
1 0.684375 0.5125 0.0171875 0.0421875
1 0.71875 0.5484375 0.01875 0.040625
1 0.728125 0.553125 0.0328125 0.0328125
1 0.7375 0.5484375 0.021875 0.0359375
1 0.7453125 0.55 0.040625 0.0359375
1 0.7484375 0.5421875 0.03125 0.0296875
1 0.7734375 0.559375 0.028125 0.0375
1 0.76875 0.546875 0.0296875 0.0375
1 0.7453125 0.5140625 0.0125 0.0421875
1 0.75 0.5171875 0.0171875 0.040625
1 0.75625 0.5109375 0.0140625 0.03125
1 0.7640625 0.5140625 0.015625 0.040625
1 0.765625 0.5171875 0.025 0.0421875
1 0.7796875 0.515625 0.0125 0.0484375
1 0.7875 0.5203125 0.015625 0.0578125
1 0.7921875 0.5140625 0.0171875 0.046875
1 0.803125 0.5140625 0.009375 0.0296875
1 0.8390625 0.546875 0.0609375 0.165625
1 0.8765625 0.7484375 0.140625 0.16875
1 0.9109375 0.634375 0.171875 0.396875
