1 0.8890625 0.7734375 0.0546875 0.109375
1 0.834375 0.73125 0.04375 0.071875
1 0.7546875 0.7203125 0.0359375 0.065625
1 0.490625 0.6875 0.0453125 0.0859375
1 0.425 0.6953125 0.0546875 0.0765625
1 0.11875 0.7265625 0.05 0.096875
1 0.0734375 0.7203125 0.04375 0.0921875
1 0.1265625 0.6203125 0.0234375 0.053125
1 0.0890625 0.6 0.0234375 0.0421875
1 0.0546875 0.59375 0.021875 0.0375
1 0.025 0.60625 0.015625 0.0375
1 0.0125 0.5953125 0.021875 0.0375
1 0.009375 0.5890625 0.01875 0.0328125
1 0.21875 0.5484375 0.0140625 0.028125
