1 0.015769 0.890878 0.031538 0.054273
1 0.060385 0.849885 0.031538 0.053118
1 0.283077 0.791570 0.032308 0.051963
1 0.310769 0.763279 0.026154 0.039261
1 0.353077 0.673788 0.023077 0.045035
1 0.492308 0.710739 0.023077 0.038106
1 0.501923 0.691686 0.020769 0.034642
1 0.508846 0.663395 0.020769 0.040416
1 0.589615 0.653580 0.020769 0.030023
1 0.583077 0.621247 0.021538 0.034642
1 0.595385 0.568129 0.015385 0.023095
1 0.600385 0.531178 0.014615 0.020785
1 0.632308 0.546189 0.013846 0.023095
1 0.738462 0.668014 0.023077 0.040416
1 0.761538 0.617206 0.021538 0.028868
1 0.738846 0.598152 0.017692 0.030023
1 0.013462 0.514434 0.010000 0.017321
1 0.023462 0.522517 0.010000 0.015012
1 0.081154 0.561778 0.030000 0.102771
1 0.090769 0.525982 0.007692 0.015012
1 0.114231 0.549654 0.011538 0.016166
1 0.142308 0.540416 0.010769 0.016166
1 0.107308 0.471709 0.008462 0.012702
1 0.120000 0.467667 0.007692 0.011547
1 0.133846 0.477483 0.009231 0.012702
1 0.146923 0.485566 0.007692 0.010393
1 0.161538 0.481524 0.006154 0.009238
1 0.198077 0.480947 0.006923 0.012702
1 0.223846 0.474596 0.007692 0.011547
1 0.188462 0.447460 0.006154 0.008083
1 0.198846 0.446305 0.005385 0.008083
1 0.203077 0.427252 0.004615 0.006928
1 0.208077 0.424942 0.005385 0.006928
1 0.243462 0.429561 0.003846 0.006928
1 0.250769 0.430139 0.004615 0.008083
1 0.396154 0.420901 0.004615 0.008083
1 0.383077 0.450924 0.012308 0.061201
1 0.403846 0.419169 0.004615 0.006928
1 0.409615 0.441109 0.011538 0.053118
1 0.384615 0.437644 0.006154 0.011547
1 0.371538 0.448037 0.007692 0.011547
1 0.268462 0.481524 0.007692 0.013857
1 0.277308 0.476905 0.008462 0.011547
1 0.302692 0.480947 0.006923 0.010393
1 0.257692 0.545035 0.012308 0.020785
1 0.281923 0.542725 0.010000 0.016166
1 0.268077 0.531755 0.010000 0.017321
1 0.346538 0.487298 0.010000 0.016166
1 0.340769 0.501155 0.009231 0.016166
1 0.322308 0.522517 0.013846 0.019630
1 0.365385 0.537529 0.010769 0.017321
1 0.396538 0.439954 0.005385 0.009238
1 0.423462 0.482679 0.010000 0.011547
1 0.473846 0.483256 0.009231 0.017321
1 0.510769 0.471132 0.009231 0.016166
1 0.609231 0.482102 0.009231 0.017321
1 0.653846 0.490762 0.010769 0.018476
1 0.672692 0.487298 0.010000 0.016166
1 0.689615 0.493072 0.010000 0.016166
1 0.692308 0.476328 0.010769 0.015012
1 0.693462 0.546767 0.013077 0.019630
1 0.721538 0.554273 0.012308 0.018476
1 0.748462 0.540416 0.012308 0.020785
1 0.766154 0.526559 0.010769 0.018476
1 0.743077 0.515012 0.010769 0.018476
1 0.725000 0.427829 0.003846 0.005774
1 0.733462 0.412818 0.005385 0.008083
1 0.739615 0.438222 0.011538 0.049654
1 0.755385 0.421478 0.004615 0.009238
1 0.761538 0.441109 0.006154 0.009238
1 0.775385 0.425520 0.004615 0.008083
1 0.794231 0.443418 0.005385 0.009238
1 0.801923 0.457852 0.006923 0.010393
1 0.803077 0.493649 0.010769 0.015012
1 0.820000 0.512125 0.009231 0.017321
1 0.816154 0.498845 0.009231 0.013857
1 0.816154 0.475751 0.007692 0.013857
1 0.815000 0.443995 0.005385 0.008083
1 0.823462 0.449769 0.006923 0.010393
1 0.827692 0.454965 0.007692 0.011547
1 0.832692 0.430139 0.006923 0.010393
1 0.842308 0.425520 0.006154 0.012702
1 0.842308 0.441686 0.006154 0.008083
1 0.851154 0.495381 0.011538 0.016166
1 0.870769 0.483834 0.010769 0.013857
1 0.876923 0.480370 0.007692 0.013857
1 0.876154 0.523095 0.010769 0.018476
1 0.897692 0.501732 0.010769 0.015012
1 0.891923 0.520208 0.011538 0.017321
1 0.911923 0.469400 0.006923 0.012702
1 0.941538 0.524249 0.012308 0.016166
1 0.953462 0.470554 0.013077 0.019630
1 0.957692 0.459007 0.009231 0.015012
1 0.952308 0.601617 0.018462 0.034642
