1 0.1015625 0.6328125 0.2 0.478125
1 0.2359375 0.653125 0.1984375 0.4375
1 0.31875 0.6171875 0.140625 0.3984375
1 0.38125 0.6984375 0.1671875 0.3453125
1 0.415625 0.6453125 0.1265625 0.39375
1 0.453125 0.6984375 0.1625 0.3453125
1 0.4 0.56875 0.084375 0.3140625
1 0.48125 0.5765625 0.0890625 0.31875
1 0.53125 0.603125 0.109375 0.390625
1 0.5140625 0.6875 0.11875 0.325
1 0.58125 0.7328125 0.1515625 0.278125
1 0.634375 0.7 0.1546875 0.34375
1 0.7671875 0.73125 0.21875 0.28125
1 0.6390625 0.584375 0.125 0.3375
1 0.765625 0.596875 0.14375 0.3703125
1 0.7734375 0.7 0.1890625 0.3375
1 0.7953125 0.5859375 0.096875 0.34375
1 0.9234375 0.6171875 0.1453125 0.509375
