1 0.465625 0.375 0.0546875 0.165625
0 0.4671875 0.30625 0.01875 0.01875
1 0.45625 0.434375 0.1015625 0.24375
0 0.465625 0.3296875 0.028125 0.03125
1 0.5046875 0.3828125 0.0625 0.1875
0 0.5125 0.3015625 0.01875 0.0203125
1 0.5359375 0.3953125 0.0359375 0.1171875
0 0.5375 0.35 0.01875 0.0203125
1 0.5234375 0.44375 0.06875 0.1296875
0 0.534375 0.39375 0.0171875 0.01875
1 0.6 0.35 0.04375 0.103125
0 0.6 0.309375 0.0140625 0.0140625
1 0.575 0.440625 0.084375 0.246875
0 0.55625 0.3375 0.0296875 0.034375
1 0.5921875 0.396875 0.075 0.15
0 0.5828125 0.3390625 0.0234375 0.0234375
1 0.65625 0.425 0.0828125 0.2578125
0 0.65625 0.3171875 0.028125 0.034375