1 0.3140625 0.6234375 0.0109375 0.034375
0 0.3140625 0.6109375 0.0046875 0.0046875
1 0.3015625 0.634375 0.015625 0.05
0 0.3015625 0.6171875 0.0078125 0.0078125
1 0.3 0.6359375 0.0140625 0.046875
0 0.3015625 0.6171875 0.00625 0.0078125
1 0.28125 0.634375 0.015625 0.05
0 0.2828125 0.6140625 0.0046875 0.00625
1 0.253125 0.6390625 0.025 0.06875
0 0.2515625 0.6109375 0.00625 0.009375
1 0.2921875 0.64375 0.021875 0.0640625
0 0.2890625 0.61875 0.0078125 0.0109375
1 0.309375 0.653125 0.028125 0.0515625
0 0.3140625 0.634375 0.009375 0.0078125