1 0.3875 0.615625 0.2171875 0.4109375
1 0.6109375 0.625 0.2125 0.3140625
1 0.05625 0.6109375 0.0421875 0.08125
1 0.1203125 0.6078125 0.015625 0.0390625
1 0.1046875 0.6046875 0.0125 0.0328125
1 0.128125 0.603125 0.0109375 0.03125
1 0.14375 0.603125 0.0125 0.0328125
1 0.246875 0.609375 0.0390625 0.0703125
1 0.2875 0.6078125 0.0203125 0.0453125
1 0.2734375 0.609375 0.0078125 0.025
1 0.2796875 0.60625 0.009375 0.0296875
1 0.4203125 0.609375 0.0125 0.0328125
1 0.475 0.609375 0.0171875 0.05625
1 0.49375 0.6109375 0.025 0.0609375
1 0.5421875 0.6109375 0.0265625 0.0609375
1 0.553125 0.609375 0.0296875 0.065625
1 0.60625 0.615625 0.05625 0.115625
1 0.68125 0.6109375 0.0515625 0.13125
1 0.7265625 0.615625 0.046875 0.115625
1 0.7609375 0.6125 0.01875 0.053125
1 0.7734375 0.609375 0.021875 0.0515625
1 0.79375 0.6109375 0.028125 0.0578125
1 0.809375 0.609375 0.01875 0.053125
1 0.825 0.6078125 0.025 0.059375
1 0.8671875 0.61875 0.0515625 0.1
1 0 0.165625 0 0
1 0.9328125 0.615625 0.09375 0.1453125
