1 0.06875 0.5234375 0.1359375 0.4125
0 0.0671875 0.346875 0.0453125 0.0515625
1 0.109375 0.6046875 0.1421875 0.3734375
0 0.1265625 0.4546875 0.05625 0.059375
1 0.1796875 0.53125 0.1046875 0.38125
0 0.184375 0.36875 0.04375 0.04375
1 0.24375 0.615625 0.125 0.3265625
0 0.2515625 0.484375 0.0484375 0.05625
1 0.2984375 0.534375 0.1078125 0.384375
0 0.3 0.36875 0.040625 0.0421875
1 0.390625 0.61875 0.1234375 0.3671875
0 0.3890625 0.4671875 0.05 0.05625
1 0.4296875 0.5375 0.10625 0.378125
0 0.428125 0.375 0.0390625 0.046875
1 0.51875 0.6328125 0.1328125 0.3484375
0 0.5046875 0.49375 0.0484375 0.0625
1 0.553125 0.553125 0.0953125 0.36875
0 0.553125 0.396875 0.0390625 0.04375
1 0.6578125 0.55 0.1125 0.3796875
0 0.6546875 0.3875 0.040625 0.0484375
1 0.6515625 0.6265625 0.1234375 0.3296875
0 0.6546875 0.49375 0.05 0.0578125
1 0.7734375 0.6328125 0.1296875 0.3375
0 0.775 0.4984375 0.0515625 0.0640625
1 0.7609375 0.553125 0.121875 0.3765625
0 0.7640625 0.390625 0.040625 0.04375
1 0.890625 0.5390625 0.134375 0.403125
0 0.8875 0.3734375 0.0484375 0.05625
1 0.8859375 0.65 0.15 0.2984375
0 0.8875 0.5390625 0.0546875 0.0640625