1 0.0796875 0.56875 0.153125 0.434375
1 0.1296875 0.5796875 0.109375 0.378125
1 0.2 0.575 0.1609375 0.415625
1 0.2703125 0.58125 0.1515625 0.3703125
1 0.3296875 0.5828125 0.0671875 0.2078125
1 0.421875 0.5734375 0.075 0.21875
1 0.5203125 0.5796875 0.1453125 0.4421875
1 0.6109375 0.578125 0.1796875 0.4734375
1 0.728125 0.55625 0.1046875 0.459375
1 0.58125 0.7015625 0.25 0.2390625
1 0.5828125 0.7140625 0.2125 0.228125
1 0.8453125 0.7078125 0.303125 0.24375
1 0.8078125 0.571875 0.0625 0.1390625
1 0.896875 0.5578125 0.0546875 0.153125
1 0.9359375 0.5578125 0.0484375 0.1578125
1 0.9734375 0.565625 0.046875 0.1453125
1 0.3890625 0.584375 0.071875 0.1921875
