1 0.215625 0.6 0.2890625 0.3359375
1 0.28125 0.6015625 0.3015625 0.3328125
1 0.3265625 0.6109375 0.203125 0.3125
1 0.0828125 0.5046875 0.165625 0.465625
1 0.1921875 0.525 0.1359375 0.421875
1 0.28125 0.4984375 0.0984375 0.346875
1 0.4125 0.621875 0.2015625 0.2921875
1 0.36875 0.4828125 0.103125 0.309375
1 0.44375 0.4953125 0.1 0.3015625
1 0.5046875 0.621875 0.115625 0.2921875
1 0.5265625 0.509375 0.1046875 0.29375
1 0.6140625 0.6234375 0.159375 0.2890625
1 0.603125 0.5015625 0.1015625 0.3
1 0.6828125 0.5265625 0.0984375 0.3125
1 0.7765625 0.51875 0.1359375 0.34375
1 0.71875 0.621875 0.1515625 0.290625
1 0.81875 0.625 0.121875 0.2859375
1 0.921875 0.5671875 0.153125 0.4
