1 0.84375 0.5890625 0.0734375 0.25
1 0.784375 0.5859375 0.065625 0.2375
1 0.7703125 0.5640625 0.0734375 0.240625
1 0.7265625 0.5765625 0.071875 0.2421875
1 0.7109375 0.5609375 0.0484375 0.203125
1 0.675 0.5703125 0.0609375 0.2125
1 0.65625 0.565625 0.0453125 0.221875
1 0.6375 0.5734375 0.053125 0.215625
1 0.615625 0.5578125 0.0578125 0.2046875
1 0.578125 0.5796875 0.0546875 0.240625
1 0.5203125 0.58125 0.05625 0.2375
1 0.475 0.5578125 0.059375 0.2125
1 0.434375 0.56875 0.0671875 0.2265625
1 0.3765625 0.578125 0.0828125 0.2203125
1 0.3984375 0.5609375 0.053125 0.2140625
1 0.3234375 0.565625 0.0609375 0.203125
1 0.3125 0.59375 0.06875 0.2359375
1 0.2703125 0.6 0.078125 0.2484375
1 0.2484375 0.584375 0.0578125 0.253125
1 0.2125 0.5953125 0.0875 0.25
1 0.521875 0.6109375 0.0828125 0.1890625
