1 0.1765625 0.221875 0.040625 0.1921875
0 0.175 0.1421875 0.025 0.025
1 0.190625 0.2171875 0.0578125 0.1875
0 0.196875 0.1421875 0.0234375 0.0296875
1 0.2421875 0.2265625 0.05625 0.1703125
0 0.2484375 0.1578125 0.0203125 0.025
1 0.278125 0.228125 0.059375 0.1671875
0 0.2828125 0.1640625 0.0203125 0.028125
1 0.3375 0.2234375 0.0671875 0.175
0 0.334375 0.1578125 0.01875 0.025
1 0.421875 0.2171875 0.0703125 0.1890625
0 0.41875 0.1453125 0.021875 0.03125
1 0.465625 0.21875 0.059375 0.1796875
0 0.4640625 0.1421875 0.021875 0.0296875
1 0.5 0.2140625 0.0578125 0.184375
0 0.5078125 0.1390625 0.028125 0.025
1 0.546875 0.2203125 0.0453125 0.184375
0 0.55 0.1453125 0.0203125 0.028125
1 0.615625 0.221875 0.084375 0.1796875
0 0.603125 0.15 0.021875 0.0234375
1 0.65625 0.215625 0.115625 0.1875
0 0.6328125 0.1390625 0.0203125 0.025
1 0.6671875 0.221875 0.0515625 0.171875
0 0.665625 0.1515625 0.0203125 0.025
1 0.690625 0.2203125 0.0703125 0.1890625
0 0.6921875 0.1421875 0.0203125 0.0265625
1 0.771875 0.2265625 0.04375 0.171875
0 0.778125 0.15625 0.0234375 0.0296875
1 0.8203125 0.2265625 0.0390625 0.184375
0 0.8203125 0.1546875 0.021875 0.028125
1 0.4578125 0.5234375 0.0953125 0.2109375
0 0.4515625 0.4359375 0.0203125 0.0296875
1 0.534375 0.640625 0.05625 0.121875
0 0.54375 0.59375 0.0203125 0.0234375
1 0.459375 0.6453125 0.071875 0.1078125
0 0.4640625 0.60625 0.0203125 0.021875
1 0.4875 0.65 0.0484375 0.103125
0 0.49375 0.6109375 0.0171875 0.021875
1 0.3734375 0.215625 0.0484375 0.171875
0 0.371875 0.1421875 0.0203125 0.025