1 0.8765625 0.453125 0.009375 0.0234375
0 0.8765625 0.4421875 0.0015625 0.0015625
1 0.8546875 0.4640625 0.0375 0.0921875
0 0.8578125 0.4265625 0.009375 0.0125
1 0.8140625 0.45625 0.009375 0.0171875
0 0.8140625 0.45 0.0015625 0.0015625
1 0.8046875 0.45625 0.0078125 0.01875
0 0.8046875 0.45 0.0015625 0.0015625
1 0.7875 0.465625 0.04375 0.1015625
0 0.7859375 0.425 0.0109375 0.0140625
1 0.753125 0.51875 0.0921875 0.2265625
0 0.7484375 0.4234375 0.0265625 0.028125
1 0.71875 0.5171875 0.0671875 0.2125
0 0.7203125 0.4296875 0.021875 0.0265625
1 0.6703125 0.51875 0.06875 0.221875
0 0.665625 0.428125 0.0265625 0.0375
1 0.61875 0.58125 0.1515625 0.3859375
0 0.6125 0.4203125 0.040625 0.0484375
1 0.49375 0.5734375 0.1375 0.3890625
0 0.4859375 0.4109375 0.0390625 0.059375
1 0.4265625 0.596875 0.278125 0.5515625
0 0.39375 0.384375 0.071875 0.1046875
1 0.196875 0.609375 0.209375 0.528125
0 0.190625 0.4 0.0671875 0.0890625