1 0.165625 0.7234375 0.153125 0.2984375
1 0.2390625 0.665625 0.10625 0.2078125
1 0.0734375 0.65 0.0875 0.209375
1 0.1671875 0.653125 0.159375 0.2125
1 0.2390625 0.609375 0.1109375 0.19375
1 0.278125 0.575 0.0515625 0.1734375
1 0.3234375 0.58125 0.071875 0.134375
1 0.4109375 0.609375 0.10625 0.159375
1 0.48125 0.571875 0.078125 0.1640625
1 0.5484375 0.584375 0.0484375 0.134375
1 0.578125 0.590625 0.065625 0.14375
1 0.6515625 0.6078125 0.10625 0.1671875
1 0.7671875 0.7015625 0.1640625 0.3
1 0.8625 0.6546875 0.1515625 0.2578125
1 0.9703125 0.596875 0.05625 0.1625
1 0.915625 0.59375 0.059375 0.1421875
1 0.9453125 0.546875 0.053125 0.1703125
1 0.90625 0.5625 0.0546875 0.1296875
1 0.8546875 0.559375 0.05 0.1265625
1 0.7921875 0.5546875 0.0421875 0.121875
1 0.7515625 0.5828125 0.06875 0.14375
1 0.7359375 0.5671875 0.05625 0.11875
1 0.753125 0.540625 0.040625 0.1
1 0.7640625 0.496875 0.0625 0.121875
1 0.7203125 0.525 0.05625 0.1296875
1 0.665625 0.5765625 0.046875 0.1328125
1 0.6734375 0.5515625 0.053125 0.1171875
1 0.6421875 0.55 0.04375 0.1109375
1 0.6078125 0.5328125 0.0421875 0.1109375
1 0.6390625 0.525 0.0484375 0.1328125
1 0.559375 0.5578125 0.04375 0.1109375
1 0.55 0.5390625 0.0328125 0.096875
1 0.49375 0.55625 0.0453125 0.0921875
1 0.515625 0.5390625 0.0375 0.0921875
1 0.50625 0.540625 0.034375 0.09375
1 0.4953125 0.521875 0.0421875 0.10625
1 0.4703125 0.5 0.028125 0.078125
1 0.4390625 0.5015625 0.0296875 0.084375
1 0.434375 0.5359375 0.0328125 0.0890625
1 0.4359375 0.5546875 0.0359375 0.0984375
1 0.409375 0.5609375 0.0390625 0.1109375
1 0.3890625 0.5515625 0.0359375 0.103125
1 0.3796875 0.54375 0.0484375 0.10625
1 0.3859375 0.5265625 0.0421875 0.1125
1 0.3578125 0.50625 0.053125 0.1078125
1 0.359375 0.540625 0.0375 0.0984375
1 0.3703125 0.5859375 0.0875 0.1734375
1 0.3515625 0.55 0.0546875 0.1078125
1 0.303125 0.5578125 0.046875 0.109375
1 0.0203125 0.5890625 0.0390625 0.1359375
1 0.0140625 0.559375 0.0265625 0.109375
1 0.0609375 0.5640625 0.0734375 0.1359375
1 0.1046875 0.5875 0.0625 0.1375
1 0.1015625 0.5546875 0.04375 0.1109375
1 0.11875 0.5734375 0.05 0.121875
1 0.134375 0.5640625 0.046875 0.125
1 0.1421875 0.5328125 0.046875 0.134375
1 0.1671875 0.5703125 0.05 0.1265625
1 0.19375 0.58125 0.0765625 0.153125
1 0.190625 0.5578125 0.0515625 0.121875
1 0.2078125 0.5421875 0.0796875 0.11875
1 0.2421875 0.5703125 0.065625 0.1359375
1 0.2578125 0.5078125 0.0671875 0.1140625
1 0.2890625 0.5125 0.0328125 0.0953125
1 0.3140625 0.528125 0.0375 0.1140625
1 0.2921875 0.5515625 0.0390625 0.1109375
