1 0.1703125 0.584375 0.2 0.490625
0 0.165625 0.3890625 0.0734375 0.0734375
1 0.2296875 0.6046875 0.178125 0.446875
0 0.2328125 0.41875 0.0515625 0.0515625
1 0.3859375 0.58125 0.14375 0.415625
0 0.3875 0.409375 0.0546875 0.0609375
1 0.459375 0.5890625 0.209375 0.4796875
0 0.4578125 0.3984375 0.059375 0.0734375
1 0.540625 0.546875 0.1359375 0.38125
0 0.5359375 0.390625 0.04375 0.0546875
1 0.684375 0.5734375 0.1765625 0.5125
0 0.6890625 0.36875 0.0859375 0.1015625
1 0.7875 0.58125 0.1640625 0.4796875
0 0.796875 0.3828125 0.0546875 0.0703125
1 0.915625 0.603125 0.159375 0.453125
0 0.9546875 0.43125 0.0828125 0.0984375