1 0.881250 0.451991 0.062500 0.135831
1 0.915625 0.432084 0.059375 0.110070
1 0.710156 0.447307 0.057813 0.126464
1 0.793750 0.408665 0.059375 0.114754
1 0.924219 0.304450 0.054688 0.098361
1 0.588281 0.362998 0.073438 0.163934
1 0.467187 0.490632 0.059375 0.114754
1 0.384375 0.344262 0.062500 0.126464
1 0.226562 0.450820 0.059375 0.114754
1 0.084375 0.457845 0.062500 0.114754
1 0.332031 0.360656 0.060937 0.126464
1 0.445312 0.345433 0.056250 0.086651
1 0.722656 0.392272 0.067187 0.128806
1 0.729688 0.306792 0.043750 0.084309
1 0.065625 0.360656 0.043750 0.098361
1 0.167969 0.284543 0.054688 0.105386
1 0.457031 0.250585 0.045312 0.088993
1 0.263281 0.071429 0.026562 0.044496
1 0.186719 0.101874 0.026562 0.049180
1 0.693750 0.372365 0.065625 0.117096
