1 0.2375 0.5375 0.04375 0.15625
0 0.23125 0.471875 0.0234375 0.0234375
1 0.35625 0.4984375 0.01875 0.028125
0 0.3578125 0.4890625 0.0046875 0.0046875
1 0.384375 0.490625 0.015625 0.0421875
0 0.3875 0.475 0.00625 0.0046875
1 0.4046875 0.5015625 0.025 0.0515625
0 0.396875 0.4828125 0.00625 0.0078125
1 0.425 0.50625 0.0171875 0.03125
0 0.428125 0.4953125 0.00625 0.00625
1 0.4296875 0.5 0.0140625 0.0265625
0 0.428125 0.4921875 0.00625 0.0078125
1 0.38125 0.5203125 0.021875 0.028125
0 0.384375 0.515625 0.0046875 0.00625
1 0.4984375 0.4890625 0.028125 0.0234375
0 0.4953125 0.4828125 0.0078125 0.0078125
1 0.578125 0.50625 0.015625 0.025
0 0.5765625 0.4984375 0.00625 0.00625