1 0.0171875 0.54375 0.0328125 0.075
1 0.040625 0.546875 0.0296875 0.059375
1 0.1265625 0.5296875 0.0234375 0.0671875
1 0.1734375 0.534375 0.0375 0.06875
1 0.3640625 0.490625 0.015625 0.0328125
1 0.3859375 0.503125 0.025 0.0421875
1 0.40625 0.4875 0.0140625 0.0265625
1 0.4203125 0.503125 0.0234375 0.0390625
1 0.4484375 0.4984375 0.0140625 0.040625
1 0.490625 0.4921875 0.021875 0.0390625
1 0.5140625 0.496875 0.0203125 0.0296875
1 0.8671875 0.51875 0.025 0.0546875
1 0.7890625 0.509375 0.0171875 0.0421875
1 0.790625 0.5203125 0.021875 0.0515625
1 0.76875 0.5203125 0.0203125 0.0578125
