1 0.192568 0.184570 0.105856 0.111328
1 0.053491 0.082520 0.106982 0.096680
1 0.242680 0.140625 0.037162 0.042969
1 0.261261 0.127441 0.011261 0.014648
1 0.275338 0.131836 0.012387 0.009766
1 0.313063 0.078125 0.004505 0.003906
1 0.360360 0.046875 0.054054 0.050781
1 0.411599 0.098145 0.095721 0.102539
1 0.456081 0.475586 0.099099 0.107422
1 0.637387 0.437012 0.099099 0.108398
1 0.554617 0.090820 0.127252 0.148438
1 0.802365 0.167969 0.129505 0.146484
1 0.685248 0.105957 0.066441 0.079102
1 0.797297 0.050293 0.090090 0.090820
1 0.961712 0.057129 0.076577 0.110352
1 0.765203 0.082031 0.109234 0.097656
