1 0.1625 0.578125 0.30625 0.4015625
0 0.1546875 0.4234375 0.05 0.071875
1 0.26875 0.5734375 0.4359375 0.409375
0 0.2921875 0.4328125 0.05 0.0625
1 0.3484375 0.528125 0.1890625 0.4828125
0 0.375 0.378125 0.0453125 0.05625
1 0.40625 0.578125 0.171875 0.4
0 0.4140625 0.4234375 0.0515625 0.0734375
1 0.425 0.5671875 0.2421875 0.415625
0 0.4890625 0.396875 0.04375 0.0578125
1 0.5046875 0.53125 0.16875 0.475
0 0.534375 0.384375 0.0421875 0.05625
1 0.653125 0.5265625 0.221875 0.49375
0 0.65 0.39375 0.04375 0.0546875
1 0.70625 0.571875 0.246875 0.4140625
0 0.6484375 0.459375 0.0515625 0.0671875
1 0.78125 0.5734375 0.2390625 0.3984375
0 0.746875 0.4125 0.05 0.0515625
1 0.834375 0.590625 0.325 0.375
0 0.83125 0.45 0.0484375 0.059375
1 0.5609375 0.584375 0.3265625 0.3875
0 0.5609375 0.43125 0.0484375 0.0640625