1 0.8375 0.84375 0.071875 0.309375
1 0.21875 0.8609375 0.1875 0.275
1 0.4125 0.6359375 0.021875 0.08125
1 0.4046875 0.6453125 0.0296875 0.0875
1 0.390625 0.6640625 0.028125 0.1109375
1 0.36875 0.65 0.01875 0.078125
1 0.35625 0.7890625 0.0765625 0.2640625
1 0.384375 0.734375 0.04375 0.178125
1 0.43125 0.675 0.0421875 0.11875
1 0.43125 0.703125 0.0515625 0.134375
1 0.4390625 0.715625 0.0484375 0.159375
1 0.459375 0.8109375 0.1515625 0.353125
1 0.5015625 0.715625 0.0390625 0.1453125
1 0.5296875 0.7265625 0.059375 0.175
1 0.55 0.775 0.1015625 0.3328125
1 0.5984375 0.6671875 0.0375 0.121875
1 0.615625 0.696875 0.04375 0.1296875
1 0.60625 0.7625 0.0953125 0.29375
1 0.7109375 0.8078125 0.1265625 0.3796875
1 0.8515625 0.7515625 0.0390625 0.1484375
1 0.578125 0.8171875 0.2 0.3609375
1 0.4890625 0.8703125 0.2296875 0.253125
1 0.2796875 0.8453125 0.146875 0.30625
1 0.2296875 0.8390625 0.10625 0.31875
