1 0.2078125 0.3890625 0.1515625 0.4
1 0.9484375 0.3375 0.0953125 0.2421875
1 0.828125 0.3140625 0.0671875 0.184375
1 0.828125 0.303125 0.0640625 0.1546875
1 0.871875 0.2890625 0.0546875 0.1484375
1 0.6890625 0.2828125 0.034375 0.084375
1 0.6328125 0.278125 0.03125 0.0953125
1 0.6203125 0.2671875 0.03125 0.0640625
1 0.5921875 0.2703125 0.01875 0.05625
1 0.5671875 0.265625 0.01875 0.0609375
1 0.5484375 0.271875 0.040625 0.1
1 0.4375 0.2625 0.0328125 0.0890625
1 0.375 0.25 0.0078125 0.021875
1 0.26875 0.253125 0.0328125 0.0578125
1 0.7484375 0.26875 0.025 0.0546875
1 0.7828125 0.2609375 0.0171875 0.05
1 0.7984375 0.259375 0.015625 0.0515625
1 0.91875 0.2625 0.021875 0.0421875
1 0 0.078125 0 0
1 0.7640625 0.2515625 0.0109375 0.021875
1 0.7578125 0.2515625 0.0109375 0.021875
1 0.728125 0.2609375 0.015625 0.0328125
1 0.7140625 0.2625 0.015625 0.034375
1 0.65625 0.25625 0.0125 0.05
1 0.6984375 0.271875 0.021875 0.0578125
