1 0.034375 0.5765625 0.06875 0.51875
0 0.01171875 0.33984375 0.0234375 0.0421875
1 0.040625 0.5265625 0.0796875 0.46875
0 0.01875 0.3328125 0.0375 0.0671875
1 0.0796875 0.55625 0.159375 0.5609375
0 0.1015625 0.3234375 0.08125 0.078125
1 0.246875 0.584375 0.1796875 0.4796875
0 0.2421875 0.38125 0.0609375 0.065625
1 0.2734375 0.609375 0.165625 0.3796875
0 0.2890625 0.4515625 0.0453125 0.0546875
1 0.3515625 0.5765625 0.1125 0.4078125
0 0.3546875 0.403125 0.046875 0.046875
1 0.521875 0.578125 0.1484375 0.4046875
0 0.5359375 0.4078125 0.04375 0.05
1 0.49375 0.571875 0.1125 0.31875
0 0.5296875 0.428125 0.0328125 0.03125
1 0.7796875 0.5453125 0.1609375 0.5671875
0 0.74375 0.3671875 0.0546875 0.0609375
1 0.9046875 0.6125 0.0265625 0.05625
0 0.9015625 0.5890625 0.00625 0.0078125