1 0.0203125 0.390625 0.028125 0.071875
1 0.1453125 0.5078125 0.225 0.3953125
1 0.2109375 0.5078125 0.3015625 0.3890625
1 0.2796875 0.5 0.228125 0.4109375
1 0.38125 0.4921875 0.2421875 0.40625
1 0.4984375 0.4875 0.2703125 0.4125
1 0.5734375 0.4953125 0.18125 0.39375
1 0.68125 0.490625 0.140625 0.4140625
1 0.790625 0.4953125 0.1328125 0.40625
1 0.9015625 0.4953125 0.15625 0.396875
1 0.7390625 0.5546875 0.1375 0.3359375
1 0.690625 0.5671875 0.2296875 0.325
1 0.5859375 0.5609375 0.2578125 0.334375
1 0.471875 0.575 0.1875 0.3046875
1 0.38125 0.5734375 0.228125 0.3140625
1 0.2 0.58125 0.2578125 0.309375
1 0.175 0.575 0.21875 0.3375
