1 0.85625 0.5546875 0.2828125 0.4328125
0 0.76875 0.3796875 0.096875 0.1125
1 0.721875 0.5515625 0.1765625 0.4390625
0 0.671875 0.3828125 0.0765625 0.103125
1 0.671875 0.55625 0.153125 0.43125
0 0.6234375 0.39375 0.0578125 0.0734375
1 0.60625 0.5546875 0.1453125 0.4328125
0 0.56875 0.3828125 0.059375 0.08125
1 0.5015625 0.5375 0.1546875 0.46875
0 0.5078125 0.3484375 0.0640625 0.0890625
1 0.4046875 0.5375 0.1953125 0.4390625
0 0.4359375 0.3671875 0.059375 0.0796875
1 0.3015625 0.5125 0.30625 0.4921875
0 0.3203125 0.3203125 0.0625 0.065625
1 0.259375 0.53125 0.4421875 0.48125
0 0.321875 0.3234375 0.0640625 0.0671875
1 0.2140625 0.528125 0.203125 0.4875
0 0.253125 0.33125 0.0640625 0.0796875