1 0.868750 0.343750 0.131250 0.233333
1 0.664062 0.323958 0.131250 0.185417
1 0.356250 0.353125 0.112500 0.172917
1 0.120313 0.360417 0.134375 0.225000
1 0.491406 0.278125 0.110937 0.181250
1 0.126562 0.178125 0.090625 0.160417
1 0.813281 0.297917 0.123438 0.179167
1 0.925781 0.195833 0.029687 0.045833
1 0.827344 0.185417 0.029687 0.045833
1 0.722656 0.184375 0.029687 0.043750
1 0.640625 0.210417 0.071875 0.116667
1 0.588281 0.235417 0.029687 0.045833
1 0.309375 0.193750 0.031250 0.041667
1 0.439063 0.206250 0.059375 0.091667
1 0.015625 0.203125 0.031250 0.047917
