1 0.953125 0.865625 0.0859375 0.2140625
0 0.95625 0.7796875 0.0390625 0.0328125
1 0.715625 0.865625 0.1046875 0.2171875
0 0.715625 0.7765625 0.03125 0.0328125
1 0.6125 0.8640625 0.09375 0.190625
0 0.6125 0.784375 0.025 0.0265625
1 0.571875 0.84375 0.05 0.13125
0 0.578125 0.7890625 0.0109375 0.0140625
1 0 0.021875 0 0
0 0.4984375 0.771875 0.0328125 0.0265625
1 0.5234375 0.86875 0.0484375 0.159375
0 0.525 0.803125 0.015625 0.0171875
1 0.4625 0.8375 0.0390625 0.109375
0 0.4609375 0.79375 0.0078125 0.0109375
1 0.3984375 0.8765625 0.06875 0.196875
0 0.4 0.7953125 0.01875 0.025
1 0.371875 0.85625 0.075 0.175
0 0.371875 0.7828125 0.021875 0.025
1 0.2359375 0.8546875 0.071875 0.1703125
0 0.2375 0.7828125 0.01875 0.021875
1 0.1859375 0.8640625 0.1328125 0.2171875
0 0.190625 0.775 0.0390625 0.0328125
1 0.146875 0.8578125 0.0515625 0.1484375
0 0.1453125 0.8 0.0203125 0.021875