1 0.103125 0.6453125 0.0421875 0.0546875
0 0.1046875 0.6265625 0.009375 0.0125
1 0.1359375 0.646875 0.0328125 0.0625
0 0.140625 0.621875 0.009375 0.0125
1 0.1421875 0.628125 0.021875 0.059375
0 0.14375 0.603125 0.0078125 0.009375
1 0.15625 0.6375 0.0265625 0.059375
0 0.1546875 0.6140625 0.0078125 0.009375
1 0.1609375 0.6453125 0.0578125 0.0671875
0 0.1546875 0.6140625 0.0078125 0.009375
1 0.171875 0.621875 0.0203125 0.0640625
0 0.1703125 0.5953125 0.0078125 0.009375
1 0.45625 0.6984375 0.1515625 0.3421875
0 0.4234375 0.5546875 0.0421875 0.0546875
1 0.8125 0.5734375 0.0171875 0.040625
0 0.8125 0.5578125 0.0046875 0.0046875
1 0.8953125 0.5703125 0.03125 0.0640625
0 0.890625 0.54375 0.0078125 0.0078125