1 0.3765625 0.7046875 0.2890625 0.2859375
1 0.0296875 0.446875 0.0578125 0.484375
1 0.1609375 0.425 0.109375 0.4515625
1 0.1484375 0.5171875 0.296875 0.6609375
1 0.2140625 0.5609375 0.2609375 0.5734375
1 0.8046875 0.64375 0.31875 0.409375
1 0.546875 0.528125 0.4890625 0.6390625
1 0.6578125 0.490625 0.1578125 0.4515625
1 0.6171875 0.34375 0.096875 0.290625
1 0.6875 0.271875 0.0703125 0.215625
1 0.73125 0.3265625 0.0921875 0.2296875
1 0.75625 0.275 0.0828125 0.209375
1 0.925 0.328125 0.0765625 0.203125
1 0.8390625 0.465625 0.190625 0.578125
