1 0.765625 0.5125 0.0875 0.1375
1 0.0546875 0.46875 0.109375 0.253125
1 0.2609375 0.521875 0.153125 0.340625
1 0.1453125 0.53125 0.165625 0.1890625
1 0.2171875 0.5484375 0.0671875 0.134375
1 0.6046875 0.5203125 0.1140625 0.2375
1 0.5046875 0.528125 0.05625 0.1203125
1 0.371875 0.53125 0.0640625 0.2078125
1 0.1234375 0.5171875 0.05625 0.1265625
1 0.065625 0.49375 0.0515625 0.1859375
1 0.30625 0.5234375 0.10625 0.2703125
1 0.5515625 0.5109375 0.0625 0.1734375
1 0.190625 0.55 0.04375 0.096875
1 0.353125 0.534375 0.0546875 0.175
