1 0.965625 0.6078125 0.0609375 0.2765625
0 0.9734375 0.49375 0.028125 0.04375
1 0.9421875 0.6046875 0.09375 0.240625
0 0.9265625 0.5078125 0.025 0.0390625
1 0.8546875 0.603125 0.0859375 0.2484375
0 0.8546875 0.503125 0.028125 0.0296875
1 0.775 0.609375 0.109375 0.2640625
0 0.7625 0.5046875 0.0328125 0.0390625
1 0.7296875 0.59375 0.0828125 0.2
0 0.7234375 0.5140625 0.028125 0.0265625
1 0.696875 0.5890625 0.0625 0.1765625
0 0.6859375 0.5171875 0.0234375 0.0265625
1 0.0375 0.6796875 0.0703125 0.38125
0 0.01875 0.53125 0.034375 0.08125
1 0.1328125 0.6859375 0.1640625 0.3671875
0 0.1109375 0.5390625 0.053125 0.065625
1 0.1734375 0.6765625 0.1828125 0.3875
0 0.1703125 0.525 0.065625 0.0734375