1 0.3453125 0.665625 0.2390625 0.4125
1 0.478125 0.6765625 0.215625 0.390625
1 0.6609375 0.6375 0.2296875 0.4671875
1 0.5140625 0.6765625 0.1578125 0.3921875
1 0.85 0.65 0.221875 0.44375
1 0.953125 0.6546875 0.090625 0.434375
1 0.8109375 0.6078125 0.1375 0.375
1 0.9109375 0.6515625 0.171875 0.4421875
1 0.6984375 0.565625 0.0828125 0.2328125
1 0.7484375 0.49375 0.0328125 0.08125
1 0.4859375 0.484375 0.0390625 0.08125
1 0.521875 0.48125 0.034375 0.078125
1 0.0984375 0.55 0.075 0.209375
1 0.028125 0.55625 0.0546875 0.2265625
1 0.0546875 0.478125 0.0125 0.0375
1 0.146875 0.4875 0.0234375 0.065625
1 0.1609375 0.4890625 0.0171875 0.059375
1 0.1890625 0.4859375 0.0203125 0.053125
1 0.1734375 0.48125 0.0140625 0.0390625
1 0.1421875 0.478125 0.0140625 0.0453125
1 0.2546875 0.484375 0.015625 0.0515625
1 0.2859375 0.484375 0.0140625 0.05
1 0.2671875 0.4796875 0.0234375 0.0546875
1 0.328125 0.478125 0.0109375 0.0359375
1 0.3390625 0.475 0.009375 0.0265625
1 0.3515625 0.4765625 0.009375 0.0265625
1 0.4546875 0.4703125 0.0125 0.03125
1 0.434375 0.471875 0.00625 0.0234375
1 0.44375 0.4640625 0.00625 0.0203125
1 0.2 0.4765625 0.0125 0.0359375
1 0.41875 0.4734375 0.0078125 0.028125
1 0.4265625 0.4734375 0.0078125 0.0265625
