1 0.025 0.5640625 0.0453125 0.3828125
1 0.14375 0.571875 0.1109375 0.384375
1 0.228125 0.55 0.11875 0.3875
1 0.346875 0.546875 0.1375 0.403125
1 0.44375 0.546875 0.125 0.3859375
1 0.53125 0.5453125 0.1125 0.3984375
1 0.6359375 0.5453125 0.121875 0.440625
1 0.7390625 0.53125 0.13125 0.43125
1 0.8078125 0.6328125 0.190625 0.446875
1 0.9359375 0.5546875 0.121875 0.41875
1 0.23125 0.671875 0.184375 0.33125
1 0.2890625 0.7046875 0.18125 0.29375
1 0.4265625 0.70625 0.159375 0.334375
1 0.5390625 0.678125 0.21875 0.2765625
1 0.71875 0.7046875 0.203125 0.3
1 0.6953125 0.6484375 0.15625 0.296875
