1 0.1609375 0.59375 0.03125 0.05625
0 0.159375 0.571875 0.00625 0.00625
1 0.115625 0.590625 0.0234375 0.0453125
0 0.1203125 0.5671875 0.0046875 0.0046875
1 0.1875 0.5765625 0.0140625 0.046875
0 0.1859375 0.5578125 0.00625 0.0078125
1 0.19375 0.575 0.0171875 0.0453125
0 0.190625 0.55625 0.0046875 0.00625
1 0.21875 0.5828125 0.01875 0.0515625
0 0.2171875 0.5609375 0.00625 0.0078125
1 0.215625 0.5828125 0.01875 0.0453125
0 0.21875 0.5625 0.00625 0.0078125
1 0.24375 0.5875 0.03125 0.046875
0 0.24375 0.5671875 0.0046875 0.003125
1 0.1328125 0.5828125 0.0171875 0.0421875
0 0.134375 0.5640625 0.0046875 0.0046875
1 0.13125 0.58125 0.01875 0.040625
0 0.134375 0.5640625 0.0046875 0.0046875
1 0.2328125 0.5828125 0.021875 0.0421875
0 0.2328125 0.5625 0.0046875 0.0046875
1 0.2984375 0.59375 0.0234375 0.0421875
0 0.303125 0.5734375 0.003125 0.003125
1 0.271875 0.5671875 0.01875 0.0453125
0 0.2734375 0.546875 0.00625 0.00625
1 0.3328125 0.6078125 0.028125 0.0546875
0 0.328125 0.5796875 0.00625 0.00625
1 0.340625 0.6015625 0.0171875 0.04375
0 0.3421875 0.5796875 0.00625 0.00625
1 0.378125 0.6015625 0.0203125 0.0515625
0 0.3796875 0.5796875 0.0078125 0.0078125
1 0.353125 0.5953125 0.0203125 0.0515625
0 0.3515625 0.5734375 0.0046875 0.0046875
1 0.01875 0.590625 0.0203125 0.04375
0 0.021875 0.5703125 0.00625 0.00625
1 0.0359375 0.56875 0.0203125 0.0421875
0 0.034375 0.55 0.0046875 0.0046875
1 0.00625 0.534375 0.0125 0.034375
0 0.00234375 0.5203125 0.0046875 0.00625
1 0.015625 0.521875 0.01875 0.0375
0 0.0140625 0.50625 0.0046875 0.0046875
1 0.0203125 0.515625 0.0125 0.040625
0 0.0203125 0.4984375 0.003125 0.003125
1 0.034375 0.5140625 0.0125 0.03125
0 0.03125 0.5 0.003125 0.003125
1 0.034375 0.5125 0.0125 0.0328125
0 0.03125 0.5 0.003125 0.0046875
1 0.0453125 0.5125 0.0125 0.0328125
0 0.046875 0.496875 0.003125 0.003125
1 0.05625 0.5109375 0.0109375 0.034375
0 0.05625 0.496875 0.003125 0.0046875
1 0.0671875 0.5109375 0.0125 0.034375
0 0.065625 0.496875 0.003125 0.0046875
1 0.1046875 0.515625 0.0140625 0.0359375
0 0.1 0.5015625 0.0046875 0.0046875
1 0.015625 0.4671875 0.009375 0.0234375
0 0.015625 0.4578125 0.003125 0.003125
1 0.015625 0.484375 0.0125 0.0265625
0 0.015625 0.4765625 0.003125 0.003125
1 0.021875 0.484375 0.015625 0.0265625
0 0.0203125 0.4734375 0.003125 0.003125
1 0.00625 0.4765625 0.0109375 0.0265625
0 0.0046875 0.4671875 0.003125 0.003125
1 0.13125 0.50625 0.0125 0.0359375
0 0.1328125 0.4921875 0.003125 0.003125
1 0.0328125 0.45625 0.009375 0.0203125
0 0.03125 0.4484375 0.003125 0.003125
1 0.0328125 0.4609375 0.009375 0.021875
0 0.034375 0.453125 0.003125 0.003125
1 0.034375 0.4890625 0.009375 0.025
0 0.034375 0.4796875 0.003125 0.003125
1 0.04375 0.4859375 0.0078125 0.021875
0 0.04375 0.4765625 0.003125 0.003125
1 0.0609375 0.471875 0.0078125 0.01875
0 0.0625 0.465625 0.003125 0.003125
1 0.0671875 0.471875 0.009375 0.021875
0 0.0640625 0.4640625 0.003125 0.003125
1 0.103125 0.4921875 0.0109375 0.028125
0 0.1 0.48125 0.003125 0.003125
1 0.0828125 0.5140625 0.009375 0.03125
0 0.08125 0.5 0.003125 0.003125
1 0.14375 0.48125 0.0125 0.0234375
0 0.1421875 0.471875 0.003125 0.003125
1 0.121875 0.4796875 0.009375 0.0234375
0 0.1234375 0.471875 0.003125 0.003125
1 0.1546875 0.4734375 0.009375 0.0265625
0 0.1546875 0.4609375 0.003125 0.003125
1 0.146875 0.5140625 0.0125 0.0359375
0 0.146875 0.4984375 0.003125 0.0046875
1 0.1546875 0.5109375 0.0125 0.03125
0 0.153125 0.496875 0.003125 0.003125
1 0.1734375 0.53125 0.0140625 0.0359375
0 0.171875 0.5171875 0.003125 0.0046875
1 0.134375 0.478125 0.0078125 0.0203125
0 0.1359375 0.46875 0.0015625 0.003125
1 0.1203125 0.5078125 0.0140625 0.0328125
0 0.11875 0.4921875 0.003125 0.003125
1 0.1734375 0.478125 0.0140625 0.028125
0 0.1734375 0.465625 0.003125 0.003125
1 0.175 0.503125 0.0125 0.0375
0 0.175 0.4875 0.003125 0.0046875
1 0.1828125 0.5046875 0.0109375 0.0296875
0 0.1828125 0.490625 0.003125 0.003125
1 0.203125 0.5109375 0.009375 0.03125
0 0.2046875 0.496875 0.003125 0.003125
1 0.1875 0.4953125 0.0109375 0.0328125
0 0.1875 0.48125 0.0046875 0.003125
1 0.2 0.4953125 0.0125 0.0265625
0 0.2015625 0.4828125 0.003125 0.003125
1 0.2703125 0.4578125 0.0109375 0.0265625
0 0.271875 0.4484375 0.003125 0.003125
1 0.265625 0.4546875 0.009375 0.021875
0 0.2671875 0.446875 0.003125 0.003125
1 0.2328125 0.4578125 0.009375 0.0171875
0 0.2328125 0.45 0.003125 0.003125
1 0.23125 0.4515625 0.009375 0.0203125
0 0.2328125 0.4453125 0.003125 0.003125
1 0.175 0.4578125 0.009375 0.025
0 0.175 0.4484375 0.003125 0.003125
1 0.2140625 0.4734375 0.009375 0.0203125
0 0.2140625 0.4640625 0.003125 0.003125
1 0.2125 0.5078125 0.0140625 0.0328125
0 0.2140625 0.49375 0.003125 0.003125
1 0.2328125 0.4953125 0.0109375 0.0328125
0 0.2328125 0.48125 0.003125 0.0046875
1 0.228125 0.534375 0.015625 0.0390625
0 0.23125 0.51875 0.0046875 0.0046875
1 0.2875 0.5515625 0.0140625 0.0421875
0 0.2875 0.5328125 0.003125 0.003125
1 0.265625 0.5359375 0.015625 0.0421875
0 0.265625 0.5171875 0.0046875 0.0046875
1 0.278125 0.53125 0.0140625 0.034375
0 0.2796875 0.5171875 0.0046875 0.00625
1 0.2390625 0.5171875 0.0109375 0.0359375
0 0.2390625 0.503125 0.003125 0.0046875
1 0.2484375 0.5171875 0.0140625 0.0328125
0 0.246875 0.503125 0.0046875 0.0046875
1 0.2671875 0.496875 0.009375 0.0265625
0 0.265625 0.4859375 0.003125 0.003125
1 0.2546875 0.5125 0.0140625 0.0359375
0 0.253125 0.496875 0.0046875 0.003125
1 0.25 0.475 0.0078125 0.0203125
0 0.2484375 0.4671875 0.003125 0.003125
1 0.28125 0.496875 0.0125 0.0265625
0 0.2796875 0.484375 0.003125 0.003125
1 0.2703125 0.490625 0.0125 0.0328125
0 0.26875 0.475 0.003125 0.003125
1 0.296875 0.471875 0.0125 0.0265625
0 0.29375 0.4609375 0.003125 0.003125
1 0.290625 0.4921875 0.0125 0.0328125
0 0.290625 0.4796875 0.003125 0.0046875
1 0.3015625 0.5234375 0.015625 0.0375
0 0.303125 0.5078125 0.0046875 0.0046875
1 0.3171875 0.5171875 0.0171875 0.0375
0 0.3171875 0.503125 0.003125 0.0046875
1 0.3 0.4953125 0.0125 0.028125
0 0.303125 0.484375 0.003125 0.0046875
1 0.3328125 0.51875 0.0125 0.034375
0 0.3328125 0.5046875 0.003125 0.0046875
1 0.340625 0.515625 0.0109375 0.03125
0 0.3390625 0.5015625 0.0046875 0.0046875
1 0.44375 0.609375 0.01875 0.059375
0 0.44375 0.5859375 0.0078125 0.009375
1 0.45625 0.59375 0.01875 0.0546875
0 0.4546875 0.571875 0.00625 0.0078125
1 0.4828125 0.6 0.015625 0.046875
0 0.48125 0.5796875 0.0046875 0.0046875
1 0.3046875 0.546875 0.0140625 0.040625
0 0.3046875 0.53125 0.00625 0.00625
1 0.3515625 0.484375 0.0109375 0.025
0 0.3515625 0.475 0.003125 0.0046875
1 0.34375 0.4859375 0.0109375 0.0265625
0 0.3453125 0.4765625 0.0046875 0.0046875
1 0.33125 0.4890625 0.009375 0.01875
0 0.33125 0.48125 0.003125 0.0046875
1 0.353125 0.5046875 0.0125 0.03125
0 0.35625 0.490625 0.003125 0.003125
1 0.365625 0.521875 0.0125 0.0390625
0 0.365625 0.50625 0.0046875 0.0046875
1 0.3671875 0.5140625 0.0109375 0.03125
0 0.3671875 0.5015625 0.003125 0.0046875
1 0.38125 0.5296875 0.0140625 0.0296875
0 0.3796875 0.5171875 0.0046875 0.0046875
1 0.375 0.4875 0.0109375 0.028125
0 0.3796875 0.4765625 0.0046875 0.0046875
1 0.3796875 0.4875 0.0078125 0.0265625
0 0.3796875 0.4765625 0.003125 0.0046875
1 0.365625 0.4953125 0.0125 0.0234375
0 0.365625 0.4859375 0.0046875 0.0046875
1 0.31875 0.584375 0.01875 0.046875
0 0.31875 0.565625 0.0046875 0.0046875
1 0.3953125 0.5328125 0.0171875 0.0390625
0 0.396875 0.515625 0.0046875 0.0046875
1 0.4046875 0.540625 0.0125 0.0390625
0 0.4015625 0.525 0.0046875 0.0046875
1 0.4046875 0.4765625 0.0078125 0.025
0 0.4046875 0.4671875 0.003125 0.0046875
1 0.3953125 0.4890625 0.009375 0.0203125
0 0.396875 0.48125 0.003125 0.003125
1 0.4 0.50625 0.0125 0.03125
0 0.4015625 0.49375 0.0046875 0.0046875
1 0.421875 0.5328125 0.0140625 0.0328125
0 0.4234375 0.5203125 0.003125 0.0046875
1 0.45625 0.5421875 0.015625 0.0328125
0 0.4546875 0.5296875 0.0046875 0.0046875
1 0.434375 0.4796875 0.0078125 0.0203125
0 0.4328125 0.471875 0.003125 0.003125
1 0.415625 0.503125 0.0109375 0.021875
0 0.415625 0.49375 0.003125 0.0046875
1 0.46875 0.471875 0.0109375 0.0234375
0 0.46875 0.4640625 0.003125 0.003125
1 0.45 0.5375 0.01875 0.0359375
0 0.4515625 0.521875 0.0046875 0.0046875
1 0.4734375 0.5296875 0.015625 0.0390625
0 0.475 0.5140625 0.0046875 0.00625
1 0.509375 0.60625 0.0234375 0.065625
0 0.5109375 0.5796875 0.00625 0.0078125
1 0.7359375 0.6640625 0.028125 0.071875
0 0.7359375 0.6296875 0.0078125 0.009375
1 0.8890625 0.659375 0.01875 0.071875
0 0.890625 0.63125 0.0078125 0.009375
1 0.984375 0.7125 0.0265625 0.0796875
0 0.9890625 0.6796875 0.0078125 0.0078125
1 0.9515625 0.615625 0.0265625 0.0609375
0 0.9515625 0.590625 0.0078125 0.00625
1 0.5484375 0.603125 0.0265625 0.059375
0 0.5546875 0.5796875 0.0078125 0.009375
1 0.6140625 0.6046875 0.028125 0.0609375
0 0.6203125 0.58125 0.00625 0.0078125
1 0.64375 0.6109375 0.03125 0.05625
0 0.6453125 0.5875 0.0078125 0.00625
1 0.5734375 0.603125 0.0203125 0.05625
0 0.575 0.578125 0.00625 0.00625
1 0.721875 0.59375 0.028125 0.053125
0 0.7203125 0.571875 0.00625 0.00625
1 0.75625 0.60625 0.0203125 0.053125
0 0.7578125 0.5828125 0.00625 0.0046875
1 0.69375 0.5984375 0.021875 0.059375
0 0.6921875 0.575 0.00625 0.0078125
1 0.671875 0.5859375 0.0203125 0.0484375
0 0.671875 0.5671875 0.0046875 0.0046875
1 0.85 0.60625 0.025 0.0515625
0 0.8484375 0.5828125 0.0046875 0.0046875
1 0.8328125 0.603125 0.0265625 0.05625
0 0.828125 0.58125 0.00625 0.0078125
1 0.790625 0.60625 0.028125 0.0578125
0 0.7921875 0.5828125 0.00625 0.0078125
1 0.7734375 0.603125 0.034375 0.0578125
0 0.775 0.5796875 0.00625 0.0046875
1 0.5375 0.5109375 0.0171875 0.040625
0 0.5375 0.4953125 0.0046875 0.0046875
1 0.5125 0.5203125 0.0125 0.0359375
0 0.515625 0.50625 0.0046875 0.00625
1 0.5015625 0.5234375 0.015625 0.0359375
0 0.5 0.5078125 0.0046875 0.003125
1 0.4875 0.5265625 0.0109375 0.0328125
0 0.4875 0.5125 0.003125 0.0046875
1 0.5359375 0.5640625 0.0140625 0.0359375
0 0.5375 0.5515625 0.00625 0.00625
1 0.6453125 0.5328125 0.0171875 0.040625
0 0.646875 0.5171875 0.0046875 0.00625
1 0.6671875 0.5296875 0.0171875 0.034375
0 0.6671875 0.5140625 0.003125 0.0046875
1 0.6109375 0.5359375 0.0140625 0.03125
0 0.6109375 0.5234375 0.0046875 0.0046875
1 0.5609375 0.5375 0.0109375 0.028125
0 0.5625 0.528125 0.003125 0.0046875
1 0.5828125 0.4734375 0.0078125 0.0234375
0 0.5828125 0.4640625 0.003125 0.003125
1 0.596875 0.471875 0.009375 0.025
0 0.596875 0.4625 0.0015625 0.003125
1 0.603125 0.4640625 0.0078125 0.0171875
0 0.603125 0.45625 0.0015625 0.0015625
1 0.6140625 0.4578125 0.0125 0.0265625
0 0.615625 0.446875 0.0015625 0.003125
1 0.515625 0.50625 0.0125 0.0265625
0 0.5171875 0.496875 0.003125 0.0046875
1 0.8 0.5171875 0.0125 0.034375
0 0.8 0.5046875 0.003125 0.0046875
1 0.79375 0.48125 0.0109375 0.0328125
0 0.7953125 0.4671875 0.003125 0.0046875
1 0.8203125 0.4515625 0.009375 0.0234375
0 0.821875 0.440625 0.003125 0.003125
1 0.8140625 0.503125 0.0125 0.0328125
0 0.815625 0.4890625 0.0046875 0.003125
1 0.8484375 0.5546875 0.0171875 0.0453125
0 0.846875 0.5359375 0.0046875 0.00625
1 0.4984375 0.421875 0.0078125 0.01875
0 0.5 0.4140625 0.0015625 0.003125
1 0.5203125 0.4234375 0.0046875 0.0171875
0 0.5203125 0.4171875 0.0015625 0.0015625
1 0.503125 0.4625 0.009375 0.0203125
0 0.5046875 0.4546875 0.003125 0.003125
1 0.4953125 0.465625 0.0078125 0.0203125
0 0.49375 0.45625 0.003125 0.003125
1 0.8203125 0.4828125 0.0171875 0.0359375
0 0.821875 0.46875 0.0046875 0.0046875
1 0.8453125 0.496875 0.015625 0.0375
0 0.84375 0.48125 0.003125 0.003125
1 0.39375 0.4171875 0.009375 0.0234375
0 0.39375 0.40625 0.003125 0.003125
1 0.390625 0.415625 0.00625 0.0203125
0 0.3921875 0.40625 0.0015625 0.003125
1 0.640625 0.59375 0.0265625 0.04375
0 0.6390625 0.5734375 0.0046875 0.0046875
1 0.6609375 0.571875 0.01875 0.0390625
0 0.6609375 0.55 0.00625 0.00625
1 0.6 0.59375 0.0203125 0.04375
0 0.603125 0.575 0.0046875 0.0046875
1 0.4828125 0.58125 0.0140625 0.04375
0 0.4796875 0.559375 0.0046875 0.00625