1 0.0921875 0.7875 0.1625 0.1625
1 0.3828125 0.7578125 0.15 0.2234375
1 0.509375 0.7453125 0.1234375 0.246875
1 0.6203125 0.7359375 0.115625 0.265625
1 0.940625 0.7125 0.1109375 0.3140625
1 0.865625 0.715625 0.1 0.3078125
1 0.80625 0.7265625 0.1109375 0.2859375
1 0.71875 0.7 0.115625 0.3390625
1 0.6296875 0.7046875 0.1125 0.3296875
1 0.5484375 0.69375 0.1109375 0.35
1 0.4515625 0.6828125 0.1515625 0.371875
1 0.428125 0.7390625 0.1234375 0.259375
1 0.3578125 0.6921875 0.1328125 0.3546875
1 0.2859375 0.715625 0.0953125 0.30625
1 0.2515625 0.715625 0.128125 0.30625
1 0.1515625 0.7046875 0.128125 0.3296875
1 0.096875 0.7578125 0.15 0.2234375
1 0.0609375 0.7703125 0.115625 0.1953125
1 0.0859375 0.7140625 0.146875 0.3109375
1 0.034375 0.7046875 0.0640625 0.3265625
1 0.078125 0.6671875 0.096875 0.303125
1 0.159375 0.665625 0.1140625 0.334375
1 0.2234375 0.684375 0.109375 0.328125
1 0.296875 0.6453125 0.10625 0.3234375
1 0.40625 0.6390625 0.0890625 0.3140625
1 0.4859375 0.621875 0.115625 0.3453125
1 0.5359375 0.6546875 0.0859375 0.334375
1 0.6046875 0.6546875 0.0859375 0.334375
1 0.6625 0.6890625 0.096875 0.3609375
1 0.7578125 0.66875 0.08125 0.340625
1 0.7984375 0.6859375 0.1328125 0.365625
1 0.934375 0.66875 0.11875 0.3171875
1 0.975 0.5625 0.040625 0.328125
1 0.925 0.6078125 0.09375 0.303125
1 0.828125 0.609375 0.1109375 0.33125
1 0.7453125 0.603125 0.0734375 0.2953125
1 0.7 0.6140625 0.0953125 0.340625
1 0.65 0.5890625 0.0859375 0.309375
1 0.571875 0.59375 0.0828125 0.3109375
1 0.5265625 0.571875 0.0828125 0.29375
1 0.434375 0.5921875 0.08125 0.3203125
1 0.35 0.6140625 0.0890625 0.3234375
1 0.25625 0.59375 0.09375 0.303125
1 0.19375 0.5859375 0.0953125 0.3171875
1 0.1328125 0.60625 0.1234375 0.3234375
1 0.0453125 0.634375 0.084375 0.4109375
1 0.084375 0.6015625 0.1109375 0.3171875
1 0.0640625 0.5078125 0.1015625 0.3140625
1 0.228125 0.525 0.1078125 0.309375
1 0.3203125 0.571875 0.1234375 0.3234375
1 0.409375 0.55 0.140625 0.33125
1 0.5609375 0.5203125 0.0859375 0.284375
1 0.4703125 0.503125 0.09375 0.284375
1 0.5484375 0.48125 0.1015625 0.2796875
1 0.61875 0.5609375 0.0828125 0.30625
1 0.646875 0.55 0.0828125 0.3234375
1 0.7765625 0.534375 0.0890625 0.28125
1 0.725 0.51875 0.1078125 0.3140625
1 0.8359375 0.528125 0.0859375 0.290625
1 0.9078125 0.5671875 0.0859375 0.2765625
1 0.9140625 0.5421875 0.0828125 0.290625
1 0.9625 0.4390625 0.065625 0.2765625
1 0.865625 0.478125 0.0890625 0.2953125
1 0.80625 0.4390625 0.084375 0.2703125
1 0.75625 0.459375 0.0875 0.259375
1 0.6859375 0.475 0.09375 0.2796875
1 0.64375 0.459375 0.0859375 0.2765625
1 0.575 0.4390625 0.09375 0.2640625
1 0.528125 0.40625 0.1078125 0.28125
1 0.45625 0.459375 0.0859375 0.2765625
1 0.4171875 0.4375 0.0890625 0.3203125
1 0.303125 0.478125 0.1 0.290625
1 0.1578125 0.484375 0.1265625 0.3421875
1 0.034375 0.459375 0.0625 0.2734375
1 0.0953125 0.4265625 0.1203125 0.3203125
1 0.1453125 0.3953125 0.0640625 0.24375
1 0.2203125 0.4375 0.090625 0.284375
1 0.3015625 0.4453125 0.090625 0.2734375
1 0.3484375 0.43125 0.0875 0.284375
1 0.378125 0.409375 0.0859375 0.2703125
1 0.4609375 0.40625 0.0890625 0.2640625
1 0.48125 0.378125 0.0640625 0.234375
1 0.5390625 0.3734375 0.0828125 0.253125
1 0.5984375 0.3890625 0.08125 0.24375
1 0.6703125 0.40625 0.0953125 0.2671875
1 0.75 0.409375 0.0734375 0.25
1 0.8171875 0.38125 0.1015625 0.2796875
1 0.8828125 0.4140625 0.0765625 0.24375
1 0.9 0.390625 0.0703125 0.253125
1 0.9609375 0.3890625 0.06875 0.246875
1 0.9796875 0.378125 0.03125 0.253125
1 0.93125 0.3765625 0.0609375 0.2328125
1 0.9640625 0.35625 0.0640625 0.234375
1 0.98125 0.30625 0.0296875 0.2171875
1 0.8953125 0.334375 0.0625 0.2328125
1 0.85625 0.346875 0.06875 0.2234375
1 0.76875 0.3625 0.078125 0.240625
1 0.79375 0.35 0.065625 0.24375
1 0.71875 0.334375 0.071875 0.2234375
1 0.6796875 0.3609375 0.0859375 0.25
1 0.625 0.3375 0.0640625 0.2265625
1 0.5765625 0.33125 0.0609375 0.2265625
1 0.51875 0.3265625 0.0609375 0.215625
1 0.446875 0.353125 0.0734375 0.2265625
1 0.3859375 0.346875 0.0765625 0.2234375
1 0.2953125 0.353125 0.0859375 0.2296875
1 0.3640625 0.3453125 0.0859375 0.30625
1 0.2265625 0.375 0.0890625 0.253125
1 0.2046875 0.384375 0.0625 0.24375
1 0.028125 0.38125 0.0515625 0.259375
1 0.0609375 0.4 0.05625 0.2296875
1 0.1015625 0.39375 0.071875 0.25
1 0.125 0.3375 0.0828125 0.209375
1 0.075 0.3296875 0.0609375 0.2234375
1 0.1796875 0.315625 0.0609375 0.2125
1 0.221875 0.315625 0.0734375 0.215625
1 0.3140625 0.30625 0.0859375 0.25625
1 0.2796875 0.26875 0.065625 0.19375
1 0.4484375 0.2984375 0.084375 0.246875
1 0.375 0.24375 0.0609375 0.1828125
1 0.51875 0.28125 0.0625 0.1765625
1 0.575 0.2765625 0.0640625 0.1875
1 0.5375 0.2703125 0.0609375 0.190625
1 0.61875 0.3015625 0.078125 0.215625
1 0.6 0.278125 0.0609375 0.196875
1 0.65625 0.2796875 0.0625 0.2125
1 0.721875 0.2875 0.09375 0.2625
1 0.7875 0.3203125 0.0625 0.2125
1 0.759375 0.3015625 0.0609375 0.2296875
1 0.803125 0.2875 0.05625 0.2203125
1 0.840625 0.2875 0.0734375 0.2296875
1 0.9 0.321875 0.078125 0.240625
1 0.9015625 0.28125 0.0828125 0.2765625
1 0.98125 0.2515625 0.028125 0.196875
1 0.971875 0.24375 0.0515625 0.203125
1 0.9765625 0.2171875 0.0375 0.1734375
1 0.8953125 0.2703125 0.046875 0.209375
1 0.9109375 0.2265625 0.0703125 0.196875
1 0.9421875 0.221875 0.0515625 0.1734375
1 0.9765625 0.2015625 0.0390625 0.1453125
1 0.946875 0.203125 0.0453125 0.1515625
1 0.85625 0.246875 0.046875 0.203125
1 0.88125 0.209375 0.040625 0.16875
1 0.840625 0.20625 0.0609375 0.1625
1 0.7984375 0.2328125 0.0625 0.1875
1 0.76875 0.215625 0.0609375 0.1625
1 0.8 0.2140625 0.059375 0.171875
1 0.7640625 0.1953125 0.05 0.1359375
1 0.721875 0.240625 0.0953125 0.1796875
1 0.7203125 0.2296875 0.075 0.16875
1 0.7046875 0.2 0.0609375 0.14375
1 0.665625 0.19375 0.046875 0.1328125
1 0.675 0.228125 0.065625 0.1765625
1 0.625 0.240625 0.0578125 0.1734375
1 0.628125 0.2015625 0.05 0.146875
1 0.5890625 0.2015625 0.0515625 0.1453125
1 0.575 0.2421875 0.0453125 0.165625
1 0.5890625 0.2265625 0.053125 0.1546875
1 0.534375 0.225 0.065625 0.165625
1 0.559375 0.2046875 0.04375 0.159375
1 0.534375 0.2046875 0.046875 0.1546875
1 0.5109375 0.2046875 0.059375 0.159375
1 0.475 0.2515625 0.06875 0.1828125
1 0.4421875 0.25 0.065625 0.1796875
1 0.4203125 0.234375 0.0703125 0.1734375
1 0.38125 0.21875 0.0609375 0.1765625
1 0.38125 0.1953125 0.0578125 0.134375
1 0.434375 0.1875 0.05 0.11875
1 0.4515625 0.16875 0.0390625 0.08125
1 0.3359375 0.2265625 0.05625 0.1625
1 0.3109375 0.203125 0.053125 0.15625
1 0.315625 0.1890625 0.0578125 0.1234375
1 0.2515625 0.21875 0.05625 0.15625
1 0.2578125 0.196875 0.053125 0.1390625
1 0.2109375 0.2484375 0.071875 0.1796875
1 0.1921875 0.234375 0.053125 0.1765625
1 0.153125 0.2734375 0.0734375 0.190625
1 0.165625 0.221875 0.053125 0.1828125
1 0.1609375 0.203125 0.059375 0.15625
1 0.1265625 0.18125 0.05625 0.10625
1 0.0640625 0.2015625 0.06875 0.1453125
1 0.909375 0.171875 0.0515625 0.0890625
1 0.709375 0.1859375 0.05625 0.115625
1 0.5625 0.184375 0.034375 0.1125
1 0.25625 0.1703125 0.059375 0.0859375
1 0.1734375 0.2109375 0.0609375 0.165625
