1 0.8 0.7796875 0.0484375 0.0828125
0 0.8125 0.7484375 0.0125 0.0140625
1 0.7703125 0.75625 0.0359375 0.0953125
0 0.7796875 0.71875 0.0140625 0.015625
1 0.59375 0.765625 0.040625 0.0890625
0 0.59375 0.734375 0.0109375 0.0140625
1 0.4953125 0.709375 0.053125 0.090625
0 0.4921875 0.6734375 0.009375 0.0140625
1 0.471875 0.740625 0.034375 0.090625
0 0.471875 0.70625 0.009375 0.015625
1 0.446875 0.8 0.0265625 0.0921875
0 0.440625 0.765625 0.0125 0.0171875
1 0.3234375 0.625 0.0375 0.0515625
0 0.3140625 0.6078125 0.0078125 0.0078125
1 0.209375 0.6 0.028125 0.0609375
0 0.2046875 0.5765625 0.0078125 0.0109375
1 0.1921875 0.6171875 0.03125 0.06875
0 0.1875 0.590625 0.009375 0.009375
1 0.1765625 0.6109375 0.034375 0.053125
0 0.1765625 0.590625 0.00625 0.0078125
1 0.209375 0.678125 0.0328125 0.084375
0 0.2015625 0.64375 0.0109375 0.0125
1 0.1921875 0.7109375 0.040625 0.090625
0 0.1828125 0.6734375 0.009375 0.0109375
1 0.1 0.796875 0.0421875 0.0609375
0 0.0984375 0.775 0.0125 0.0125
1 0.090625 0.7875 0.0390625 0.0625
0 0.0875 0.765625 0.0125 0.015625
1 0.0234375 0.7671875 0.04375 0.06875
0 0.00625 0.7421875 0.009375 0.0140625
1 0.0421875 0.771875 0.0421875 0.059375
0 0.046875 0.7515625 0.015625 0.015625
1 0.0984375 0.5703125 0.0265625 0.0484375
0 0.09375 0.55 0.0078125 0.0078125
1 0.08125 0.56875 0.0203125 0.05
0 0.0796875 0.55 0.0078125 0.0078125
1 0.059375 0.5265625 0.0171875 0.0453125
0 0.0578125 0.5078125 0.00625 0.00625
1 0.0578125 0.509375 0.025 0.04375
0 0.053125 0.4921875 0.0046875 0.0078125
1 0.0578125 0.5 0.01875 0.0359375
0 0.0546875 0.4859375 0.0046875 0.0046875
1 0.0421875 0.484375 0.0203125 0.0265625
0 0.0390625 0.475 0.0046875 0.00625
1 0.1375 0.484375 0.0171875 0.034375
0 0.1328125 0.471875 0.0046875 0.0046875
1 0.1078125 0.4671875 0.025 0.025
0 0.1 0.459375 0.0046875 0.0046875
1 0.115625 0.4640625 0.021875 0.025
0 0.109375 0.4546875 0.0046875 0.0046875
1 0.125 0.465625 0.0171875 0.0359375
0 0.121875 0.4515625 0.0046875 0.0046875
1 0.1546875 0.471875 0.0171875 0.0359375
0 0.1546875 0.459375 0.0046875 0.0046875
1 0.1421875 0.4640625 0.015625 0.0328125
0 0.1390625 0.4515625 0.003125 0.0046875
1 0.134375 0.4515625 0.0171875 0.0234375
0 0.1328125 0.44375 0.0046875 0.0046875
1 0.2078125 0.4453125 0.0125 0.0296875
0 0.2078125 0.4328125 0.003125 0.0046875
1 0.1796875 0.4546875 0.0140625 0.034375
0 0.175 0.4421875 0.003125 0.0046875
1 0.1578125 0.459375 0.009375 0.0171875
0 0.159375 0.453125 0.0015625 0.0015625
1 0.2953125 0.4109375 0.009375 0.0234375
0 0.2953125 0.4109375 0.009375 0.0234375
1 0.296875 0.415625 0.009375 0.0234375
0 0.2984375 0.40625 0.0015625 0.0015625
1 0.325 0.4015625 0.009375 0.0203125
0 0.325 0.3921875 0.0015625 0.0015625
1 0.3171875 0.3984375 0.00625 0.01875
0 0.3171875 0.3890625 0.0015625 0