1 0.0203125 0.5421875 0.0390625 0.13125
1 0.0625 0.51875 0.0359375 0.0953125
1 0.0671875 0.5046875 0.0234375 0.0609375
1 0.1109375 0.503125 0.0265625 0.0640625
1 0.1328125 0.490625 0.01875 0.053125
1 0.1578125 0.4953125 0.025 0.053125
1 0.1671875 0.496875 0.025 0.0640625
1 0.1953125 0.478125 0.0171875 0.05
1 0.259375 0.4953125 0.025 0.06875
1 0.265625 0.50625 0.03125 0.0375
1 0.2828125 0.475 0.01875 0.0484375
1 0.2953125 0.4703125 0.01875 0.0453125
1 0.390625 0.4546875 0.0125 0.025
1 0.409375 0.4546875 0.0078125 0.025
1 0.440625 0.4671875 0.01875 0.0453125
1 0.4234375 0.46875 0.015625 0.0453125
1 0.4828125 0.4546875 0.0125 0.0296875
1 0.4984375 0.45625 0.0078125 0.025
1 0.5421875 0.459375 0.0203125 0.0453125
1 0.6078125 0.4578125 0.009375 0.0375
1 0.65625 0.4703125 0.0171875 0.01875
1 0.69375 0.471875 0.0265625 0.025
1 0.7390625 0.459375 0.0109375 0.034375
1 0.775 0.490625 0.0265625 0.040625
1 0.7453125 0.478125 0.0171875 0.053125
1 0.865625 0.4734375 0.01875 0.0578125
1 0.89375 0.4953125 0.028125 0.0796875
1 0.9234375 0.478125 0.01875 0.05
1 0.9125 0.48125 0.01875 0.053125
1 0.95 0.5078125 0.0453125 0.0953125
1 0.9796875 0.5078125 0.0265625 0.0890625
1 0.4515625 0.69375 0.2765625 0.35625
1 0.7640625 0.6859375 0.4640625 0.3734375
