1 0.047222 0.090833 0.069444 0.181667
1 0.147222 0.036667 0.030556 0.073333
1 0.236806 0.408333 0.063889 0.163333
1 0.221875 0.698333 0.068750 0.220000
1 0.265278 0.051667 0.043056 0.103333
1 0.378819 0.210833 0.043750 0.155000
1 0.518403 0.475833 0.040972 0.128333
1 0.580556 0.500000 0.034722 0.120000
1 0.493750 0.047500 0.033333 0.095000
1 0.576389 0.192500 0.036111 0.101667
1 0.981250 0.202500 0.033333 0.078333
1 0.996181 0.514167 0.007639 0.068333
1 0.942361 0.650000 0.044444 0.116667
1 0.406597 0.910000 0.138194 0.180000
1 0.802431 0.124167 0.079861 0.248333
