1 0.7171875 0.490625 0.1609375 0.35625
0 0.7484375 0.3453125 0.0484375 0.059375
1 0.5078125 0.5171875 0.1890625 0.3078125
0 0.490625 0.3953125 0.0484375 0.053125
1 0.3515625 0.53125 0.14375 0.3875
0 0.340625 0.3734375 0.046875 0.0609375
1 0.2609375 0.528125 0.14375 0.33125
0 0.2265625 0.39375 0.0578125 0.0609375
1 0.5078125 0.478125 0.1109375 0.2625
0 0.4953125 0.375 0.0375 0.05
1 0.653125 0.4375 0.0484375 0.1609375
0 0.65 0.375 0.025 0.0296875
1 0.7796875 0.453125 0.0578125 0.2328125
0 0.778125 0.3609375 0.0359375 0.0359375