1 0.846875 0.646875 0.303125 0.459375
0 0.8625 0.44375 0.16875 0.196875
1 0.5734375 0.646875 0.684375 0.459375
0 0.659375 0.3984375 0.1421875 0.1765625
1 0.2953125 0.625 0.5890625 0.5
0 0.4796875 0.4015625 0.1328125 0.1828125
1 0.1234375 0.628125 0.246875 0.4953125
0 0.1734375 0.440625 0.1296875 0.171875
1 0.434375 0.4078125 0.0796875 0.18125
0 0.428125 0.340625 0.025 0.034375
1 0.359375 0.421875 0.0828125 0.1828125
0 0.3625 0.35 0.0296875 0.034375
1 0.2078125 0.3421875 0.0796875 0.1484375
0 0.20625 0.2859375 0.0203125 0.0265625
1 0.215625 0.2171875 0.0734375 0.10625
0 0.215625 0.178125 0.0203125 0.021875
1 0.109375 0.228125 0.0609375 0.0765625
0 0.1171875 0.203125 0.0171875 0.021875
1 0.1234375 0.20625 0.053125 0.0921875
0 0.125 0.1734375 0.0171875 0.021875
1 0.0125 0.203125 0.0234375 0.0921875
0 0.003125 0.16875 0.00625 0.0171875