1 0.125 0.553125 0.246875 0.55
0 0.09375 0.309375 0.1171875 0.159375
1 0.14375 0.6625 0.2515625 0.33125
0 0.15 0.5546875 0.125 0.1640625
1 0.325 0.5296875 0.2828125 0.596875
0 0.2796875 0.234375 0.10625 0.1328125
1 0.603125 0.503125 0.3140625 0.65
0 0.6125 0.19375 0.084375 0.05
1 0.3390625 0.6421875 0.271875 0.371875
0 0.34375 0.45 0.11875 0.134375
1 0.4796875 0.6625 0.33125 0.33125
0 0.484375 0.59375 0.115625 0.16875
1 0.61875 0.6109375 0.3078125 0.4359375
0 0.5921875 0.378125 0.1015625 0.1609375
1 0.8140625 0.540625 0.3640625 0.5765625
0 0.8828125 0.2578125 0.11875 0.1609375
1 0.878125 0.653125 0.2359375 0.35
0 0.8484375 0.50625 0.11875 0.178125
1 0.7140625 0.6625 0.2875 0.33125
0 0.7078125 0.634375 0.11875 0.16875