1 0.7765625 0.7875 0.14375 0.1703125
0 0.79375 0.7890625 0.053125 0.05625
1 0.690625 0.790625 0.1625 0.1640625
0 0.696875 0.759375 0.0390625 0.0453125
1 0.753125 0.796875 0.078125 0.15
0 0.7375 0.7484375 0.0359375 0.046875
1 0.6640625 0.8078125 0.1 0.128125
0 0.6609375 0.7734375 0.0296875 0.0421875
1 0.409375 0.803125 0.0953125 0.1375
0 0.4109375 0.7671875 0.0421875 0.046875
1 0.3265625 0.8140625 0.090625 0.1171875
0 0.3359375 0.846875 0.0328125 0.0359375
1 0.3625 0.80625 0.084375 0.13125
0 0.375 0.765625 0.03125 0.0421875
1 0.290625 0.8078125 0.0953125 0.1296875
0 0.2984375 0.775 0.03125 0.0359375
1 0.215625 0.7953125 0.121875 0.153125
0 0.2265625 0.7546875 0.0390625 0.046875
1 0.1140625 0.790625 0.1375 0.1625
0 0.153125 0.7359375 0.0390625 0.05