1 0.0453125 0.6890625 0.0875 0.203125
1 0.10625 0.6875 0.0515625 0.15625
1 0.24375 0.6828125 0.0328125 0.1125
1 0.253125 0.6578125 0.0328125 0.0921875
1 0.2828125 0.675 0.05 0.134375
1 0.309375 0.675 0.03125 0.11875
1 0.3390625 0.671875 0.04375 0.1328125
1 0.4484375 0.6703125 0.06875 0.1640625
1 0.43125 0.6671875 0.0328125 0.125
1 0.503125 0.69375 0.0546875 0.11875
1 0.496875 0.6765625 0.040625 0.1375
1 0.5171875 0.665625 0.0296875 0.11875
1 0.5234375 0.671875 0.0328125 0.1125
1 0.55 0.66875 0.0421875 0.1109375
1 0.55625 0.675 0.0375 0.096875
1 0.590625 0.66875 0.0515625 0.1265625
1 0.603125 0.671875 0.05625 0.125
1 0.6390625 0.68125 0.040625 0.13125
1 0.671875 0.671875 0.034375 0.13125
1 0.6859375 0.6921875 0.0625 0.1328125
1 0.734375 0.7 0.05625 0.15
1 0.734375 0.6734375 0.040625 0.1375
1 0.8296875 0.6984375 0.05 0.1578125
1 0.784375 0.6953125 0.0515625 0.159375
1 0.9375 0.6609375 0.0421875 0.084375
1 0.96875 0.6640625 0.03125 0.08125
