1 0.0296875 0.5390625 0.05625 0.2484375
1 0.08125 0.5375 0.09375 0.2421875
1 0.1359375 0.603125 0.0265625 0.0671875
1 0.1125 0.6140625 0.0203125 0.05
1 0.0453125 0.5578125 0.0671875 0.1859375
1 0.1578125 0.6 0.021875 0.075
1 0.1796875 0.596875 0.034375 0.0796875
1 0.234375 0.5796875 0.0390625 0.121875
1 0.259375 0.5796875 0.0265625 0.1125
1 0.2890625 0.5734375 0.0515625 0.1328125
1 0.2578125 0.596875 0.0234375 0.078125
1 0.3296875 0.5828125 0.0421875 0.10625
1 0.3453125 0.5984375 0.034375 0.075
1 0.309375 0.59375 0.021875 0.0765625
1 0.3671875 0.5859375 0.0265625 0.1
1 0.390625 0.5765625 0.046875 0.121875
1 0.4375 0.571875 0.0515625 0.13125
1 0.446875 0.575 0.03125 0.121875
1 0.4734375 0.56875 0.046875 0.1375
1 0.4921875 0.571875 0.034375 0.128125
1 0.5171875 0.6 0.0171875 0.0421875
1 0.5328125 0.6046875 0.0171875 0.0375
1 0.55625 0.5890625 0.0265625 0.0890625
1 0.5484375 0.60625 0.009375 0.0265625
1 0.5703125 0.59375 0.021875 0.0765625
1 0.5953125 0.59375 0.0296875 0.078125
1 0.61875 0.6 0.0171875 0.059375
1 0.6515625 0.565625 0.0625 0.1625
1 0.6734375 0.4953125 0.1421875 0.353125
1 0.753125 0.58125 0.0421875 0.1140625
1 0.7875 0.534375 0.0921875 0.2421875
1 0.8640625 0.5 0.1765625 0.359375
