1 0.41875 0.578125 0.35 0.365625
0 0.3078125 0.434375 0.059375 0.075
1 0.5359375 0.496875 0.2296875 0.3671875
0 0.4890625 0.359375 0.0765625 0.0921875
1 0.5953125 0.39375 0.10625 0.315625
0 0.59375 0.2671875 0.0359375 0.0515625
1 0.6703125 0.384375 0.103125 0.315625
0 0.68125 0.2515625 0.0421875 0.046875
1 0.696875 0.3921875 0.1140625 0.353125
0 0.7140625 0.2453125 0.0453125 0.05625
1 0.8609375 0.49375 0.271875 0.653125
0 0.9046875 0.228125 0.1515625 0.121875
1 0.7953125 0.421875 0.2328125 0.4921875
0 0.85 0.2125 0.05 0.0640625
1 0.771875 0.428125 0.1140625 0.30625
0 0.771875 0.2921875 0.0328125 0.0390625