1 0.359375 0.5625 0.2328125 0.5328125
0 0.3390625 0.453125 0.0625 0.0671875
1 0.5375 0.58125 0.309375 0.4953125
0 0.5109375 0.4875 0.059375 0.0640625
1 0.296875 0.7203125 0.1734375 0.215625
0 0.29375 0.646875 0.0484375 0.05
1 0.278125 0.69375 0.0890625 0.2703125
0 0.2796875 0.5828125 0.0296875 0.034375
1 0.2109375 0.6953125 0.109375 0.265625
0 0.2109375 0.5890625 0.03125 0.04375
1 0.05703125 0.6921875 0.1140625 0.275
0 0.0703125 0.5875 0.034375 0.040625
1 0.9765625 0.66875 0.0421875 0.2
0 0.984375 0.5921875 0.0265625 0.040625
1 0.9609375 0.5859375 0.075 0.1625
0 0.9671875 0.5265625 0.025 0.0359375
1 0.7515625 0.584375 0.0828125 0.1765625
0 0.7546875 0.5234375 0.025 0.0296875
1 0.6796875 0.65 0.0796875 0.1765625
0 0.68125 0.58125 0.0265625 0.0328125
1 0.6046875 0.6546875 0.084375 0.171875
0 0.6171875 0.5953125 0.0234375 0.0296875
1 0.634375 0.6265625 0.0796875 0.171875
0 0.6421875 0.565625 0.0296875 0.0328125
1 0.565625 0.6421875 0.071875 0.1828125
0 0.5703125 0.5796875 0.0234375 0.028125