1 0.909375 0.4640625 0.109375 0.2859375
1 0.8796875 0.65 0.20625 0.3578125
1 0.759375 0.4796875 0.1140625 0.3125
1 0.6265625 0.475 0.08125 0.2296875
1 0.6765625 0.528125 0.09375 0.3390625
1 0.6875 0.5890625 0.16875 0.4125
1 0.6125 0.6421875 0.1375 0.3734375
1 0.63125 0.65625 0.184375 0.346875
1 0.4625 0.575 0.1046875 0.35
1 0.4890625 0.534375 0.121875 0.3203125
1 0.521875 0.4625 0.1 0.2484375
1 0.3484375 0.5453125 0.19375 0.296875
1 0.259375 0.590625 0.1015625 0.2890625
1 0.2515625 0.6515625 0.1640625 0.35625
1 0.334375 0.6953125 0.21875 0.2671875
1 0.14375 0.7015625 0.21875 0.2546875
