1 0.3421875 0.74375 0.0546875 0.171875
1 0.521875 0.771875 0.090625 0.2078125
1 0.4828125 0.7734375 0.0640625 0.2046875
1 0.6703125 0.76875 0.1265625 0.2140625
1 0.60625 0.7625 0.0765625 0.19375
1 0.8953125 0.7625 0.1796875 0.2265625
1 0.840625 0.7625 0.059375 0.1921875
1 0.765625 0.771875 0.0890625 0.2078125
1 0.7828125 0.7734375 0.0546875 0.1921875
1 0.928125 0.7625 0.0765625 0.228125
1 0.7296875 0.7359375 0.0609375 0.146875
1 0.696875 0.7375 0.0203125 0.0640625
1 0.7890625 0.7296875 0.0453125 0.15625
1 0.8375 0.715625 0.04375 0.140625
1 0.8734375 0.7171875 0.04375 0.134375
1 0.9703125 0.7265625 0.0453125 0.1265625
1 0.978125 0.725 0.034375 0.13125
1 0.2984375 0.715625 0.0546875 0.1140625
1 0.2515625 0.74375 0.0265625 0.08125
1 0.26875 0.7390625 0.0265625 0.0765625
1 0.2015625 0.7609375 0.06875 0.1671875
1 0.1890625 0.734375 0.0515625 0.1546875
1 0.065625 0.7609375 0.125 0.23125
1 0.121875 0.775 0.1015625 0.203125
1 0.103125 0.74375 0.0515625 0.1640625
1 0.1546875 0.734375 0.0359375 0.125
1 0.4328125 0.7421875 0.0359375 0.0703125
