1 0.909375 0.578125 0.1609375 0.359375
1 0.709375 0.559375 0.221875 0.4953125
1 0.6484375 0.6484375 0.178125 0.25
1 0.5359375 0.665625 0.0921875 0.25
1 0.5015625 0.678125 0.0671875 0.15625
1 0.58125 0.6671875 0.0609375 0.165625
1 0.4359375 0.69375 0.0875 0.178125
1 0.3359375 0.696875 0.084375 0.19375
1 0.2828125 0.71875 0.065625 0.165625
1 0.20625 0.734375 0.090625 0.1640625
1 0.1359375 0.7390625 0.0921875 0.178125
1 0.0984375 0.728125 0.096875 0.184375
1 0.04375 0.765625 0.0828125 0.146875
1 0.3703125 0.7140625 0.05625 0.1453125
1 0.1640625 0.6703125 0.0578125 0.1109375
1 0.09375 0.671875 0.0453125 0.1171875
1 0.1265625 0.6671875 0.0484375 0.1265625
1 0.1703125 0.6171875 0.046875 0.0859375
1 0.2421875 0.6421875 0.0484375 0.1015625
1 0.2671875 0.63125 0.040625 0.096875
1 0.2734375 0.6078125 0.053125 0.0875
1 0.3078125 0.6046875 0.05 0.0984375
1 0.240625 0.578125 0.0359375 0.078125
1 0.4 0.7015625 0.04375 0.1421875
1 0.3984375 0.671875 0.04375 0.128125
1 0.453125 0.603125 0.040625 0.090625
1 0.40625 0.6296875 0.0453125 0.11875
1 0.378125 0.6078125 0.0375 0.0859375
1 0.3546875 0.6578125 0.05 0.134375
1 0.2953125 0.546875 0.03125 0.05
1 0.3671875 0.5453125 0.028125 0.075
1 0.3984375 0.565625 0.034375 0.065625
1 0.4296875 0.5734375 0.0328125 0.0765625
1 0.44375 0.5796875 0.0328125 0.0828125
1 0.6015625 0.5625 0.025 0.090625
1 0.6265625 0.565625 0.025 0.08125
1 0.465625 0.5578125 0.034375 0.075
1 0.4390625 0.5578125 0.034375 0.08125
1 0.4265625 0.540625 0.034375 0.075
1 0.4015625 0.5359375 0.028125 0.0703125
1 0.478125 0.546875 0.0265625 0.0703125
1 0.4875 0.5390625 0.0265625 0.059375
1 0.4609375 0.5390625 0.028125 0.075
1 0.3125 0.521875 0.028125 0.06875
1 0.3296875 0.5171875 0.0203125 0.0671875
1 0.5125 0.5234375 0.025 0.0640625
1 0.525 0.5140625 0.0234375 0.0640625
1 0.571875 0.503125 0.0203125 0.0578125
1 0.79375 0.521875 0.028125 0.0671875
1 0.6046875 0.4953125 0.021875 0.0625
1 0.6265625 0.5140625 0.0234375 0.05
1 0.0703125 0.55625 0.0359375 0.078125
1 0.10625 0.553125 0.0390625 0.0828125
1 0.14375 0.5390625 0.0359375 0.075
1 0.1765625 0.5328125 0.0359375 0.06875
1 0.2171875 0.5328125 0.025 0.046875
1 0.2578125 0.5359375 0.025 0.0640625
