1 0.0484375 0.5078125 0.0859375 0.20625
1 0.1296875 0.5046875 0.078125 0.215625
1 0.1734375 0.51875 0.0875 0.23125
1 0.228125 0.5375 0.090625 0.26875
1 0.2671875 0.5 0.0671875 0.2015625
1 0.309375 0.51875 0.090625 0.240625
1 0.378125 0.525 0.1 0.2875
1 0.4296875 0.51875 0.0703125 0.23125
1 0.4515625 0.51875 0.0953125 0.240625
1 0.4875 0.546875 0.1171875 0.2859375
1 0.4859375 0.490625 0.053125 0.171875
1 0.55 0.515625 0.0609375 0.175
1 0.559375 0.4671875 0.0734375 0.2015625
1 0.5953125 0.49375 0.071875 0.2125
1 0.6328125 0.5015625 0.096875 0.2765625
1 0.68125 0.4875 0.1296875 0.290625
1 0.76875 0.4890625 0.09375 0.2796875
1 0.7734375 0.5234375 0.1421875 0.278125
1 0.815625 0.515625 0.1390625 0.3265625
1 0.9140625 0.5265625 0.1375 0.284375
1 0.8 0.515625 0.090625 0.29375
