1 0.793333 0.385926 0.008333 0.016296
1 0.768750 0.385926 0.010833 0.022222
1 0.845000 0.388889 0.006667 0.013333
1 0.825833 0.400000 0.008333 0.014815
1 0.814583 0.422222 0.015833 0.077037
1 0.877917 0.429630 0.015833 0.091852
1 0.862500 0.404444 0.006667 0.014815
1 0.859583 0.388148 0.009167 0.017778
1 0.905000 0.378519 0.066667 0.128889
1 0.826250 0.461481 0.015833 0.028148
1 0.817500 0.454074 0.011667 0.025185
1 0.810000 0.463704 0.013333 0.023704
1 0.783333 0.475556 0.015000 0.029630
1 0.775417 0.452593 0.012500 0.022222
1 0.744583 0.458519 0.012500 0.022222
1 0.717500 0.451852 0.016667 0.035556
1 0.726667 0.381481 0.006667 0.010370
1 0.708750 0.385926 0.007500 0.016296
1 0.690833 0.412593 0.008333 0.019259
1 0.682500 0.396296 0.006667 0.016296
1 0.663333 0.386667 0.008333 0.017778
1 0.672917 0.443704 0.012500 0.022222
1 0.739583 0.541481 0.055833 0.114074
1 0.563333 0.767407 0.076667 0.145185
1 0.656250 0.455556 0.010833 0.022222
1 0.641667 0.471111 0.015000 0.029630
1 0.624583 0.436296 0.012500 0.025185
1 0.645833 0.433333 0.008333 0.016296
1 0.656667 0.455556 0.010000 0.022222
1 0.606667 0.458519 0.011667 0.022222
1 0.607083 0.457778 0.012500 0.023704
1 0.585000 0.454815 0.010000 0.020741
1 0.567083 0.449630 0.010833 0.025185
1 0.554167 0.460000 0.013333 0.025185
1 0.532500 0.466667 0.011667 0.029630
1 0.507083 0.448148 0.017500 0.028148
1 0.494583 0.402963 0.017500 0.068148
1 0.478750 0.406667 0.017500 0.093333
1 0.466667 0.369630 0.005000 0.010370
1 0.478333 0.443704 0.010000 0.022222
1 0.448750 0.456296 0.014167 0.023704
1 0.447917 0.427407 0.010833 0.022222
1 0.440417 0.423704 0.010833 0.020741
1 0.418333 0.458519 0.011667 0.025185
1 0.361667 0.433333 0.011667 0.025185
1 0.384583 0.451111 0.012500 0.031111
1 0.407500 0.449630 0.013333 0.025185
1 0.343750 0.470370 0.012500 0.022222
1 0.300417 0.448889 0.014167 0.026667
1 0.281250 0.448889 0.010833 0.023704
1 0.268750 0.479259 0.012500 0.025185
1 0.252500 0.439259 0.013333 0.031111
1 0.267917 0.431111 0.012500 0.023704
1 0.260000 0.431852 0.010000 0.022222
1 0.350417 0.558519 0.022500 0.044444
1 0.446667 0.653333 0.051667 0.094815
1 0.452083 0.633333 0.035833 0.072593
1 0.277083 0.691111 0.047500 0.099259
1 0.207083 0.649630 0.040833 0.090370
1 0.065417 0.593333 0.044167 0.084444
1 0.108333 0.514815 0.030000 0.060741
1 0.055833 0.528889 0.028333 0.047407
1 0.005000 0.416296 0.010000 0.020741
1 0.131250 0.465926 0.015833 0.034074
1 0.169167 0.440000 0.010000 0.020741
1 0.189167 0.448889 0.015000 0.026667
1 0.195833 0.468889 0.018333 0.037037
1 0.217083 0.542963 0.019167 0.040000
1 0.157500 0.495556 0.021667 0.042963
1 0.202500 0.722963 0.080000 0.361481
1 0.741667 0.400000 0.006667 0.011852
1 0.755000 0.449630 0.013333 0.028148
1 0.737917 0.451111 0.010833 0.025185
1 0.647917 0.388148 0.007500 0.014815
