1 0.9375 0.63125 0.1078125 0.2578125
1 0.8078125 0.640625 0.1 0.2375
1 0.7203125 0.6375 0.0859375 0.2390625
1 0.640625 0.6296875 0.090625 0.2546875
1 0.5484375 0.6203125 0.090625 0.271875
1 0.478125 0.6234375 0.0796875 0.259375
1 0.3953125 0.6390625 0.0859375 0.2359375
1 0.3203125 0.634375 0.090625 0.24375
1 0.24375 0.634375 0.0828125 0.2453125
1 0.1703125 0.625 0.0890625 0.2625
1 0.096875 0.634375 0.0859375 0.2484375
1 0.0390625 0.640625 0.075 0.2328125
1 0.05625 0.596875 0.0890625 0.2203125
1 0.121875 0.5984375 0.0671875 0.225
1 0.1921875 0.5734375 0.0734375 0.178125
1 0.246875 0.59375 0.071875 0.2078125
1 0.30625 0.59375 0.0703125 0.2203125
1 0.3671875 0.590625 0.071875 0.2296875
1 0.4265625 0.5859375 0.075 0.2390625
1 0.4828125 0.5890625 0.071875 0.2328125
1 0.6078125 0.5890625 0.0703125 0.2375
1 0.6625 0.590625 0.0671875 0.2328125
1 0.7171875 0.59375 0.0703125 0.2328125
1 0.7796875 0.5921875 0.0796875 0.225
1 0.8421875 0.5890625 0.0859375 0.2390625
1 0.9078125 0.5890625 0.0796875 0.2453125
1 0.5375 0.534375 0.075 0.1953125
1 0.875 0.5625 0.0703125 0.2046875
1 0.8171875 0.56875 0.071875 0.1921875
1 0.8296875 0.5390625 0.0734375 0.1796875
1 0.7671875 0.5390625 0.05625 0.178125
1 0.7546875 0.5625 0.0625 0.2046875
1 0.709375 0.54375 0.059375 0.1703125
1 0.6578125 0.546875 0.0515625 0.1609375
1 0.546875 0.59375 0.0703125 0.2296875
1 0.55625 0.5328125 0.0640625 0.1546875
1 0.603125 0.5421875 0.0640625 0.1625
1 0.609375 0.5296875 0.059375 0.1578125
1 0.4953125 0.534375 0.0640625 0.15
1 0.48125 0.521875 0.0609375 0.1671875
1 0.44375 0.53125 0.0515625 0.15
1 0.396875 0.5265625 0.059375 0.1609375
1 0.3765625 0.5296875 0.0546875 0.1546875
1 0.3359375 0.5453125 0.05625 0.1703125
1 0.2984375 0.5265625 0.0546875 0.159375
1 0.3359375 0.528125 0.0453125 0.1546875
1 0.2734375 0.55625 0.0546875 0.1578125
1 0.253125 0.521875 0.05625 0.1703125
1 0.2125 0.5265625 0.0625 0.165625
1 0.1953125 0.5296875 0.059375 0.1625
1 0.13125 0.54375 0.075 0.1796875
1 0.1453125 0.5265625 0.0671875 0.1703125
1 0.253125 0.5234375 0.0546875 0.1703125
