1 0.61875 0.65 0.290625 0.403125
0 0.6640625 0.5109375 0.0890625 0.11875
1 0.915625 0.553125 0.1609375 0.5984375
0 0.940625 0.3265625 0.0796875 0.1078125
1 0.796875 0.5515625 0.18125 0.6015625
0 0.803125 0.3078125 0.059375 0.0953125
1 0.715625 0.4984375 0.1859375 0.61875
0 0.7265625 0.2390625 0.0640625 0.0953125
1 0.596875 0.534375 0.209375 0.5984375
0 0.596875 0.290625 0.0765625 0.1015625
1 0.409375 0.59375 0.184375 0.515625
0 0.3921875 0.4078125 0.0765625 0.1046875
1 0.5203125 0.5 0.1640625 0.5578125
0 0.5125 0.2640625 0.0640625 0.078125
1 0.4046875 0.5125 0.2125 0.6359375
0 0.4046875 0.246875 0.0671875 0.090625
1 0.121875 0.565625 0.2421875 0.571875
0 0.065625 0.34375 0.10625 0.1203125
1 0.225 0.5484375 0.1875 0.60625
0 0.221875 0.3078125 0.078125 0.1078125
1 0.2453125 0.5296875 0.175 0.634375
0 0.2484375 0.2625 0.071875 0.0875
1 0.1109375 0.5328125 0.2 0.6375
0 0.1078125 0.2703125 0.075 0.0984375