1 0.1984375 0.675 0.146875 0.4890625
0 0.2 0.471875 0.046875 0.0640625
1 0.328125 0.671875 0.140625 0.4875
0 0.353125 0.46875 0.0546875 0.0703125
1 0.4578125 0.65625 0.121875 0.409375
0 0.4640625 0.4875 0.040625 0.0578125
1 0.571875 0.6640625 0.1296875 0.3921875
0 0.575 0.5015625 0.0453125 0.0578125
1 0.6375 0.7328125 0.11875 0.434375
0 0.6375 0.5484375 0.04375 0.0609375
1 0.6953125 0.653125 0.1125 0.403125
0 0.6921875 0.4828125 0.0375 0.053125
1 0.79375 0.7234375 0.16875 0.4984375
0 0.771875 0.521875 0.0546875 0.065625
1 0.81875 0.6515625 0.1125 0.4171875
0 0.81875 0.4765625 0.0421875 0.0578125