1 0.1015625 0.525 0.140625 0.296875
1 0.1484375 0.525 0.140625 0.3140625
1 0.2609375 0.5171875 0.0875 0.203125
1 0.28125 0.5265625 0.1078125 0.24375
1 0.365625 0.56875 0.1609375 0.4
1 0.4390625 0.4953125 0.071875 0.2140625
1 0.496875 0.51875 0.0953125 0.2546875
1 0.565625 0.565625 0.1390625 0.4046875
1 0.6015625 0.5078125 0.059375 0.1953125
1 0.628125 0.4859375 0.0453125 0.1546875
1 0.65 0.471875 0.0328125 0.0953125
1 0.7140625 0.55625 0.1484375 0.34375
1 0.8796875 0.5390625 0.165625 0.4421875
1 0.9296875 0.459375 0.078125 0.18125
