1 0.0234375 0.69375 0.0421875 0.2046875
1 0.0265625 0.6765625 0.0390625 0.1765625
1 0.05625 0.6921875 0.0609375 0.1546875
1 0.103125 0.6875 0.0453125 0.1640625
1 0.1421875 0.7 0.08125 0.1921875
1 0.1984375 0.6703125 0.0515625 0.1671875
1 0.33125 0.665625 0.0390625 0.171875
1 0.2921875 0.7078125 0.1 0.2453125
1 0.2546875 0.7078125 0.15 0.2453125
1 0.3859375 0.6828125 0.065625 0.1984375
1 0.3609375 0.6546875 0.04375 0.1265625
1 0.421875 0.675 0.0484375 0.1671875
1 0.4453125 0.671875 0.025 0.1546875
1 0.4765625 0.6765625 0.0484375 0.1953125
1 0.50625 0.715625 0.1109375 0.2296875
1 0.56875 0.7015625 0.05625 0.1921875
1 0.6046875 0.690625 0.046875 0.1859375
1 0.6265625 0.6828125 0.034375 0.1578125
1 0.6546875 0.665625 0.0328125 0.10625
1 0.703125 0.7078125 0.053125 0.2421875
1 0.671875 0.721875 0.0828125 0.2140625
1 0.7140625 0.675 0.0515625 0.16875
1 0.7671875 0.7265625 0.075 0.2046875
1 0.790625 0.6671875 0.0296875 0.140625
1 0.85 0.684375 0.0625 0.1953125
1 0.8890625 0.6734375 0.053125 0.1921875
1 0.8921875 0.7078125 0.071875 0.2265625
1 0.9390625 0.6890625 0.0515625 0.178125
1 0.95625 0.7171875 0.08125 0.2234375
1 0.5609375 0.6578125 0.034375 0.1234375
1 0.2515625 0.3671875 0.0609375 0.1875
1 0.4421875 0.3671875 0.0953125 0.20625
1 0.2921875 0.4921875 0.0875 0.1984375
