1 0.08125 0.5875 0.0625 0.1921875
1 0.140625 0.5375 0.0609375 0.1546875
1 0.14375 0.6125 0.0671875 0.21875
1 0.1796875 0.6703125 0.0640625 0.2515625
1 0.1390625 0.734375 0.1203125 0.246875
1 0.45 0.765625 0.1 0.2171875
1 0.3828125 0.7375 0.09375 0.275
1 0.4765625 0.75 0.084375 0.2484375
1 0.2609375 0.6625 0.0890625 0.234375
1 0.55 0.765625 0.084375 0.2171875
1 0.6609375 0.803125 0.109375 0.1421875
1 0.734375 0.7828125 0.084375 0.1828125
1 0.9328125 0.5734375 0.0671875 0.21875
1 0.8 0.60625 0.0546875 0.2109375
1 0.7625 0.675 0.059375 0.2109375
1 0.7265625 0.7 0.084375 0.2421875
1 0.6703125 0.7375 0.08125 0.2734375
1 0.584375 0.725 0.08125 0.2421875
1 0.5890625 0.6953125 0.0890625 0.246875
1 0.5078125 0.715625 0.08125 0.25625
1 0.6890625 0.6390625 0.0765625 0.2140625
1 0.6375 0.6515625 0.0796875 0.2109375
1 0.584375 0.6046875 0.0765625 0.19375
1 0.4828125 0.5953125 0.0515625 0.1984375
1 0.446875 0.640625 0.0640625 0.221875
1 0.3765625 0.6515625 0.0890625 0.25625
1 0.4015625 0.6078125 0.084375 0.21875
1 0.3296875 0.6453125 0.0625 0.246875
1 0.2765625 0.590625 0.0640625 0.21875
1 0.2546875 0.5828125 0.059375 0.1890625
1 0.1921875 0.553125 0.05 0.1734375
1 0.68125 0.525 0.05625 0.18125
1 0.01875 0.4171875 0.03125 0.13125
1 0.2375 0.446875 0.046875 0.1375
1 0.2765625 0.44375 0.059375 0.1484375
1 0.29375 0.4265625 0.04375 0.1375
1 0.325 0.4296875 0.046875 0.1515625
1 0.3484375 0.4546875 0.046875 0.1453125
1 0.434375 0.446875 0.05 0.1359375
1 0.471875 0.4609375 0.04375 0.128125
1 0.346875 0.33125 0.0421875 0.1203125
1 0.4015625 0.265625 0.0515625 0.0984375
1 0.4625 0.2171875 0.0421875 0.0953125
1 0.546875 0.2453125 0.0390625 0.0953125
1 0.5796875 0.25 0.0296875 0.0828125
1 0.309375 0.2859375 0.0421875 0.1078125
1 0.278125 0.3046875 0.0421875 0.115625
1 0.2109375 0.3265625 0.0421875 0.115625
1 0.1796875 0.340625 0.0515625 0.1234375
1 0.121875 0.3515625 0.05 0.1328125
1 0.209375 0.2984375 0.05 0.1109375
1 0.23125 0.3421875 0.0375 0.1046875
1 0.2390625 0.328125 0.0390625 0.115625
1 0.0234375 0.3953125 0.0421875 0.1375
1 0.1515625 0.328125 0.0421875 0.1234375
1 0.6 0.1890625 0.0296875 0.075
1 0.4890625 0.3546875 0.0390625 0.115625
1 0.8390625 0.6703125 0.096875 0.23125
1 0.8328125 0.609375 0.0546875 0.203125
1 0.6484375 0.5921875 0.0640625 0.18125
1 0.871875 0.6265625 0.0640625 0.1984375
