1 0.0328125 0.528125 0.0625 0.203125
0 0.0390625 0.4453125 0.03125 0.0328125
1 0.0296875 0.4984375 0.05625 0.15625
0 0.0265625 0.43125 0.025 0.0234375
1 0.1171875 0.565625 0.1046875 0.3171875
0 0.103125 0.4328125 0.0421875 0.046875
1 0.09375 0.509375 0.05 0.1578125
0 0.08125 0.440625 0.01875 0.0203125
1 0.14375 0.51875 0.0671875 0.1765625
0 0.1265625 0.4421875 0.0203125 0.0234375
1 0.159375 0.4484375 0.015625 0.0484375
0 0.1578125 0.428125 0.0046875 0.0046875
1 0.1765625 0.4921875 0.040625 0.1328125
0 0.1828125 0.440625 0.0171875 0.0203125
1 0.1984375 0.5203125 0.0515625 0.1609375
0 0.2125 0.453125 0.025 0.025
1 0.2328125 0.453125 0.0171875 0.046875
0 0.234375 0.434375 0.0046875 0.0046875
1 0.2640625 0.55625 0.0953125 0.2265625
0 0.271875 0.4640625 0.0296875 0.0359375
1 0.271875 0.515625 0.0671875 0.1796875
0 0.2640625 0.4453125 0.021875 0.025
1 0.309375 0.4796875 0.0296875 0.09375
0 0.309375 0.440625 0.0125 0.0125
1 0.3421875 0.5078125 0.0625 0.1953125
0 0.328125 0.4265625 0.025 0.028125
1 0.3515625 0.4859375 0.03125 0.1140625
0 0.3515625 0.4375 0.015625 0.015625
1 0.390625 0.509375 0.071875 0.184375
0 0.3859375 0.434375 0.0171875 0.0265625
1 0.4171875 0.5421875 0.0953125 0.2078125
0 0.425 0.4578125 0.025 0.03125
1 0.475 0.4859375 0.046875 0.1296875
0 0.475 0.4359375 0.0171875 0.0203125
1 0.4890625 0.4859375 0.0421875 0.1265625
0 0.484375 0.4359375 0.0171875 0.0203125
1 0.5265625 0.5203125 0.0640625 0.16875
0 0.51875 0.45 0.021875 0.0234375
1 0.5171875 0.6375 0.140625 0.3625
0 0.4859375 0.484375 0.0390625 0.0546875
1 0.559375 0.4671875 0.0234375 0.071875
0 0.55625 0.4375 0.009375 0.0125
1 0.5828125 0.478125 0.0390625 0.109375
0 0.590625 0.434375 0.0125 0.015625
1 0.6109375 0.50625 0.0484375 0.121875
0 0.6203125 0.4546875 0.0125 0.0125
1 0.6484375 0.5171875 0.0640625 0.1765625
0 0.6546875 0.446875 0.0234375 0.028125
1 0.7265625 0.571875 0.125 0.265625
0 0.6984375 0.4625 0.0328125 0.04375
1 0.7390625 0.5109375 0.0515625 0.140625
0 0.7328125 0.45 0.0140625 0.015625
1 0.7765625 0.49375 0.046875 0.1421875
0 0.7765625 0.434375 0.0140625 0.0203125
1 0.8078125 0.5375 0.1171875 0.2234375
0 0.8171875 0.44375 0.0296875 0.0328125
1 0.8515625 0.46875 0.0328125 0.0859375
0 0.8578125 0.434375 0.0140625 0.0125
1 0.8796875 0.478125 0.05 0.1046875
0 0.8796875 0.4375 0.0140625 0.015625
1 0.9140625 0.465625 0.0328125 0.08125
0 0.909375 0.434375 0.0125 0.0109375
1 0.9015625 0.5796875 0.13125 0.2625
0 0.90625 0.471875 0.034375 0.04375
1 0 0.16875 0 0
0 0.9671875 0.45625 0.028125 0.028125
1 0.546875 0.4828125 0.034375 0.1015625
0 0.546875 0.4421875 0.009375 0.015625
1 0.5546875 0.4703125 0.025 0.08125
0 0.55625 0.4375 0.009375 0.0125