1 0.11875 0.634375 0.14375 0.2890625
1 0.240625 0.653125 0.1265625 0.2515625
1 0.2453125 0.6453125 0.103125 0.26875
1 0.3125 0.65 0.0609375 0.215625
1 0.3796875 0.6625 0.0640625 0.1875
1 0.3984375 0.64375 0.05 0.1640625
1 0.4421875 0.6515625 0.0765625 0.1796875
1 0.465625 0.65 0.0421875 0.1484375
1 0.4796875 0.634375 0.0359375 0.121875
1 0.509375 0.6390625 0.046875 0.1375
1 0.5375 0.6421875 0.046875 0.134375
1 0.5703125 0.64375 0.071875 0.1703125
1 0.5984375 0.628125 0.0390625 0.1359375
1 0.6015625 0.6359375 0.040625 0.1328125
1 0.61875 0.6421875 0.0515625 0.1484375
1 0.6515625 0.6484375 0.05 0.165625
1 0.6765625 0.6375 0.046875 0.1609375
1 0.6859375 0.640625 0.05 0.14375
1 0.7078125 0.6375 0.0390625 0.1359375
1 0.7140625 0.65 0.0359375 0.121875
1 0.7125 0.621875 0.0421875 0.121875
1 0.7328125 0.621875 0.0328125 0.109375
1 0.74375 0.63125 0.03125 0.109375
1 0.75 0.69375 0.06875 0.15
1 0.8375 0.684375 0.109375 0.1734375
1 0.8703125 0.684375 0.125 0.190625
1 0.91875 0.675 0.159375 0.209375
1 0.9328125 0.6828125 0.13125 0.19375
1 0.95625 0.6421875 0.084375 0.2734375
1 0.8921875 0.6421875 0.0578125 0.184375
1 0.85625 0.634375 0.0328125 0.1359375
1 0.9171875 0.625 0.0421875 0.13125
