1 0.0515625 0.6234375 0.078125 0.1703125
1 0.0421875 0.6234375 0.08125 0.15625
1 0.1359375 0.6375 0.071875 0.1609375
1 0.21875 0.646875 0.1046875 0.190625
1 0.2515625 0.6234375 0.059375 0.1578125
1 0.290625 0.646875 0.059375 0.159375
1 0.3015625 0.6578125 0.05 0.1296875
1 0.3203125 0.6296875 0.0703125 0.1546875
1 0.3859375 0.64375 0.078125 0.1953125
1 0.3796875 0.6390625 0.065625 0.1828125
1 0.45 0.6453125 0.0640625 0.140625
1 0.4296875 0.625 0.059375 0.1375
1 0.4828125 0.634375 0.0671875 0.1875
1 0.5125 0.6265625 0.0703125 0.1375
1 0.5421875 0.6265625 0.06875 0.1296875
1 0.5734375 0.628125 0.0484375 0.15
1 0.64375 0.63125 0.0796875 0.1703125
1 0.715625 0.6359375 0.1 0.1796875
1 0.6953125 0.6328125 0.0609375 0.1421875
1 0.753125 0.634375 0.0546875 0.1359375
1 0.790625 0.628125 0.071875 0.134375
1 0.8125 0.640625 0.0578125 0.1453125
1 0.8265625 0.6296875 0.0515625 0.15
1 0.8625 0.6421875 0.0484375 0.1546875
1 0.8859375 0.628125 0.05 0.16875
1 0.909375 0.6390625 0.0703125 0.178125
1 0.921875 0.6421875 0.059375 0.1625
1 0.9640625 0.6203125 0.0625 0.140625
1 0.4234375 0.6703125 0.0421875 0.1109375
1 0.1265625 0.63125 0.0515625 0.1625
