1 0.9515625 0.521875 0.0921875 0.30625
1 0.7328125 0.60625 0.1890625 0.3
1 0.7609375 0.540625 0.146875 0.403125
1 0.66875 0.546875 0.1078125 0.3921875
1 0.6015625 0.546875 0.09375 0.3828125
1 0.54375 0.5609375 0.084375 0.3703125
1 0.4765625 0.5578125 0.0984375 0.3765625
1 0.396875 0.5515625 0.1078125 0.4015625
1 0.309375 0.5328125 0.1203125 0.45625
1 0.4171875 0.6359375 0.134375 0.30625
1 0.5265625 0.609375 0.1234375 0.3359375
1 0.6109375 0.6125 0.0984375 0.31875
1 0.6828125 0.60625 0.0984375 0.3171875
