1 0.046875 0.575 0.0921875 0.40625
1 0.121875 0.5671875 0.1515625 0.4265625
1 0.2453125 0.5640625 0.1796875 0.4
1 0.259375 0.51875 0.1375 0.440625
1 0.38125 0.5375 0.121875 0.4015625
1 0.471875 0.55 0.134375 0.40625
1 0.553125 0.54375 0.10625 0.403125
1 0.6078125 0.553125 0.15625 0.4359375
1 0.6796875 0.55 0.109375 0.409375
1 0.7546875 0.5765625 0.1515625 0.4546875
1 0.8125 0.553125 0.1125 0.428125
1 0.884375 0.5625 0.1453125 0.4515625
1 0.95 0.5671875 0.0953125 0.409375
1 0.0796875 0.55625 0.13125 0.3734375
1 0.190625 0.5671875 0.096875 0.346875
1 0.025 0.5453125 0.0453125 0.3734375
