1 0.0625 0.384375 0.125 0.4375
0 0.0421875 0.20625 0.0625 0.078125
1 0.0765625 0.3921875 0.15 0.415625
0 0.021875 0.221875 0.0421875 0.0625
1 0.2171875 0.6015625 0.2234375 0.5859375
0 0.240625 0.3640625 0.078125 0.0828125
1 0.31875 0.6359375 0.175 0.46875
0 0.3390625 0.4453125 0.0703125 0.078125
1 0.4390625 0.4765625 0.2625 0.83125
0 0.41875 0.121875 0.0859375 0.1046875
1 0.6109375 0.6171875 0.184375 0.4515625
0 0.5890625 0.4453125 0.0796875 0.096875
1 0.753125 0.5765625 0.2109375 0.584375
0 0.7703125 0.3640625 0.078125 0.1015625
1 0.93125 0.2921875 0.071875 0.1578125
0 0.9265625 0.2265625 0.021875 0.0234375
1 0.953125 0.3 0.034375 0.0890625
0 0.95625 0.2671875 0.009375 0.0125
1 0.9828125 0.284375 0.028125 0.128125
0 0.9921875 0.2296875 0.009375 0.015625
1 0.9328125 0.296875 0.0640625 0.140625
0 0.9390625 0.2390625 0.015625 0.01875