1 0.0375 0.434375 0.071875 0.31875
1 0.1796875 0.5109375 0.115625 0.3640625
1 0.0890625 0.434375 0.090625 0.2359375
1 0.134375 0.44375 0.075 0.24375
1 0.065625 0.3734375 0.0375 0.1046875
1 0.1640625 0.4171875 0.075 0.225
1 0.2109375 0.378125 0.0296875 0.1453125
1 0.2328125 0.43125 0.053125 0.2265625
1 0.26875 0.440625 0.059375 0.2140625
1 0.2515625 0.3546875 0.0203125 0.0765625
1 0.3375 0.4671875 0.128125 0.34375
1 0.3609375 0.4421875 0.0546875 0.2265625
1 0.3875 0.3734375 0.0375 0.1109375
1 0.425 0.440625 0.078125 0.23125
1 0.4515625 0.3625 0.0390625 0.0921875
1 0.509375 0.565625 0.140625 0.4515625
1 0.5109375 0.5453125 0.1953125 0.48125
1 0.48125 0.4359375 0.0828125 0.2625
1 0.584375 0.4375 0.0875 0.290625
1 0.621875 0.4484375 0.0546875 0.23125
1 0.66875 0.4484375 0.0734375 0.2390625
1 0.7125 0.4375 0.0703125 0.24375
1 0.7921875 0.4734375 0.071875 0.203125
1 0.8546875 0.4515625 0.071875 0.2546875
1 0.8609375 0.440625 0.1015625 0.2359375
1 0.7828125 0.3828125 0.059375 0.1359375
1 0.765625 0.3765625 0.0484375 0.1359375
1 0.8 0.384375 0.04375 0.1234375
1 0.846875 0.3484375 0.0203125 0.05
1 0.9421875 0.4484375 0.071875 0.2796875
1 0.96875 0.4390625 0.05625 0.2671875
1 0.909375 0.371875 0.0359375 0.1015625
1 0.8796875 0.38125 0.0453125 0.146875
1 0.74375 0.35 0.0203125 0.0609375
1 0.8109375 0.346875 0.01875 0.046875
