1 0.845576 0.154462 0.008347 0.016018
1 0.687813 0.175057 0.010017 0.016018
1 0.829716 0.302059 0.060100 0.100686
1 0.825543 0.288330 0.045075 0.086957
1 0.756260 0.218535 0.023372 0.034325
1 0.736227 0.300915 0.060100 0.116705
1 0.585142 0.249428 0.038397 0.064073
1 0.584307 0.316934 0.076795 0.139588
1 0.510017 0.236842 0.051753 0.070938
1 0.471619 0.267735 0.038397 0.064073
1 0.387312 0.295195 0.043406 0.077803
1 0.388147 0.235698 0.028381 0.041190
1 0.307179 0.243707 0.026711 0.038902
1 0.264608 0.260870 0.055092 0.086957
1 0.227880 0.248284 0.031720 0.057208
1 0.199499 0.236842 0.018364 0.029748
1 0.184474 0.259725 0.025042 0.043478
1 0.171119 0.224256 0.021703 0.036613
1 0.103506 0.237986 0.033389 0.050343
1 0.106845 0.219680 0.020033 0.032037
1 0.081803 0.237986 0.023372 0.036613
1 0.106845 0.200229 0.016694 0.025172
1 0.083472 0.208238 0.013356 0.022883
1 0.025876 0.205950 0.015025 0.022883
1 0.011686 0.215103 0.016694 0.022883
1 0.198664 0.191076 0.013356 0.034325
