1 0.171875 0.6859375 0.340625 0.3734375
1 0.26875 0.6859375 0.35625 0.3734375
1 0.175 0.68125 0.234375 0.3828125
1 0.4078125 0.6921875 0.178125 0.3609375
1 0.5515625 0.6859375 0.34375 0.3734375
1 0.7140625 0.66875 0.271875 0.4078125
1 0.8453125 0.6453125 0.21875 0.45625
1 0.90625 0.6671875 0.18125 0.4109375
1 0.1125 0.6359375 0.221875 0.475
1 0.2390625 0.625 0.1921875 0.4953125
1 0.3546875 0.646875 0.2078125 0.45
1 0.425 0.63125 0.1875 0.4828125
1 0.5484375 0.6296875 0.1921875 0.4859375
1 0.6515625 0.6359375 0.184375 0.475
1 0.0171875 0.453125 0.021875 0.04375
1 0.878125 0.475 0.0296875 0.0578125
