1 0.1296875 0.6640625 0.040625 0.0984375
0 0.1296875 0.6234375 0.0109375 0.0125
1 0.1546875 0.740625 0.0546875 0.1296875
0 0.153125 0.6875 0.0171875 0.0203125
1 0.203125 0.7296875 0.040625 0.1125
0 0.2015625 0.68125 0.0140625 0.0140625
1 0.184375 0.8375 0.0578125 0.153125
0 0.1765625 0.778125 0.01875 0.0234375
1 0.2953125 0.9046875 0.0640625 0.1875
0 0.3046875 0.828125 0.025 0.0265625
1 0.30625 0.775 0.05625 0.125
0 0.315625 0.7234375 0.015625 0.0171875
1 0.34375 0.78125 0.04375 0.128125
0 0.3453125 0.728125 0.0125 0.015625
1 0.4015625 0.6953125 0.0390625 0.109375
0 0.4015625 0.6515625 0.0125 0.0140625
1 0.434375 0.69375 0.0375 0.1140625
0 0.434375 0.646875 0.0125 0.0140625
1 0.384375 0.51875 0.0125 0.0390625
0 0.384375 0.503125 0.003125 0.00625
1 0.475 0.69375 0.0375 0.1015625
0 0.475 0.6515625 0.0125 0.0140625
1 0.484375 0.6546875 0.025 0.084375
0 0.4859375 0.61875 0.009375 0.009375
1 0.49375 0.675 0.034375 0.096875
0 0.496875 0.634375 0.009375 0.0140625
1 0.5140625 0.65625 0.0265625 0.09375
0 0.5140625 0.61875 0.0125 0.0125
1 0.5265625 0.6734375 0.0359375 0.096875
0 0.5265625 0.6328125 0.009375 0.0125
1 0.5234375 0.6359375 0.03125 0.084375
0 0.525 0.6015625 0.0109375 0.0125
1 0.5484375 0.6578125 0.03125 0.0921875
0 0.546875 0.6171875 0.009375 0.009375
1 0.55 0.6203125 0.0296875 0.075
0 0.55 0.5921875 0.0078125 0.009375
1 0.5625 0.6078125 0.0203125 0.075
0 0.5625 0.578125 0.009375 0.009375
1 0.575 0.6265625 0.0265625 0.08125
0 0.5765625 0.5921875 0.009375 0.009375
1 0.5875 0.6140625 0.01875 0.0671875
0 0.5859375 0.5875 0.00625 0.0078125
1 0.6109375 0.68125 0.0390625 0.10625
0 0.609375 0.6359375 0.009375 0.0125
1 0.60625 0.61875 0.0265625 0.06875
0 0.60625 0.5890625 0.0078125 0.009375
1 0.6203125 0.5984375 0.021875 0.0671875
0 0.6234375 0.571875 0.00625 0.009375
1 0.5984375 0.5484375 0.021875 0.04375
0 0.5984375 0.53125 0.003125 0.00625
1 0.6203125 0.5625 0.021875 0.0515625
0 0.6203125 0.5421875 0.00625 0.009375
1 0.6375 0.540625 0.01875 0.046875
0 0.6390625 0.521875 0.0046875 0.00625
1 0.6578125 0.54375 0.015625 0.034375
0 0.65625 0.53125 0.003125 0.003125
1 0.6484375 0.5640625 0.025 0.05
0 0.6515625 0.54375 0.00625 0.00625
1 0.640625 0.5984375 0.0296875 0.075
0 0.640625 0.56875 0.0078125 0.009375
1 0.6375 0.6234375 0.0265625 0.0765625
0 0.6375 0.5921875 0.0078125 0.009375
1 0.659375 0.6234375 0.021875 0.0671875
0 0.6609375 0.59375 0.00625 0.0078125
1 0.659375 0.63125 0.0328125 0.0765625
0 0.6609375 0.6015625 0.0078125 0.009375
1 0.6671875 0.5796875 0.021875 0.053125
0 0.66875 0.559375 0.00625 0.00625
1 0.6796875 0.575 0.01875 0.05625
0 0.6796875 0.5515625 0.00625 0.00625
1 0.696875 0.571875 0.025 0.05625
0 0.6984375 0.5515625 0.00625 0.00625
1 0.7078125 0.5921875 0.03125 0.0625
0 0.709375 0.5671875 0.00625 0.00625
1 0.715625 0.5734375 0.025 0.0609375
0 0.7171875 0.5484375 0.00625 0.00625
1 0.7359375 0.5890625 0.03125 0.0671875
0 0.734375 0.5625 0.00625 0.0078125
1 0.7609375 0.61875 0.025 0.0765625
0 0.759375 0.584375 0.009375 0.0125
1 0.76875 0.61875 0.03125 0.08125
0 0.765625 0.5859375 0.009375 0.009375
1 0.7625 0.56875 0.021875 0.059375
0 0.7609375 0.54375 0.00625 0.00625
1 0.7390625 0.5421875 0.0171875 0.0390625
0 0.7375 0.5265625 0.00625 0.00625
1 0.7109375 0.5328125 0.0203125 0.04375
0 0.7125 0.515625 0.00625 0.00625
1 0.6796875 0.5078125 0.0140625 0.034375
0 0.6796875 0.49375 0.0046875 0.00625
1 0.690625 0.51875 0.0125 0.0375
0 0.6921875 0.5046875 0.003125 0.0046875
1 0.7 0.521875 0.0125 0.0375
0 0.7 0.50625 0.003125 0.0046875
1 0.709375 0.5234375 0.0125 0.034375
0 0.7109375 0.509375 0.003125 0.0046875
1 0.721875 0.5203125 0.0109375 0.034375
0 0.721875 0.50625 0.0046875 0.0046875
1 0.73125 0.5234375 0.0140625 0.0390625
0 0.7328125 0.50625 0.003125 0.00625
1 0.721875 0.5 0.0109375 0.0265625
0 0.7234375 0.490625 0.003125 0.003125
1 0.7328125 0.5015625 0.0109375 0.03125
0 0.734375 0.490625 0.003125 0.0046875
1 0.74375 0.5015625 0.009375 0.025
0 0.7453125 0.4921875 0.003125 0.003125
1 0.7546875 0.5015625 0.0125 0.028125
0 0.7546875 0.490625 0.003125 0.003125
1 0.734375 0.4921875 0.0125 0.028125
0 0.734375 0.4796875 0.0015625 0.003125
1 0.75 0.49375 0.0125 0.0265625
0 0.75 0.4828125 0.003125 0.003125
1 0.53125 0.534375 0.0171875 0.0265625
0 0.53125 0.525 0.0046875 0.0046875
1 0.7875 0.61875 0.021875 0.0765625
0 0.7828125 0.5890625 0.0078125 0.009375
1 0.603125 0.625 0.0296875 0.059375
0 0.6046875 0.6046875 0.0078125 0.009375