1 0.8171875 0.4921875 0.2359375 0.609375
0 0.796875 0.240625 0.05625 0.071875
1 0.64375 0.4546875 0.190625 0.6125
0 0.646875 0.2078125 0.071875 0.0703125
1 0.55625 0.5015625 0.1640625 0.5734375
0 0.5375 0.2640625 0.0734375 0.08125
1 0.6140625 0.4546875 0.13125 0.525
0 0.6 0.2296875 0.05 0.053125
1 0.43125 0.4546875 0.2234375 0.6
0 0.396875 0.221875 0.0671875 0.0640625
1 0.3234375 0.4 0.103125 0.378125
0 0.3203125 0.253125 0.0390625 0.046875
1 0.115625 0.409375 0.1515625 0.434375
0 0.1265625 0.2296875 0.034375 0.0359375
1 0.2015625 0.515625 0.2578125 0.7109375
0 0.203125 0.2203125 0.090625 0.084375
1 0.2546875 0.5046875 0.1484375 0.565625
0 0.2453125 0.271875 0.059375 0.0765625
1 0.2828125 0.4546875 0.1484375 0.5796875
0 0.2375 0.2109375 0.053125 0.0671875