1 0.053125 0.5921875 0.1015625 0.3453125
1 0.0609375 0.6234375 0.11875 0.3875
1 0.1640625 0.54375 0.1046875 0.3390625
1 0.1828125 0.628125 0.134375 0.384375
1 0.2421875 0.534375 0.0953125 0.3546875
1 0.2859375 0.575 0.1171875 0.375
1 0.3078125 0.625 0.1296875 0.3859375
1 0.34375 0.540625 0.1 0.34375
1 0.39375 0.5875 0.11875 0.3546875
1 0.446875 0.6265625 0.1578125 0.390625
1 0.43125 0.5375 0.1203125 0.3484375
1 0.5359375 0.5328125 0.1125 0.3625
1 0.5375 0.5890625 0.140625 0.3578125
1 0.5984375 0.6453125 0.1328125 0.35625
1 0.64375 0.5453125 0.1140625 0.3390625
1 0.6453125 0.59375 0.1109375 0.3328125
1 0.7109375 0.6453125 0.1203125 0.35
1 0.7453125 0.5359375 0.103125 0.35625
1 0.7484375 0.5890625 0.1265625 0.353125
1 0.8171875 0.6546875 0.1421875 0.3359375
1 0.8328125 0.5203125 0.0984375 0.2890625
1 0.8390625 0.590625 0.1109375 0.359375
1 0.91875 0.515625 0.0984375 0.3
1 0.9234375 0.6265625 0.140625 0.390625
1 0.9578125 0.603125 0.0765625 0.3515625
