1 0.9296875 0.5046875 0.1359375 0.534375
0 0.9421875 0.2875 0.0640625 0.078125
1 0.8546875 0.5015625 0.134375 0.4609375
0 0.871875 0.3109375 0.0625 0.0734375
1 0.759375 0.453125 0.128125 0.45625
0 0.7515625 0.2609375 0.05 0.0640625
1 0.690625 0.4265625 0.10625 0.4140625
0 0.684375 0.2453125 0.0515625 0.05
1 0.5875 0.515625 0.1140625 0.3625
0 0.59375 0.365625 0.05625 0.059375
1 0.2890625 0.4890625 0.1515625 0.4578125
0 0.2921875 0.2984375 0.0625 0.0671875
1 0.346875 0.41875 0.096875 0.34375
0 0.3421875 0.2765625 0.0328125 0.04375
1 0.4265625 0.4875 0.1375 0.459375
0 0.4296875 0.2921875 0.0546875 0.065625
1 0.5640625 0.490625 0.0921875 0.3734375
0 0.575 0.3390625 0.0484375 0.0640625
1 0.55 0.453125 0.1375 0.38125
0 0.55625 0.3 0.046875 0.0625
1 0.51875 0.4375 0.128125 0.36875
0 0.5015625 0.284375 0.0421875 0.05625