1 0.125 0.2890625 0.19375 0.2328125
0 0.0765625 0.2109375 0.06875 0.0609375
1 0.215625 0.321875 0.21875 0.278125
0 0.15625 0.221875 0.0671875 0.071875
1 0.2609375 0.3546875 0.2703125 0.321875
0 0.20625 0.240625 0.075 0.09375
1 0.421875 0.2921875 0.1609375 0.228125
0 0.44375 0.2140625 0.0578125 0.0671875
1 0.2890625 0.6140625 0.4375 0.515625
0 0.25625 0.4953125 0.1828125 0.196875
1 0.6109375 0.61875 0.4859375 0.50625
0 0.6671875 0.521875 0.1640625 0.1859375
1 0.7625 0.4484375 0.28125 0.4578125
0 0.7703125 0.2890625 0.10625 0.1328125
1 0.89375 0.5 0.2078125 0.7453125
0 0.8734375 0.1953125 0.1421875 0.1375