1 0.0359375 0.3375 0.065625 0.1078125
1 0.1359375 0.34375 0.071875 0.1
1 0.2109375 0.3421875 0.0453125 0.0625
1 0.2546875 0.371875 0.05625 0.090625
1 0.29375 0.3796875 0.04375 0.0671875
1 0.259375 0.3296875 0.0515625 0.096875
1 0.271875 0.3046875 0.0421875 0.1078125
1 0.328125 0.3671875 0.046875 0.096875
1 0.3765625 0.3578125 0.0625 0.09375
1 0.584375 0.3 0.0375 0.090625
1 0.8828125 0.3828125 0.0515625 0.0984375
1 0.8125 0.371875 0.053125 0.08125
1 0.8671875 0.31875 0.0328125 0.0796875
1 0.390625 0.30625 0.0390625 0.1078125
1 0.365625 0.309375 0.0390625 0.090625
1 0.1828125 0.6359375 0.2578125 0.4296875
1 0.1265625 0.54375 0.190625 0.35
1 0.28125 0.55 0.2015625 0.2703125
1 0.2859375 0.5046875 0.1359375 0.2640625
1 0.35 0.4828125 0.115625 0.2328125
1 0.403125 0.4734375 0.08125 0.21875
1 0.475 0.4578125 0.090625 0.2265625
1 0.55 0.465625 0.090625 0.21875
1 0.63125 0.478125 0.0953125 0.20625
1 0.7296875 0.5390625 0.134375 0.1796875
1 0.7484375 0.5515625 0.1421875 0.2609375
1 0.7859375 0.5578125 0.1625 0.3234375
1 0.8453125 0.640625 0.2390625 0.390625
1 0.7625 0.43125 0.1078125 0.26875
1 0.7734375 0.471875 0.1 0.2171875
1 0.7125 0.4625 0.1234375 0.2578125
1 0.690625 0.446875 0.0875 0.2296875
1 0.59375 0.453125 0.0828125 0.2296875
1 0.521875 0.4296875 0.090625 0.253125
1 0.41875 0.43125 0.1109375 0.24375
1 0.5 0.35 0.1171875 0.2859375
1 0.625 0.3953125 0.103125 0.2625
1 0.68125 0.30625 0.0265625 0.0671875
1 0.459375 0.7046875 0.465625 0.290625
