1 0.0703125 0.5703125 0.1328125 0.39375
0 0.0796875 0.403125 0.05 0.0546875
1 0.175 0.575 0.1078125 0.39375
0 0.1859375 0.40625 0.04375 0.053125
1 0.253125 0.5796875 0.1328125 0.40625
0 0.253125 0.415625 0.053125 0.05625
1 0.3078125 0.58125 0.09375 0.3640625
0 0.3015625 0.4265625 0.040625 0.046875
1 0.36875 0.584375 0.14375 0.409375
0 0.3765625 0.415625 0.040625 0.053125
1 0.4796875 0.5703125 0.125 0.415625
0 0.478125 0.3921875 0.05 0.05
1 0.553125 0.5640625 0.1953125 0.50625
0 0.559375 0.3515625 0.05625 0.075
1 0.609375 0.5796875 0.1 0.415625
0 0.6109375 0.4015625 0.0421875 0.0484375
1 0.6796875 0.5828125 0.146875 0.446875
0 0.68125 0.390625 0.046875 0.05625
1 0.8109375 0.584375 0.1546875 0.465625
0 0.8 0.384375 0.0578125 0.0640625
1 0.9296875 0.5859375 0.1359375 0.4671875
0 0.9265625 0.384375 0.053125 0.05625