1 0.195000 0.432500 0.043333 0.085000
1 0.279167 0.436250 0.041667 0.082500
1 0.397500 0.425000 0.048333 0.085000
1 0.520000 0.431250 0.050000 0.087500
1 0.614167 0.437500 0.045000 0.080000
1 0.721667 0.437500 0.043333 0.085000
1 0.829167 0.430000 0.051667 0.090000
1 0.857500 0.247500 0.041667 0.075000
1 0.789167 0.288750 0.038333 0.072500
1 0.711667 0.301250 0.036667 0.067500
1 0.666667 0.290000 0.040000 0.075000
1 0.600000 0.277500 0.040000 0.075000
1 0.538333 0.277500 0.040000 0.080000
1 0.452500 0.331250 0.035000 0.072500
1 0.385000 0.325000 0.040000 0.080000
1 0.335833 0.340000 0.038333 0.075000
1 0.265833 0.321250 0.038333 0.072500
1 0.157500 0.292500 0.051667 0.090000
1 0.208333 0.258750 0.043333 0.082500
