1 0.06875 0.271875 0.0484375 0.0671875
1 0.15625 0.3515625 0.1 0.2625
1 0.1890625 0.3375 0.0796875 0.228125
1 0.2375 0.3265625 0.05625 0.1734375
1 0.275 0.353125 0.0921875 0.2484375
1 0.3578125 0.3546875 0.096875 0.2546875
1 0.384375 0.3484375 0.09375 0.253125
1 0.521875 0.3609375 0.06875 0.209375
1 0.5828125 0.359375 0.0765625 0.221875
1 0.6421875 0.3625 0.0671875 0.2109375
1 0.7421875 0.3703125 0.0875 0.21875
1 0.76875 0.3640625 0.0546875 0.190625
1 0.8328125 0.3625 0.09375 0.2359375
1 0.8921875 0.3734375 0.0515625 0.2015625
1 0.971875 0.36875 0.034375 0.1390625
1 0.934375 0.3703125 0.0375 0.14375
1 0.9171875 0.3703125 0.0390625 0.1609375
1 0.9 0.36875 0.04375 0.18125
1 0.453125 0.521875 0.5140625 0.5140625
1 0.1984375 0.3203125 0.059375 0.1734375
