1 0.759375 0.6296875 0.3515625 0.4421875
1 0.921875 0.621875 0.153125 0.440625
1 0.9109375 0.5890625 0.146875 0.3859375
1 0.1984375 0.60625 0.23125 0.490625
1 0.421875 0.5984375 0.2375 0.503125
1 0.01875 0.56875 0.0359375 0.2046875
1 0.025 0.5625 0.046875 0.1765625
1 0.6015625 0.60625 0.1640625 0.4765625
1 0.6578125 0.5828125 0.121875 0.428125
1 0.4640625 0.59375 0.184375 0.4921875
1 0.334375 0.5625 0.1203125 0.5140625
1 0.1375 0.64375 0.09375 0.3828125
1 0.1265625 0.628125 0.1046875 0.365625
1 0.56875 0.5890625 0.09375 0.4125
1 0.4765625 0.3375 0.284375 0.2515625
1 0.2890625 0.5828125 0.1640625 0.4375
1 0.1921875 0.6421875 0.196875 0.41875
1 0.06875 0.51875 0.0265625 0.0703125
1 0.55625 0.5953125 0.13125 0.428125
