1 0.749560 0.488263 0.043134 0.045775
1 0.788732 0.538146 0.029049 0.044601
1 0.668354 0.544601 0.030370 0.030516
1 0.582967 0.551056 0.027729 0.039906
1 0.531910 0.546068 0.036532 0.046362
1 0.494278 0.538146 0.036092 0.051643
1 0.459727 0.524648 0.037412 0.053991
1 0.429798 0.541667 0.026849 0.044601
1 0.410871 0.532864 0.025088 0.036385
1 0.388644 0.529636 0.028169 0.041667
1 0.340889 0.584800 0.045335 0.061620
1 0.340669 0.549296 0.036092 0.051643
1 0.331426 0.519073 0.027289 0.036972
1 0.389085 0.527582 0.026408 0.043427
1 0.270687 0.526995 0.036972 0.050469
1 0.212148 0.540493 0.020246 0.028169
1 0.216329 0.537852 0.046215 0.062793
