1 0.328125 0.71875 0.0453125 0.109375
1 0.3828125 0.7171875 0.0375 0.1
1 0.409375 0.709375 0.05 0.0890625
1 0.43125 0.709375 0.03125 0.1015625
1 0.45625 0.7140625 0.0234375 0.0953125
1 0.46875 0.71875 0.028125 0.0859375
1 0.48125 0.7140625 0.0328125 0.09375
1 0.5015625 0.715625 0.0375 0.0890625
1 0.5296875 0.7109375 0.040625 0.1
1 0.5515625 0.709375 0.025 0.0953125
1 0.584375 0.7125 0.040625 0.0984375
1 0.5796875 0.7140625 0.03125 0.0953125
1 0.64375 0.70625 0.034375 0.1109375
1 0.81875 0.7140625 0.0328125 0.075
1 0.5953125 0.5984375 0.03125 0.0390625
1 0.575 0.596875 0.028125 0.0328125
1 0.10625 0.5828125 0.034375 0.0484375
1 0.259375 0.5859375 0.0375 0.05
1 0.39375 0.5953125 0.0421875 0.0453125
1 0.0125 0.684375 0.0171875 0.040625
1 0.0234375 0.684375 0.0140625 0.040625
