1 0.8140625 0.6140625 0.3046875 0.3046875
0 0.7078125 0.5109375 0.0765625 0.09375
1 0.6265625 0.6375 0.203125 0.2578125
0 0.596875 0.5578125 0.0640625 0.084375
1 0.5140625 0.6421875 0.2171875 0.2484375
0 0.471875 0.575 0.0671875 0.09375
1 0.13125 0.6328125 0.2484375 0.2671875
0 0.15625 0.575 0.090625 0.128125
1 0.2734375 0.6171875 0.1875 0.3
0 0.2890625 0.509375 0.078125 0.1078125
1 0.4078125 0.6046875 0.1765625 0.3234375
0 0.4078125 0.4890625 0.0609375 0.0859375
1 0.89375 0.5484375 0.1796875 0.4359375
0 0.8546875 0.375 0.065625 0.0796875
1 0.7828125 0.578125 0.24375 0.3765625
0 0.7390625 0.44375 0.065625 0.0875
1 0.6734375 0.5515625 0.1390625 0.43125
0 0.653125 0.3765625 0.0609375 0.0734375
1 0.8125 0.5453125 0.2484375 0.440625
0 0.7515625 0.3625 0.0609375 0.06875
1 0.3140625 0.54375 0.1875 0.4453125
0 0.2921875 0.371875 0.075 0.096875
1 0.3640625 0.5375 0.1390625 0.409375
0 0.3734375 0.378125 0.0515625 0.06875