1 0.859375 0.4484375 0.0265625 0.05625
1 0.8328125 0.4859375 0.0484375 0.1421875
1 0.8046875 0.48125 0.0515625 0.1609375
1 0.7703125 0.4828125 0.04375 0.121875
1 0.7484375 0.465625 0.0453125 0.13125
1 0.721875 0.4640625 0.0421875 0.1203125
1 0.690625 0.440625 0.0234375 0.06875
1 0.8859375 0.4453125 0.025 0.0859375
1 0.48125 0.465625 0.046875 0.103125
1 0.496875 0.4921875 0.0515625 0.159375
1 0.55625 0.4890625 0.059375 0.1921875
1 0.5953125 0.4859375 0.046875 0.1515625
1 0.5890625 0.5578125 0.0484375 0.10625
1 0.65 0.5234375 0.125 0.2875
1 0.8828125 0.521875 0.0796875 0.1609375
1 0.9171875 0.653125 0.159375 0.3515625
1 0.9625 0.5265625 0.0703125 0.1734375
1 0.8171875 0.675 0.2390625 0.3078125
1 0.7921875 0.65625 0.1796875 0.346875
1 0.6203125 0.6640625 0.2421875 0.33125
1 0.5 0.653125 0.1625 0.3125
1 0.421875 0.6765625 0.1796875 0.30625
1 0.3671875 0.6765625 0.1484375 0.30625
1 0.175 0.6921875 0.3203125 0.275
1 0.0703125 0.665625 0.1375 0.3265625
1 0.1296875 0.6625 0.1953125 0.3328125
1 0.3515625 0.4890625 0.0515625 0.1765625
1 0.3265625 0.5015625 0.0640625 0.1796875
1 0.3015625 0.49375 0.0515625 0.175
1 0.2421875 0.490625 0.0671875 0.171875
1 0.2078125 0.5234375 0.0984375 0.215625
1 0.1828125 0.5171875 0.0640625 0.2203125
1 0.159375 0.5109375 0.0671875 0.1921875
1 0.1296875 0.5125 0.0546875 0.1578125
1 0.0609375 0.5328125 0.06875 0.2265625
1 0.0375 0.546875 0.071875 0.2640625
