1 0.3328125 0.4234375 0.165625 0.425
0 0.3359375 0.2390625 0.046875 0.0546875
1 0.171875 0.4390625 0.115625 0.3453125
0 0.159375 0.3046875 0.0453125 0.04375
1 0.209375 0.478125 0.084375 0.228125
0 0.2078125 0.3890625 0.025 0.0328125
1 0.0984375 0.4515625 0.0984375 0.3125
0 0.1234375 0.321875 0.040625 0.040625
1 0.0484375 0.45 0.09375 0.296875
0 0.0515625 0.328125 0.0375 0.040625
1 0.0140625 0.471875 0.0234375 0.1890625
0 0.0046875 0.3890625 0.00625 0.0203125
1 0.271875 0.4703125 0.0296875 0.1
0 0.271875 0.425 0.009375 0.0125