1 0.129630 0.358314 0.200231 0.151813
1 0.066985 0.256462 0.133970 0.139468
1 0.086661 0.233507 0.166377 0.146026
1 0.064670 0.071566 0.129340 0.114969
1 0.211227 0.046200 0.137731 0.092400
1 0.469329 0.050347 0.121528 0.100694
1 0.422309 0.222319 0.141493 0.136767
1 0.419126 0.285108 0.169271 0.158951
1 0.510561 0.390625 0.188947 0.163194
1 0.627170 0.094811 0.160012 0.119792
1 0.832755 0.292052 0.200810 0.145062
1 0.953270 0.403453 0.093461 0.167631
1 0.887297 0.058063 0.135127 0.116127
1 0.935619 0.175540 0.128762 0.124614
1 0.946181 0.230035 0.107639 0.131366
