1 0.6359375 0.65 0.0578125 0.1375
1 0.55625 0.65 0.05 0.1390625
1 0.525 0.64375 0.0453125 0.13125
1 0.578125 0.63125 0.025 0.09375
1 0.5984375 0.6375 0.0328125 0.1109375
1 0.6671875 0.640625 0.05 0.13125
1 0.4515625 0.6203125 0.028125 0.065625
1 0.415625 0.634375 0.028125 0.0984375
1 0.4 0.6265625 0.025 0.0984375
1 0.3796875 0.640625 0.0390625 0.10625
1 0.3515625 0.7328125 0.1203125 0.3984375
1 0.2578125 0.775 0.146875 0.4453125
1 0.3765625 0.7765625 0.1203125 0.328125
1 0.14375 0.7296875 0.084375 0.26875
1 0.1578125 0.7015625 0.1140625 0.271875
1 0.4734375 0.61875 0.0140625 0.040625
1 0.4328125 0.6171875 0.015625 0.0625
