1 0.81875 0.515625 0.2015625 0.628125
0 0.80625 0.2515625 0.096875 0.09375
1 0.75625 0.5140625 0.1765625 0.625
0 0.7484375 0.25 0.06875 0.090625
1 0.684375 0.503125 0.1890625 0.578125
0 0.6671875 0.26875 0.0625 0.0890625
1 0.628125 0.4796875 0.1625 0.571875
0 0.6 0.2390625 0.0671875 0.090625
1 0.5 0.48125 0.1875 0.5390625
0 0.496875 0.2609375 0.0609375 0.084375
1 0.425 0.4828125 0.14375 0.4984375
0 0.440625 0.2703125 0.0625 0.06875
1 0.3234375 0.4796875 0.153125 0.4875
0 0.328125 0.2765625 0.059375 0.0765625
1 0.20625 0.4703125 0.14375 0.49375
0 0.2140625 0.25625 0.05625 0.0609375