1 0.575 0.653125 0.059375 0.1625
0 0.578125 0.5859375 0.0203125 0.021875
1 0.48125 0.6328125 0.05 0.0515625
0 0.48125 0.615625 0.0078125 0.009375
1 0.4890625 0.6171875 0.028125 0.0703125
0 0.4890625 0.5890625 0.0078125 0.009375
1 0.5125 0.609375 0.0328125 0.075
0 0.5125 0.5796875 0.009375 0.0125
1 0.53125 0.6109375 0.025 0.06875
0 0.5328125 0.584375 0.009375 0.0125
1 0.30625 0.646875 0.0421875 0.0765625
0 0.309375 0.61875 0.0140625 0.0140625
1 0.2609375 0.6546875 0.053125 0.0796875
0 0.259375 0.6234375 0.015625 0.015625
1 0.2625 0.646875 0.053125 0.0875
0 0.2625 0.6125 0.015625 0.0171875
1 0.5828125 0.603125 0.028125 0.06875
0 0.584375 0.575 0.0078125 0.009375
1 0.675 0.621875 0.0359375 0.1015625
0 0.6734375 0.58125 0.009375 0.0140625
1 0.7078125 0.6234375 0.0390625 0.090625
0 0.70625 0.584375 0.0125 0.0109375