1 0.4734375 0.6609375 0.0390625 0.1140625
0 0.4671875 0.6125 0.0171875 0.0171875
1 0.6390625 0.665625 0.025 0.0640625
0 0.640625 0.640625 0.0078125 0.009375
1 0.684375 0.6515625 0.0140625 0.0390625
0 0.684375 0.6359375 0.0046875 0.0046875
1 0.7046875 0.6515625 0.0125 0.0375
0 0.7046875 0.6359375 0.0046875 0.0046875
1 0.7375 0.6640625 0.028125 0.0609375
0 0.7328125 0.6390625 0.00625 0.0078125
1 0.85625 0.678125 0.028125 0.084375
0 0.8484375 0.64375 0.009375 0.0125
1 0.8375 0.66875 0.025 0.06875
0 0.8375 0.6421875 0.009375 0.0109375
1 0.9109375 0.6796875 0.03125 0.08125
0 0.9109375 0.6453125 0.0109375 0.009375
1 0.9734375 0.6796875 0.03125 0.075
0 0.965625 0.6484375 0.009375 0.0125
1 0.959375 0.6765625 0.0296875 0.0734375
0 0.9578125 0.6453125 0.0109375 0.009375
1 0.9625 0.6578125 0.0203125 0.053125
0 0.9640625 0.634375 0.00625 0.00625