1 0.025 0.3359375 0.0234375 0.0828125
0 0.03125 0.3046875 0.009375 0.0109375
1 0.0421875 0.340625 0.01875 0.075
0 0.046875 0.3109375 0.0125 0.0109375
1 0.090625 0.3484375 0.0234375 0.06875
0 0.0921875 0.3234375 0.0109375 0.0109375
1 0.05625 0.4015625 0.05 0.1234375
0 0.0703125 0.353125 0.015625 0.0171875
1 0.0265625 0.45 0.05 0.1578125
0 0.0046875 0.3875 0.0078125 0.0171875
1 0.078125 0.4921875 0.0515625 0.1546875
0 0.0828125 0.43125 0.021875 0.0265625
1 0.2734375 0.5703125 0.2203125 0.5734375
0 0.259375 0.3453125 0.071875 0.0890625
1 0.425 0.590625 0.3015625 0.5046875
0 0.4859375 0.3984375 0.05625 0.078125
1 0.540625 0.596875 0.1640625 0.4453125
0 0.55625 0.409375 0.0453125 0.0640625
1 0.621875 0.596875 0.146875 0.4453125
0 0.659375 0.4046875 0.053125 0.0640625
1 0.740625 0.5734375 0.3015625 0.509375
0 0.7046875 0.384375 0.0484375 0.06875
1 0.65 0.2859375 0.0265625 0.0953125
0 0.646875 0.2484375 0.0140625 0.0171875
1 0.6359375 0.2890625 0.025 0.0765625
0 0.6328125 0.2609375 0.009375 0.0125