1 0.265625 0.4171875 0.084375 0.2640625
0 0.2640625 0.3078125 0.028125 0.0375
1 0.3765625 0.4265625 0.109375 0.278125
0 0.3625 0.309375 0.0296875 0.0375
1 0.4390625 0.4625 0.075 0.203125
0 0.4375 0.38125 0.0328125 0.0390625
1 0.4671875 0.4390625 0.115625 0.334375
0 0.4484375 0.296875 0.0375 0.046875
1 0.5875 0.51875 0.171875 0.2765625
0 0.584375 0.4171875 0.0625 0.06875
1 0.58125 0.409375 0.0671875 0.21875
0 0.5890625 0.3171875 0.025 0.03125
1 0.6546875 0.446875 0.08125 0.2734375
0 0.6546875 0.3375 0.0375 0.0484375
1 0.7453125 0.4703125 0.184375 0.3640625
0 0.7578125 0.3203125 0.05 0.0640625
1 0.8671875 0.4375 0.128125 0.4078125
0 0.8390625 0.26875 0.05625 0.0609375
1 0.93125 0.5984375 0.1328125 0.5484375
0 0.95625 0.371875 0.0828125 0.084375