1 0.6578125 0.4078125 0.0140625 0.04375
1 0.6734375 0.39375 0.0140625 0.03125
1 0.678125 0.409375 0.015625 0.040625
1 0.734375 0.3921875 0.0171875 0.03125
1 0.7234375 0.39375 0.0125 0.0265625
1 0.36875 0.4390625 0.0296875 0.084375
1 0.3296875 0.44375 0.0234375 0.05625
1 0.2703125 0.4234375 0.01875 0.0640625
1 0.4359375 0.425 0.0203125 0.0625
1 0.4984375 0.4328125 0.0171875 0.04375
1 0.5359375 0.4328125 0.01875 0.034375
1 0.8046875 0.4046875 0.0125 0.040625
1 0.81875 0.45 0.0234375 0.075
1 0.7953125 0.4578125 0.025 0.075
1 0.803125 0.44375 0.015625 0.0640625
1 0.765625 0.4453125 0.0171875 0.065625
1 0.734375 0.446875 0.0265625 0.0640625
1 0.8015625 0.559375 0.0578125 0.071875
1 0.809375 0.540625 0.040625 0.06875
1 0.709375 0.5671875 0.05 0.0671875
1 0.7546875 0.56875 0.065625 0.0890625
1 0.753125 0.5171875 0.028125 0.0609375
1 0.725 0.5171875 0.028125 0.059375
1 0.7015625 0.5171875 0.025 0.059375
1 0.815625 0.50625 0.025 0.0921875
1 0.8203125 0.4796875 0.021875 0.078125
1 0.765625 0.496875 0.01875 0.05625
1 0.7484375 0.4953125 0.021875 0.0578125
1 0.7265625 0.4984375 0.021875 0.05625
1 0.675 0.5140625 0.034375 0.065625
1 0.6609375 0.48125 0.021875 0.05
1 0.684375 0.48125 0.0234375 0.0484375
1 0.703125 0.4796875 0.021875 0.0546875
1 0.7234375 0.475 0.0203125 0.040625
1 0.6234375 0.48125 0.034375 0.096875
1 0.6703125 0.4609375 0.0171875 0.04375
1 0.6546875 0.4609375 0.0171875 0.04375
1 0.5703125 0.6046875 0.0515625 0.084375
1 0.6234375 0.60625 0.046875 0.0890625
1 0.6421875 0.5640625 0.03125 0.075
1 0.615625 0.5625 0.034375 0.0796875
1 0.5953125 0.5265625 0.0265625 0.059375
1 0.56875 0.5265625 0.03125 0.059375
1 0.5328125 0.503125 0.034375 0.05
1 0.5625 0.478125 0.021875 0.0515625
1 0.5875 0.4859375 0.03125 0.0515625
1 0.5171875 0.471875 0.021875 0.046875
1 0.4421875 0.5078125 0.040625 0.0578125
1 0.4203125 0.4640625 0.01875 0.0421875
1 0.4046875 0.4765625 0.025 0.04375
1 0.3375 0.4875 0.028125 0.05625
1 0.365625 0.4828125 0.03125 0.0515625
1 0.409375 0.5046875 0.025 0.0515625
1 0.3859375 0.5109375 0.0296875 0.0671875
1 0.384375 0.5390625 0.0296875 0.0609375
1 0.4078125 0.5390625 0.0296875 0.05625
1 0.3984375 0.571875 0.04375 0.0796875
1 0.346875 0.534375 0.0359375 0.05625
1 0.3515625 0.5625 0.0515625 0.0671875
1 0.309375 0.5609375 0.0453125 0.084375
1 0.2671875 0.59375 0.040625 0.084375
1 0.2921875 0.59375 0.065625 0.084375
1 0.1921875 0.428125 0.0234375 0.0765625
1 0.2203125 0.459375 0.025 0.05
1 0.23125 0.5234375 0.034375 0.053125
1 0.2078125 0.521875 0.028125 0.0578125
1 0.1765625 0.5234375 0.0203125 0.065625
1 0.1921875 0.490625 0.028125 0.059375
1 0.2078125 0.49375 0.05 0.05625
1 0.2421875 0.4734375 0.0265625 0.046875
1 0.2890625 0.5078125 0.040625 0.1109375
1 0.471875 0.6859375 0.2125 0.5328125
1 0.4390625 0.4671875 0.0234375 0.0484375
