1 0.3703125 0.5609375 0.0546875 0.1203125
1 0.396875 0.525 0.015625 0.0359375
1 0.5390625 0.5421875 0.025 0.0609375
1 0.5671875 0.584375 0.0671875 0.1578125
1 0.5875 0.5390625 0.021875 0.0578125
1 0.603125 0.5640625 0.0359375 0.0984375
1 0.6234375 0.5640625 0.0375 0.1015625
1 0.65 0.5953125 0.0703125 0.175
1 0.6796875 0.571875 0.05 0.1421875
1 0.7 0.5921875 0.06875 0.1703125
1 0.709375 0.546875 0.0296875 0.0734375
1 0.721875 0.546875 0.0296875 0.071875
1 0.765625 0.571875 0.0734375 0.1484375
1 0.79375 0.5609375 0.0578125 0.1171875
1 0.7765625 0.553125 0.03125 0.1
1 0.825 0.565625 0.0484375 0.1171875
1 0.84375 0.6 0.065625 0.171875
1 0.8828125 0.6078125 0.0578125 0.175
1 0.9203125 0.6296875 0.0953125 0.2171875
1 0.9671875 0.6203125 0.059375 0.2
1 0.9484375 0.5875 0.0390625 0.184375
