1 0.083681 0.754902 0.031250 0.109804
1 0.119097 0.740196 0.039583 0.139216
1 0.187153 0.746078 0.028472 0.100000
1 0.316319 0.769608 0.039583 0.107843
1 0.276389 0.734314 0.018056 0.056863
1 0.312153 0.729412 0.014583 0.043137
1 0.397917 0.729412 0.018056 0.062745
1 0.470139 0.302941 0.052778 0.166667
1 0.624653 0.232353 0.046528 0.143137
1 0.740625 0.290196 0.046528 0.129412
1 0.799653 0.750000 0.021528 0.080392
1 0.924653 0.734314 0.018750 0.076471
1 0.990625 0.742157 0.018750 0.084314
1 0.972222 0.594118 0.009722 0.031373
1 0.705556 0.744118 0.011111 0.033333
