1 0.615625 0.6375 0.2546875 0.278125
0 0.565625 0.4765625 0.1109375 0.15
1 0.2765625 0.6375 0.271875 0.278125
0 0.2265625 0.5328125 0.1359375 0.125
1 0.453125 0.6375 0.1875 0.278125
0 0.4359375 0.5453125 0.090625 0.1265625
1 0.5046875 0.6125 0.4015625 0.33125
0 0.4109375 0.3984375 0.109375 0.1546875
1 0.28125 0.46875 0.4875 0.5
0 0.265625 0.3015625 0.1046875 0.140625
1 0.8578125 0.6375 0.278125 0.278125
0 0.8765625 0.5546875 0.1109375 0.1296875
1 0.7953125 0.5734375 0.2828125 0.40625
0 0.7734375 0.3109375 0.1 0.14375
1 0.5015625 0.4578125 0.2375 0.4796875
0 0.5359375 0.2421875 0.0859375 0.0484375