1 0.046875 0.4703125 0.0796875 0.228125
1 0.178125 0.428125 0.0140625 0.040625
1 0.20625 0.453125 0.046875 0.096875
1 0.25 0.4359375 0.0265625 0.0828125
1 0.13125 0.471875 0.0328125 0.0984375
1 0.0921875 0.48125 0.1 0.3296875
1 0.3484375 0.478125 0.0328125 0.1296875
1 0.365625 0.4796875 0.0484375 0.1484375
1 0.3921875 0.4796875 0.05625 0.171875
1 0.4296875 0.5 0.05625 0.1796875
1 0.4578125 0.4671875 0.0484375 0.159375
1 0.4875 0.4765625 0.046875 0.1703125
1 0.48125 0.5046875 0.053125 0.2109375
1 0.5328125 0.490625 0.0671875 0.1796875
1 0.534375 0.528125 0.065625 0.2625
1 0.665625 0.425 0.021875 0.084375
1 0.671875 0.446875 0.0375 0.1265625
1 0.725 0.4140625 0.01875 0.040625
1 0.61875 0.4890625 0.090625 0.21875
1 0.65 0.5359375 0.046875 0.2078125
1 0.6 0.55 0.1046875 0.309375
1 0.753125 0.41875 0.0421875 0.1
1 0.8171875 0.4359375 0.034375 0.0921875
1 0.8453125 0.4390625 0.0265625 0.0765625
1 0.9171875 0.4171875 0.021875 0.1109375
1 0.93125 0.4375 0.0359375 0.1359375
1 0.884375 0.55625 0.10625 0.3625
1 0.7890625 0.55625 0.1703125 0.2171875
1 0.7734375 0.584375 0.1234375 0.3859375
