1 0.354980 0.176428 0.014648 0.030747
1 0.337402 0.407760 0.041992 0.142020
1 0.236816 0.461933 0.036133 0.226940
1 0.300293 0.447291 0.098633 0.469985
1 0.421875 0.337482 0.167969 0.417277
1 0.576660 0.336018 0.206055 0.513909
1 0.088379 0.516837 0.010742 0.017570
1 0.097168 0.519034 0.008789 0.013177
1 0.106445 0.515373 0.007812 0.011713
1 0.113281 0.526354 0.009766 0.016105
1 0.126953 0.524890 0.009766 0.016105
1 0.139648 0.536603 0.011719 0.016105
1 0.153809 0.535871 0.006836 0.011713
1 0.164062 0.551977 0.013672 0.017570
1 0.170898 0.600293 0.023438 0.125915
1 0.197754 0.544656 0.014648 0.020498
1 0.206055 0.555637 0.011719 0.021962
1 0.232910 0.567350 0.012695 0.019034
1 0.262207 0.588580 0.014648 0.023426
1 0.296875 0.598829 0.017578 0.029283
1 0.285156 0.576867 0.013672 0.020498
1 0.339355 0.597365 0.010742 0.017570
1 0.359863 0.595900 0.016602 0.023426
1 0.384766 0.610542 0.019531 0.029283
1 0.426758 0.601757 0.009766 0.023426
1 0.414551 0.598097 0.006836 0.013177
1 0.390137 0.593704 0.012695 0.021962
1 0.446289 0.602489 0.007812 0.010249
1 0.463867 0.617130 0.011719 0.019034
1 0.486328 0.609078 0.015625 0.020498
1 0.501953 0.617130 0.007812 0.010249
1 0.542969 0.625915 0.013672 0.021962
1 0.553223 0.626647 0.008789 0.014641
1 0.590332 0.641288 0.006836 0.011713
1 0.601074 0.644217 0.006836 0.011713
1 0.645020 0.655198 0.010742 0.016105
1 0.701660 0.666911 0.014648 0.024890
1 0.734863 0.664714 0.006836 0.011713
1 0.754883 0.668375 0.007812 0.013177
1 0.764648 0.672035 0.009766 0.014641
1 0.776855 0.679356 0.008789 0.011713
1 0.792480 0.679356 0.008789 0.014641
1 0.805664 0.683748 0.009766 0.014641
1 0.825195 0.683016 0.011719 0.019034
1 0.849121 0.680088 0.012695 0.019034
1 0.898926 0.713763 0.022461 0.033675
1 0.936523 0.718887 0.011719 0.017570
1 0.968262 0.725476 0.012695 0.019034
1 0.985840 0.713763 0.012695 0.021962
1 0.870605 0.702782 0.012695 0.020498
1 0.950684 0.721083 0.008789 0.013177
1 0.010742 0.533675 0.021484 0.086384
1 0.025391 0.505857 0.007812 0.013177
1 0.037109 0.508785 0.007812 0.013177
1 0.067383 0.525622 0.009766 0.014641
1 0.072266 0.505857 0.007812 0.013177
1 0.472656 0.606881 0.007812 0.013177
1 0.619629 0.630307 0.014648 0.019034
1 0.660156 0.654466 0.007812 0.014641
1 0.678223 0.656662 0.008789 0.013177
