1 0.059375 0.5296875 0.109375 0.1375
1 0.08125 0.509375 0.08125 0.1328125
1 0.1828125 0.5078125 0.05625 0.121875
1 0.2265625 0.5359375 0.090625 0.1625
1 0.1484375 0.615625 0.2921875 0.23125
1 0.1640625 0.6078125 0.2375 0.2484375
1 0.3203125 0.51875 0.115625 0.2984375
1 0.4015625 0.6203125 0.2125 0.221875
1 0.671875 0.6078125 0.2421875 0.246875
1 0.609375 0.5921875 0.171875 0.278125
1 0.340625 0.584375 0.1375 0.2375
1 0.503125 0.5078125 0.0640625 0.134375
1 0.521875 0.471875 0.0390625 0.075
1 0.546875 0.4859375 0.0515625 0.1
1 0.571875 0.496875 0.05625 0.1125
1 0.771875 0.5640625 0.1140625 0.2125
1 0.809375 0.5484375 0.1 0.21875
1 0.88125 0.55 0.128125 0.21875
1 0.85625 0.5078125 0.0640625 0.13125
1 0.5734375 0.4703125 0.028125 0.06875
