1 0.6265625 0.6640625 0.46875 0.33125
1 0.9015625 0.65 0.190625 0.359375
1 0.9125 0.653125 0.1703125 0.3515625
1 0.8765625 0.6359375 0.1625 0.3875
1 0.596875 0.6390625 0.140625 0.38125
1 0.48125 0.6515625 0.2421875 0.3546875
1 0.1609375 0.6640625 0.2265625 0.33125
1 0.259375 0.6640625 0.2421875 0.33125
1 0.0859375 0.65625 0.1703125 0.346875
1 0.3125 0.6484375 0.328125 0.3640625
1 0.1203125 0.603125 0.2375 0.453125
1 0.1078125 0.5515625 0.2125 0.55625
1 0.2515625 0.5609375 0.19375 0.5359375
1 0.340625 0.5875 0.225 0.4828125
1 0.475 0.603125 0.1546875 0.453125
1 0.5109375 0.61875 0.1765625 0.4203125
1 0.6578125 0.5875 0.24375 0.484375
1 0.3390625 0.603125 0.2015625 0.4515625
