1 0.2265625 0.69375 0.215625 0.359375
0 0.21875 0.5890625 0.103125 0.1203125
1 0.5421875 0.6609375 0.234375 0.4234375
0 0.565625 0.490625 0.0859375 0.1171875
1 0.7703125 0.6734375 0.2140625 0.4
0 0.7578125 0.534375 0.1046875 0.1359375
1 0.9234375 0.6546875 0.14375 0.4375
0 0.9015625 0.4765625 0.0640625 0.078125
1 0.9375 0.60625 0.1234375 0.4734375
0 0.9546875 0.403125 0.0546875 0.0671875
1 0.6390625 0.628125 0.1375 0.4890625
0 0.6328125 0.4421875 0.078125 0.1015625
1 0.7890625 0.6203125 0.2109375 0.50625
0 0.80625 0.421875 0.0859375 0.1046875
1 0.3328125 0.603125 0.1921875 0.5390625
0 0.3671875 0.3921875 0.1 0.11875
1 0.09375 0.61875 0.1875 0.509375
0 0.1015625 0.425 0.1109375 0.1296875