1 0.9796875 0.5703125 0.0328125 0.2375
1 0.96875 0.55625 0.05625 0.23125
1 0.884375 0.5140625 0.1765625 0.6453125
1 0.896875 0.5203125 0.171875 0.60625
1 0.709375 0.559375 0.0875 0.2328125
1 0.71875 0.5546875 0.0703125 0.2328125
1 0.7234375 0.55625 0.15 0.221875
1 0.609375 0.5453125 0.1046875 0.25
1 0.61875 0.546875 0.0453125 0.2359375
1 0.5515625 0.5453125 0.06875 0.2265625
1 0.49375 0.534375 0.109375 0.25625
1 0.4390625 0.540625 0.109375 0.2359375
1 0.409375 0.5453125 0.0671875 0.21875
1 0.3796875 0.53125 0.071875 0.26875
1 0.34375 0.5359375 0.0578125 0.2796875
1 0.3203125 0.534375 0.05625 0.2875
1 0.0234375 0.525 0.04375 0.45
1 0.0734375 0.51875 0.059375 0.4171875
1 0.0953125 0.521875 0.06875 0.403125
1 0.1359375 0.5203125 0.0875 0.3828125
1 0.153125 0.5296875 0.06875 0.35625
1 0.1671875 0.5265625 0.06875 0.353125
1 0.2125 0.5296875 0.059375 0.340625
1 0.2453125 0.53125 0.05625 0.3265625
1 0.2546875 0.534375 0.0609375 0.3140625
1 0.3625 0.534375 0.0609375 0.2640625
1 0.190625 0.53125 0.059375 0.353125
