1 0.496875 0.7375 0.3765625 0.5171875
1 0.5703125 0.51875 0.0515625 0.0984375
1 0.5265625 0.5359375 0.04375 0.0734375
1 0.7203125 0.4921875 0.0203125 0.0625
1 0.7390625 0.49375 0.0265625 0.0640625
1 0.865625 0.48125 0.0140625 0.0453125
1 0.7703125 0.4765625 0.0140625 0.03125
1 0.66875 0.5 0.0328125 0.0484375
1 0.671875 0.4828125 0.01875 0.0390625
1 0.5984375 0.496875 0.0203125 0.053125
1 0.590625 0.4859375 0.0171875 0.0453125
1 0.5453125 0.490625 0.0296875 0.05625
1 0.4859375 0.5140625 0.0328125 0.0875
1 0.43125 0.4875 0.0234375 0.05
1 0.328125 0.5078125 0.034375 0.0890625
1 0.3296875 0.49375 0.0234375 0.0734375
1 0.346875 0.4875 0.0171875 0.05
1 0.271875 0.5109375 0.0359375 0.0890625
1 0.290625 0.5078125 0.028125 0.078125
1 0.25 0.4796875 0.01875 0.0421875
1 0.1828125 0.48125 0.0203125 0.0421875
