1 0.93125 0.6734375 0.13125 0.3421875
1 0.9359375 0.65625 0.121875 0.246875
1 0.8625 0.578125 0.1140625 0.1890625
1 0.7375 0.628125 0.0890625 0.2765625
1 0.71875 0.6671875 0.08125 0.221875
1 0.64375 0.675 0.1546875 0.3390625
1 0.6203125 0.596875 0.06875 0.196875
1 0.678125 0.575 0.0765625 0.21875
1 0.7421875 0.5828125 0.0890625 0.23125
1 0.7640625 0.5796875 0.1 0.23125
1 0.5515625 0.55625 0.0890625 0.1765625
1 0.4890625 0.5671875 0.059375 0.1796875
1 0.459375 0.584375 0.1 0.2265625
1 0.4328125 0.590625 0.0765625 0.2296875
1 0.3796875 0.6390625 0.09375 0.3578125
1 0.325 0.525 0.0375 0.1296875
1 0.2828125 0.590625 0.11875 0.296875
1 0.36875 0.5984375 0.109375 0.26875
1 0.3390625 0.553125 0.0625 0.184375
1 0.2234375 0.5234375 0.0421875 0.1203125
1 0.1984375 0.5453125 0.046875 0.146875
1 0.1671875 0.546875 0.08125 0.1890625
1 0.1578125 0.5625 0.0765625 0.18125
1 0.1203125 0.5578125 0.0546875 0.15
1 0.0796875 0.559375 0.071875 0.196875
1 0.059375 0.5359375 0.059375 0.1625
1 0.0453125 0.5390625 0.04375 0.1296875
1 0.0109375 0.5265625 0.015625 0.1046875
1 0.2765625 0.6515625 0.16875 0.3859375
