1 0.8796875 0.5625 0.1078125 0.1609375
1 0.975 0.5140625 0.0453125 0.0953125
1 0.9796875 0.478125 0.0359375 0.1015625
1 0.9171875 0.5203125 0.0625 0.1109375
1 0.8890625 0.503125 0.0421875 0.078125
1 0.71875 0.6015625 0.0546875 0.1203125
1 0.759375 0.5890625 0.075 0.1171875
1 0.6796875 0.6046875 0.1109375 0.153125
1 0.5875 0.63125 0.0734375 0.0984375
1 0.6234375 0.6234375 0.0390625 0.1125
1 0 0.3140625 0 0
1 0.5421875 0.6375 0.0453125 0.0859375
1 0.50625 0.64375 0.04375 0.0734375
1 0.4421875 0.6484375 0.0484375 0.065625
1 0.34375 0.634375 0.0765625 0.0921875
1 0.275 0.6375 0.0640625 0.0875
1 0.7953125 0.5171875 0.0109375 0.01875
1 0.775 0.5265625 0.0171875 0.025
