1 0.8796875 0.7203125 0.2328125 0.278125
0 0.828125 0.621875 0.053125 0.0609375
1 0.934375 0.68125 0.125 0.25625
0 0.9421875 0.578125 0.053125 0.046875
1 0.9796875 0.6078125 0.0328125 0.1609375
0 0.990625 0.54375 0.0109375 0.0265625
1 0.93125 0.6390625 0.0921875 0.2140625
0 0.9375 0.55625 0.034375 0.0421875
1 0.8890625 0.6296875 0.09375 0.1921875
0 0.89375 0.5515625 0.0265625 0.034375
1 0.7734375 0.646875 0.1109375 0.3375
0 0.7625 0.509375 0.04375 0.05
1 0.8375 0.6109375 0.08125 0.165625
0 0.840625 0.5453125 0.025 0.0265625
1 0.5703125 0.60625 0.0890625 0.246875
0 0.565625 0.503125 0.0265625 0.034375
1 0.3890625 0.625 0.1 0.15
0 0.3921875 0.565625 0.0265625 0.0234375
1 0.3609375 0.6078125 0.0625 0.128125
0 0.3703125 0.5609375 0.025 0.025
1 0.4875 0.6078125 0.0890625 0.13125
0 0.515625 0.55625 0.028125 0.0265625
1 0.5265625 0.534375 0.04375 0.09375
0 0.528125 0.4984375 0.0125 0.015625
1 0.6484375 0.54375 0.04375 0.115625
0 0.64375 0.4984375 0.0125 0.015625
1 0.615625 0.546875 0.034375 0.115625
0 0.61875 0.4984375 0.0125 0.015625
1 0.715625 0.55 0.0484375 0.128125
0 0.71875 0.496875 0.0140625 0.015625
1 0.7 0.528125 0.021875 0.0609375
0 0.6984375 0.503125 0.0078125 0.0078125
1 0.665625 0.525 0.0171875 0.05
0 0.6640625 0.50625 0.00625 0.00625
1 0.8875 0.6171875 0.08125 0.18125
0 0.890625 0.55 0.0328125 0.034375
1 0.6984375 0.4984375 0.015625 0.0328125
0 0.7 0.49375 0.0046875 0.0046875