1 0.0140625 0.8359375 0.021875 0.0734375
1 0.0265625 0.8359375 0.021875 0.0734375
1 0.0703125 0.834375 0.028125 0.078125
1 0.046875 0.8359375 0.0328125 0.0734375
1 0.14375 0.825 0.0578125 0.096875
1 0.184375 0.8328125 0.03125 0.08125
1 0.19375 0.834375 0.01875 0.0765625
1 0.23125 0.840625 0.053125 0.0640625
1 0.2265625 0.8359375 0.0359375 0.0734375
1 0.2578125 0.828125 0.0296875 0.0890625
1 0.265625 0.8359375 0.0296875 0.075
1 0.2984375 0.8390625 0.028125 0.06875
1 0.334375 0.8328125 0.021875 0.0625
1 0.3625 0.83125 0.025 0.0765625
1 0.3890625 0.8359375 0.0265625 0.0625
1 0.475 0.828125 0.021875 0.06875
1 0.4609375 0.8296875 0.028125 0.084375
1 0.50625 0.828125 0.0203125 0.0546875
1 0.521875 0.83125 0.0296875 0.0828125
1 0.5515625 0.8296875 0.0296875 0.0875
1 0.58125 0.8328125 0.0359375 0.0796875
1 0.609375 0.8203125 0.0171875 0.0453125
1 0.6015625 0.8171875 0.0171875 0.0484375
1 0.634375 0.815625 0.0171875 0.0453125
1 0.6171875 0.8171875 0.0171875 0.04375
1 0.653125 0.8234375 0.0234375 0.0625
1 0.6671875 0.825 0.04375 0.096875
1 0.684375 0.8265625 0.0296875 0.0921875
1 0.7140625 0.83125 0.0296875 0.0828125
1 0.7375 0.8328125 0.034375 0.08125
1 0.7796875 0.821875 0.03125 0.0828125
1 0.8125 0.821875 0.0296875 0.0796875
1 0.81875 0.8203125 0.0296875 0.0734375
1 0.84375 0.8203125 0.0296875 0.075
1 0.853125 0.815625 0.0328125 0.075
1 0.884375 0.8140625 0.0328125 0.0875
1 0.9390625 0.8109375 0.021875 0.0625
1 0.9734375 0.81875 0.0375 0.1109375
