1 0.1890625 0.6140625 0.0578125 0.0671875
1 0.3484375 0.5265625 0.0390625 0.0609375
1 0.4609375 0.5796875 0.040625 0.0703125
1 0.4265625 0.665625 0.065625 0.084375
1 0.4125 0.7125 0.075 0.08125
1 0.271875 0.7453125 0.0734375 0.065625
1 0.33125 0.75 0.059375 0.05625
1 0.3796875 0.7515625 0.06875 0.0515625
1 0.4484375 0.75 0.0515625 0.0546875
1 0.4734375 0.7515625 0.0640625 0.0515625
1 0.509375 0.7015625 0.053125 0.0796875
1 0.6078125 0.75 0.0484375 0.053125
1 0.6921875 0.7515625 0.0671875 0.0515625
1 0.6515625 0.740625 0.05 0.0734375
1 0.69375 0.725 0.05625 0.1046875
1 0.6453125 0.7171875 0.05 0.1078125
1 0.6734375 0.6890625 0.0421875 0.09375
1 0.74375 0.6578125 0.053125 0.0875
1 0.7984375 0.653125 0.0453125 0.0984375
1 0.84375 0.6046875 0.05625 0.0875
1 0.9078125 0.5890625 0.075 0.0984375
1 0.8171875 0.5484375 0.0546875 0.1015625
1 0.8484375 0.528125 0.0546875 0.0796875
1 0.79375 0.5046875 0.0421875 0.0796875
1 0.759375 0.6109375 0.0546875 0.0890625
1 0.7140625 0.615625 0.0546875 0.09375
1 0.665625 0.646875 0.05 0.0859375
1 0.6609375 0.6203125 0.05 0.0859375
1 0.6921875 0.584375 0.0375 0.084375
1 0.609375 0.5609375 0.0375 0.084375
1 0.6578125 0.5203125 0.0328125 0.0703125
1 0.6890625 0.509375 0.0328125 0.0765625
1 0.29375 0.48125 0.046875 0.0609375
1 0.209375 0.45625 0.0328125 0.046875
1 0.225 0.4578125 0.0328125 0.0453125
1 0.240625 0.44375 0.028125 0.046875
1 0.2546875 0.4453125 0.0328125 0.0453125
1 0.2671875 0.4390625 0.03125 0.0453125
1 0.2796875 0.4375 0.03125 0.04375
1 0.1765625 0.4609375 0.0203125 0.028125
1 0.1734375 0.4484375 0.0328125 0.03125
1 0.1765625 0.434375 0.0234375 0.0328125
1 0.1796875 0.3890625 0.01875 0.028125
1 0.1640625 0.390625 0.015625 0.0234375
1 0.153125 0.409375 0.0234375 0.028125
1 0.14375 0.384375 0.01875 0.021875
1 0.1671875 0.3703125 0.015625 0.021875
1 0.1796875 0.3703125 0.0140625 0.021875
1 0.1984375 0.3859375 0.01875 0.025
1 0.2015625 0.40625 0.01875 0.021875
1 0.7421875 0.29375 0.01875 0.0375
1 0.771875 0.2859375 0.0109375 0.03125
1 0.803125 0.275 0.0140625 0.0375
1 0.853125 0.3125 0.015625 0.0390625
1 0.1828125 0.53125 0.05 0.0703125
1 0.1640625 0.4859375 0.046875 0.0515625
1 0.8890625 0.2859375 0.0375 0.0453125
1 0.9078125 0.321875 0.0234375 0.0453125
1 0.940625 0.6828125 0.0703125 0.09375
1 0.228125 0.4140625 0.028125 0.0359375
1 0.1359375 0.415625 0.028125 0.03125
