1 0.915625 0.55 0.1 0.2640625
1 0.7875 0.4984375 0.0359375 0.090625
1 0.746875 0.490625 0.0390625 0.0796875
1 0.8421875 0.540625 0.153125 0.28125
1 0.615625 0.571875 0.1140625 0.3546875
1 0.51875 0.590625 0.1421875 0.3171875
1 0.53125 0.565625 0.1234375 0.2828125
1 0.4359375 0.55 0.05625 0.165625
1 0.48125 0.546875 0.046875 0.159375
1 0.2953125 0.4765625 0.01875 0.0484375
1 0.346875 0.5796875 0.090625 0.2859375
1 0.26875 0.590625 0.1171875 0.278125
1 0.075 0.615625 0.0734375 0.2578125
1 0.1265625 0.5859375 0.0875 0.3
