1 0.009375 0.45625 0.0140625 0.1
1 0.0265625 0.4546875 0.0328125 0.0875
1 0.0359375 0.4390625 0.03125 0.078125
1 0.0515625 0.5125 0.059375 0.153125
1 0.06875 0.4890625 0.053125 0.1078125
1 0.109375 0.509375 0.053125 0.15
1 0.1234375 0.4953125 0.04375 0.1265625
1 0.1625 0.5359375 0.0953125 0.190625
1 0.20625 0.4953125 0.059375 0.128125
1 0.2421875 0.546875 0.075 0.1703125
1 0.2609375 0.4984375 0.053125 0.128125
1 0.2875 0.5140625 0.05 0.1375
1 0.33125 0.5 0.040625 0.1109375
1 0.3703125 0.553125 0.1140625 0.1875
1 0.3890625 0.478125 0.028125 0.084375
1 0.353125 0.50625 0.053125 0.140625
1 0.453125 0.515625 0.0734375 0.1484375
1 0.4859375 0.4953125 0.0484375 0.121875
1 0.521875 0.546875 0.0640625 0.1734375
1 0.546875 0.5046875 0.0609375 0.1375
1 0.6078125 0.5453125 0.08125 0.1828125
1 0.6453125 0.5296875 0.0609375 0.140625
1 0.671875 0.490625 0.0421875 0.096875
1 0.6921875 0.509375 0.059375 0.14375
1 0.7109375 0.496875 0.046875 0.1390625
1 0.7359375 0.4890625 0.0359375 0.096875
1 0.7859375 0.5515625 0.0953125 0.1671875
1 0.771875 0.4953125 0.0453125 0.1125
1 0.846875 0.5296875 0.0546875 0.1421875
1 0.8703125 0.5125 0.05625 0.134375
1 0.946875 0.553125 0.078125 0.19375
1 0.9390625 0.4890625 0.040625 0.096875
1 0.9546875 0.4984375 0.0421875 0.1015625
1 0.35625 0.5296875 0.0609375 0.1359375
