1 0.8078125 0.6421875 0.196875 0.265625
1 0.8609375 0.5578125 0.134375 0.2984375
1 0.771875 0.471875 0.11875 0.4078125
1 0.6609375 0.553125 0.1453125 0.3203125
1 0.665625 0.5 0.1078125 0.375
1 0.5609375 0.49375 0.109375 0.31875
1 0.5109375 0.56875 0.15 0.3125
1 0.475 0.4953125 0.1265625 0.36875
1 0.403125 0.6015625 0.16875 0.3375
1 0.36875 0.490625 0.090625 0.36875
1 0.346875 0.575 0.115625 0.3265625
1 0.303125 0.4984375 0.1125 0.33125
1 0.265625 0.5796875 0.140625 0.365625
1 0.1671875 0.6046875 0.209375 0.3484375
1 0.7421875 0.5609375 0.1140625 0.30625
