1 0.109375 0.5765625 0.153125 0.4125
1 0.2203125 0.55625 0.140625 0.36875
1 0.309375 0.5578125 0.1171875 0.3375
1 0.378125 0.5203125 0.1265625 0.3296875
1 0.3953125 0.5703125 0.1203125 0.3125
1 0.4875 0.53125 0.121875 0.3171875
1 0.559375 0.5203125 0.09375 0.30625
1 0.6 0.5015625 0.0953125 0.2765625
1 0.6296875 0.5296875 0.0765625 0.28125
1 0.690625 0.50625 0.096875 0.2859375
1 0.6890625 0.5390625 0.0828125 0.284375
1 0.7640625 0.534375 0.1015625 0.2953125
1 0.790625 0.5140625 0.0875 0.2890625
1 0.828125 0.459375 0.06875 0.1765625
1 0.925 0.5171875 0.1171875 0.3
1 0.85625 0.403125 0.01875 0.053125
1 0.1828125 0.4625 0.0296875 0.128125
1 0.0328125 0.484375 0.046875 0.121875
