1 0.059375 0.615625 0.1140625 0.3828125
1 0.0921875 0.5875 0.1109375 0.3390625
1 0.1484375 0.603125 0.125 0.3703125
1 0.20625 0.6 0.103125 0.334375
1 0.2765625 0.6015625 0.096875 0.33125
1 0.371875 0.59375 0.128125 0.340625
1 0.4828125 0.603125 0.1546875 0.3203125
1 0.5171875 0.6109375 0.1140625 0.296875
1 0.590625 0.6078125 0.128125 0.3203125
1 0.6234375 0.6046875 0.0875 0.29375
1 0.6890625 0.5859375 0.096875 0.3109375
1 0.7140625 0.6296875 0.11875 0.3109375
1 0.7546875 0.58125 0.06875 0.240625
1 0.8078125 0.5734375 0.0828125 0.29375
1 0.8359375 0.634375 0.1140625 0.3578125
1 0.88125 0.6125 0.0984375 0.3484375
1 0.95 0.6390625 0.09375 0.3515625
1 0.790625 0.65 0.0765625 0.246875
1 0.19375 0.596875 0.0921875 0.2953125
