1 0.0375 0.6125 0.06875 0.30625
1 0.11875 0.628125 0.1046875 0.2671875
1 0.1546875 0.6234375 0.0890625 0.2484375
1 0.2046875 0.6125 0.08125 0.29375
1 0.2671875 0.6265625 0.0796875 0.278125
1 0.30625 0.6328125 0.075 0.2515625
1 0.3640625 0.625 0.0765625 0.271875
1 0.3875 0.6234375 0.0765625 0.259375
1 0.459375 0.6265625 0.10625 0.259375
1 0.4890625 0.615625 0.109375 0.271875
1 0.5265625 0.61875 0.0875 0.2359375
1 0.6078125 0.6171875 0.09375 0.246875
1 0.6265625 0.6234375 0.084375 0.2421875
1 0.7078125 0.5984375 0.084375 0.2421875
1 0.7140625 0.6078125 0.08125 0.2734375
1 0.775 0.5953125 0.06875 0.209375
1 0.7890625 0.6109375 0.084375 0.2640625
1 0.8046875 0.6109375 0.06875 0.2421875
1 0.86875 0.6109375 0.084375 0.2296875
1 0.890625 0.5953125 0.059375 0.23125
1 0.9296875 0.6125 0.0640625 0.209375
1 0.925 0.6078125 0.084375 0.209375
1 0.9734375 0.6015625 0.0453125 0.19375
