1 0.10625 0.5421875 0.1578125 0.41875
0 0.0671875 0.3734375 0.059375 0.071875
1 0.353125 0.55625 0.159375 0.4671875
0 0.3296875 0.3609375 0.0578125 0.071875
1 0.375 0.5046875 0.0859375 0.2578125
0 0.36875 0.3984375 0.03125 0.0375
1 0.490625 0.5484375 0.13125 0.353125
0 0.4875 0.4 0.0421875 0.05625
1 0.4703125 0.503125 0.0921875 0.2984375
0 0.4703125 0.3796875 0.03125 0.0453125
1 0.5984375 0.4828125 0.06875 0.215625
0 0.603125 0.3953125 0.021875 0.0296875
1 0.6328125 0.49375 0.078125 0.2296875
0 0.628125 0.3984375 0.028125 0.034375
1 0.975 0.50625 0.04375 0.2609375
0 0.9921875 0.4 0.0109375 0.0328125
1 0.8578125 0.584375 0.159375 0.484375
0 0.85 0.3765625 0.059375 0.059375
1 0.7484375 0.5890625 0.1296875 0.48125
0 0.7375 0.3890625 0.06875 0.078125
1 0.703125 0.565625 0.0828125 0.3515625
0 0.6984375 0.41875 0.0421875 0.0546875