1 0.9890625 0.4390625 0.0171875 0.090625
0 0.99375 0.4015625 0.009375 0.0125
1 0.8953125 0.4359375 0.0375 0.09375
0 0.896875 0.3953125 0.0109375 0.0140625
1 0.8203125 0.4234375 0.0203125 0.0640625
0 0.8171875 0.4 0.0046875 0.0078125
1 0.715625 0.5203125 0.115625 0.303125
0 0.71875 0.3921875 0.0375 0.0328125
1 0.6484375 0.4484375 0.0296875 0.0625
0 0.65 0.4265625 0.0125 0.0125
1 0.603125 0.5296875 0.109375 0.2796875
0 0.59375 0.409375 0.0375 0.0375
1 0.55 0.515625 0.109375 0.26875
0 0.5453125 0.4046875 0.028125 0.0328125
1 0.5234375 0.4984375 0.075 0.24375
0 0.5171875 0.39375 0.021875 0.0265625
1 0.4703125 0.5015625 0.090625 0.246875
0 0.4671875 0.4015625 0.0265625 0.0359375
1 0.3703125 0.51875 0.109375 0.2421875
0 0.36875 0.4171875 0.0296875 0.025
1 0.4328125 0.4859375 0.125 0.2625
0 0.434375 0.403125 0.0328125 0.0296875