1 0.8125 0.5484375 0.1328125 0.4484375
0 0.8015625 0.3625 0.0515625 0.065625
1 0.7203125 0.640625 0.1546875 0.4625
0 0.7140625 0.453125 0.0625 0.075
1 0.6890625 0.5328125 0.134375 0.440625
0 0.6875 0.3484375 0.0515625 0.0609375
1 0.58125 0.646875 0.146875 0.45
0 0.5671875 0.465625 0.0546875 0.06875
1 0.58125 0.5390625 0.15 0.428125
0 0.5796875 0.359375 0.0515625 0.0609375
1 0.4328125 0.6359375 0.159375 0.4703125
0 0.4390625 0.4453125 0.059375 0.0703125
1 0.4625 0.5359375 0.1640625 0.4359375
0 0.4671875 0.3515625 0.0546875 0.0609375
1 0.36875 0.53125 0.125 0.446875
0 0.3765625 0.346875 0.05 0.0609375
1 0.33125 0.5296875 0.109375 0.446875
0 0.3265625 0.3390625 0.05 0.0578125
1 0.2953125 0.6375 0.1515625 0.4453125
0 0.30625 0.453125 0.05625 0.0703125
1 0.265625 0.525 0.13125 0.4640625
0 0.2640625 0.3328125 0.0546875 0.0609375
1 0.190625 0.571875 0.15625 0.5109375
0 0.1890625 0.3578125 0.0625 0.0703125