1 0.1390625 0.5984375 0.275 0.4390625
0 0.1796875 0.3484375 0.0890625 0.10625
1 0.0765625 0.5828125 0.15 0.46875
0 0.071875 0.3984375 0.090625 0.0890625
1 0.4234375 0.5359375 0.421875 0.5625
0 0.4125 0.34375 0.078125 0.1125
1 0.528125 0.628125 0.2890625 0.3796875
0 0.6171875 0.5078125 0.1046875 0.1375
1 0.546875 0.6046875 0.271875 0.425
0 0.471875 0.4484375 0.1015625 0.0984375
1 0.6890625 0.6515625 0.1046875 0.33125
0 0.7171875 0.5203125 0.05 0.0484375
1 0.775 0.590625 0.1578125 0.4546875
0 0.75 0.4140625 0.075 0.0828125
1 0.9078125 0.5734375 0.178125 0.4875
0 0.8765625 0.359375 0.096875 0.09375