1 0.2796875 0.5296875 0.1796875 0.9359375
0 0.2265625 0.146875 0.0734375 0.1578125
1 0.3234375 0.4359375 0.25625 0.7625
0 0.3171875 0.1203125 0.0890625 0.1203125
1 0.6359375 0.4375 0.3390625 0.771875
0 0.6421875 0.121875 0.1 0.109375
1 0.796875 0.215625 0.0203125 0.1734375
0 0.803125 0.1421875 0.0078125 0.021875
1 0.778125 0.215625 0.0453125 0.1203125
0 0.775 0.16875 0.01875 0.021875
1 0.75625 0.2171875 0.0625 0.1375
0 0.746875 0.1609375 0.0171875 0.0203125
1 0.7234375 0.2046875 0.0484375 0.134375
0 0.734375 0.1515625 0.0203125 0.025
1 0.53125 0.240625 0.1 0.1578125
0 0.5296875 0.178125 0.0265625 0.03125
1 0.5 0.2203125 0.0421875 0.15
0 0.4921875 0.1578125 0.0203125 0.025
1 0.3734375 0.228125 0.0390625 0.171875
0 0.3671875 0.1546875 0.021875 0.0234375