1 0.6578125 0.6421875 0.1 0.2828125
0 0.65 0.521875 0.0296875 0.0390625
1 0.628125 0.6171875 0.1375 0.290625
0 0.6015625 0.496875 0.03125 0.0390625
1 0.534375 0.6265625 0.1015625 0.29375
0 0.5390625 0.50625 0.028125 0.0375
1 0.46875 0.6171875 0.090625 0.2578125
0 0.4796875 0.509375 0.0296875 0.0359375
1 0.3984375 0.6125 0.11875 0.253125
0 0.4140625 0.50625 0.0265625 0.034375
1 0.346875 0.6203125 0.0921875 0.2359375
0 0.346875 0.525 0.028125 0.0328125
1 0.2671875 0.6203125 0.0828125 0.24375
0 0.275 0.51875 0.028125 0.034375
1 0.20625 0.61875 0.0765625 0.2546875
0 0.2203125 0.509375 0.028125 0.0359375