1 0.1046875 0.6671875 0.021875 0.046875
1 0.1015625 0.665625 0.015625 0.0453125
1 0.1140625 0.665625 0.0171875 0.0453125
1 0.1296875 0.6671875 0.0171875 0.053125
1 0.190625 0.6640625 0.0140625 0.0484375
1 0.2046875 0.665625 0.0171875 0.0484375
1 0.3375 0.675 0.0203125 0.065625
1 0.3375 0.68125 0.0265625 0.0625
1 0.353125 0.6546875 0.0078125 0.0265625
1 0.3703125 0.6765625 0.0203125 0.0671875
1 0.3703125 0.71875 0.046875 0.121875
1 0.4109375 0.703125 0.0421875 0.0953125
1 0.453125 0.6734375 0.021875 0.0640625
1 0.634375 0.6703125 0.015625 0.0609375
1 0.765625 0.675 0.0265625 0.071875
1 0.7890625 0.6765625 0.0296875 0.06875
1 0.9046875 0.6890625 0.0375 0.090625
