1 0.0453125 0.7078125 0.0890625 0.2421875
1 0.175 0.68125 0.125 0.2953125
1 0.2875 0.6796875 0.115625 0.2984375
1 0.353125 0.675 0.1125 0.3078125
1 0.4140625 0.696875 0.165625 0.2640625
1 0.5375 0.684375 0.128125 0.290625
1 0.678125 0.709375 0.1625 0.240625
1 0.6921875 0.6921875 0.1203125 0.2734375
1 0.7796875 0.71875 0.1859375 0.221875
1 0.86875 0.6984375 0.2 0.2609375
1 0.9015625 0.721875 0.125 0.215625
1 0.96875 0.696875 0.05625 0.2625
1 0.8546875 0.634375 0.0984375 0.28125
1 0.559375 0.584375 0.109375 0.1921875
1 0.4796875 0.571875 0.071875 0.2015625
1 0.38125 0.525 0.0609375 0.1484375
1 0.3484375 0.525 0.05 0.14375
1 0.3171875 0.4703125 0.0375 0.1171875
1 0.2828125 0.51875 0.0515625 0.1359375
1 0.290625 0.475 0.04375 0.1109375
1 0.2734375 0.4625 0.040625 0.08125
1 0.2421875 0.465625 0.034375 0.0796875
1 0.2296875 0.4671875 0.0375 0.1078125
1 0.2203125 0.4796875 0.0390625 0.1078125
1 0.228125 0.5890625 0.06875 0.209375
1 0.2 0.4953125 0.0421875 0.1234375
1 0.178125 0.459375 0.0359375 0.0921875
1 0.175 0.4515625 0.0328125 0.096875
1 0.1546875 0.5078125 0.0453125 0.1328125
1 0.140625 0.5015625 0.0453125 0.134375
1 0.109375 0.58125 0.096875 0.234375
1 0.071875 0.584375 0.0578125 0.196875
1 0.0234375 0.49375 0.04375 0.128125
1 0.0359375 0.4953125 0.0390625 0.125
1 0.1125 0.4828125 0.046875 0.1203125
1 0.1375 0.4765625 0.0359375 0.1109375
1 0.1515625 0.465625 0.034375 0.0984375
1 0.146875 0.41875 0.0171875 0.0546875
1 0.1328125 0.45 0.0296875 0.0921875
1 0.1234375 0.4390625 0.0203125 0.078125
1 0.125 0.4234375 0.0203125 0.059375
1 0.121875 0.415625 0.0203125 0.065625
1 0.1109375 0.41875 0.0125 0.053125
1 0.1015625 0.4734375 0.0421875 0.1203125
1 0.1046875 0.4421875 0.028125 0.0765625
1 0.0953125 0.4359375 0.0296875 0.075
1 0.084375 0.4359375 0.021875 0.0640625
1 0.084375 0.425 0.021875 0.065625
1 0.0828125 0.415625 0.025 0.059375
1 0.059375 0.446875 0.021875 0.0734375
1 0.0671875 0.440625 0.0203125 0.084375
1 0.0578125 0.425 0.01875 0.0625
1 0.0703125 0.4140625 0.0171875 0.0515625
1 0.0453125 0.421875 0.025 0.078125
1 0.0421875 0.44375 0.0296875 0.08125
1 0.040625 0.4375 0.028125 0.078125
1 0.025 0.3984375 0.015625 0.04375
1 0.0234375 0.40625 0.0171875 0.040625
1 0.0109375 0.434375 0.01875 0.075
1 0.0109375 0.45625 0.01875 0.0984375
1 0.0875 0.4328125 0.025 0.0703125
1 0.15 0.44375 0.021875 0.0828125
