1 0.0984375 0.61875 0.05 0.1796875
1 0.1453125 0.6125 0.0734375 0.2078125
1 0.259375 0.603125 0.06875 0.2078125
1 0.3109375 0.6421875 0.10625 0.2390625
1 0.346875 0.6015625 0.0578125 0.2046875
1 0.321875 0.56875 0.05625 0.1671875
1 0.39375 0.5625 0.0421875 0.1296875
1 0.4015625 0.60625 0.0625 0.1890625
1 0.4390625 0.603125 0.075 0.2234375
1 0.4703125 0.6421875 0.0875 0.25625
1 0.503125 0.6015625 0.078125 0.203125
1 0.55 0.6140625 0.0984375 0.259375
1 0.603125 0.696875 0.14375 0.35
1 0.6578125 0.66875 0.146875 0.3
1 0.7015625 0.5984375 0.075 0.2
1 0.8078125 0.5859375 0.05625 0.1921875
1 0.9390625 0.60625 0.0625 0.209375
1 0.95625 0.596875 0.0640625 0.1984375
1 0.771875 0.5984375 0.0765625 0.23125
1 0.8921875 0.5875 0.0515625 0.1875
1 0.221875 0.59375 0.05625 0.171875
