1 0.159375 0.6359375 0.1796875 0.515625
0 0.1828125 0.4328125 0.071875 0.0953125
1 0.1265625 0.58125 0.20625 0.6234375
0 0.1703125 0.3234375 0.059375 0.0796875
1 0.2640625 0.6234375 0.1484375 0.540625
0 0.2734375 0.3953125 0.071875 0.0921875
1 0.340625 0.603125 0.175 0.58125
0 0.353125 0.3625 0.059375 0.0828125
1 0.4546875 0.6296875 0.2015625 0.528125
0 0.4609375 0.415625 0.0640625 0.0828125
1 0.634375 0.615625 0.3 0.55625
0 0.525 0.3828125 0.0671875 0.075
1 0.5890625 0.6375 0.184375 0.5125
0 0.5703125 0.4296875 0.0640625 0.0828125
1 0.7125 0.6265625 0.20625 0.534375
0 0.6859375 0.40625 0.0671875 0.0828125