1 0.06875 0.471875 0.11875 0.3515625
1 0.15 0.471875 0.15 0.375
1 0.2421875 0.4765625 0.1125 0.3046875
1 0.4265625 0.471875 0.1 0.309375
1 0.5296875 0.4671875 0.159375 0.3625
1 0.6234375 0.5015625 0.1296875 0.2640625
1 0.7296875 0.49375 0.1265625 0.284375
1 0.8359375 0.4875 0.1609375 0.296875
1 0.9453125 0.4609375 0.1015625 0.365625
1 0.865625 0.45 0.1125 0.309375
1 0.7953125 0.4515625 0.1 0.2953125
1 0.76875 0.4375 0.1453125 0.2890625
1 0.690625 0.4453125 0.0828125 0.2671875
1 0.6140625 0.465625 0.103125 0.2765625
1 0.4671875 0.446875 0.0828125 0.2890625
1 0.3890625 0.4578125 0.0875 0.2859375
1 0.3390625 0.4796875 0.1265625 0.31875
1 0.2984375 0.459375 0.09375 0.2921875
1 0.09375 0.4328125 0.1125 0.3140625
1 0.1796875 0.453125 0.109375 0.3140625
1 0.2109375 0.4359375 0.0828125 0.2890625
1 0.2390625 0.4453125 0.0828125 0.296875
1 0.3203125 0.428125 0.0703125 0.28125
1 0.4875 0.3921875 0.0875 0.328125
1 0.540625 0.453125 0.0703125 0.28125
1 0.58125 0.44375 0.0796875 0.271875
1 0.784375 0.4265625 0.115625 0.30625
1 0.6703125 0.459375 0.103125 0.28125
