1 0.1359375 0.6921875 0.103125 0.1625
1 0.225 0.6875 0.090625 0.1703125
1 0.303125 0.6828125 0.1125 0.1796875
1 0.384375 0.6875 0.109375 0.1703125
1 0.4609375 0.678125 0.1 0.1890625
1 0.53125 0.6859375 0.078125 0.1734375
1 0.5984375 0.684375 0.103125 0.1765625
1 0.6796875 0.6875 0.1109375 0.171875
1 0.7546875 0.690625 0.0875 0.165625
1 0.8390625 0.684375 0.1078125 0.1765625
1 0.9203125 0.6921875 0.1109375 0.1625
1 0.95 0.6 0.0921875 0.2859375
1 0.8796875 0.6078125 0.09375 0.253125
1 0.825 0.59375 0.06875 0.23125
1 0.778125 0.5859375 0.0671875 0.23125
1 0.7203125 0.5984375 0.0765625 0.2375
1 0.65625 0.590625 0.09375 0.2515625
1 0.5875 0.5828125 0.084375 0.25
1 0.53125 0.5640625 0.0734375 0.2234375
1 0.4546875 0.5828125 0.0890625 0.240625
1 0.3796875 0.5765625 0.0875 0.2625
1 0.2859375 0.575 0.1046875 0.271875
1 0.184375 0.5859375 0.103125 0.28125
1 0.1109375 0.575 0.1109375 0.29375
1 0.25 0.5703125 0.084375 0.271875
1 0.3 0.5390625 0.071875 0.2265625
1 0.3296875 0.5625 0.0875 0.25
1 0.409375 0.553125 0.071875 0.23125
1 0.4796875 0.56875 0.065625 0.2203125
1 0.5453125 0.5296875 0.0734375 0.2046875
1 0.5953125 0.5453125 0.0609375 0.196875
1 0.6265625 0.5375 0.05 0.1765625
1 0.64375 0.5453125 0.0671875 0.196875
1 0.68125 0.534375 0.065625 0.1890625
1 0.7078125 0.5546875 0.078125 0.21875
1 0.7515625 0.55 0.0609375 0.20625
1 0.8171875 0.546875 0.08125 0.2140625
1 0.8859375 0.5796875 0.09375 0.2421875
