1 0.203125 0.4671875 0.06875 0.1625
1 0.2875 0.465625 0.0515625 0.13125
1 0.3671875 0.4921875 0.053125 0.159375
1 0.3890625 0.4828125 0.0484375 0.1421875
1 0.4140625 0.46875 0.05 0.1296875
1 0.4390625 0.4515625 0.0296875 0.0828125
1 0.4609375 0.45625 0.03125 0.08125
1 0.5453125 0.4609375 0.0296875 0.075
1 0.534375 0.4484375 0.0234375 0.0625
1 0.540625 0.425 0.0203125 0.0421875
1 0.5703125 0.428125 0.021875 0.0484375
1 0.5828125 0.4484375 0.0234375 0.0640625
1 0.603125 0.4484375 0.0234375 0.06875
