1 0.2109375 0.6203125 0.1171875 0.3484375
0 0.2265625 0.4734375 0.0390625 0.0484375
1 0.2359375 0.59375 0.103125 0.3515625
0 0.2578125 0.4484375 0.0421875 0.0515625
1 0.3203125 0.59375 0.0953125 0.3484375
0 0.31875 0.4453125 0.034375 0.0421875
1 0.4 0.596875 0.084375 0.33125
0 0.3890625 0.453125 0.0375 0.04375
1 0.3984375 0.575 0.1125 0.3328125
0 0.4140625 0.4328125 0.0359375 0.0421875
1 0.4890625 0.5953125 0.1015625 0.340625
0 0.496875 0.45 0.0375 0.046875
1 0.5703125 0.66875 0.115625 0.225
0 0.5765625 0.5796875 0.0390625 0.0515625
1 0.5453125 0.5828125 0.0796875 0.3328125
0 0.54375 0.440625 0.0328125 0.046875
1 0.596875 0.5796875 0.0875 0.3453125
0 0.5984375 0.4328125 0.0328125 0.04375
1 0.640625 0.5890625 0.090625 0.325
0 0.64375 0.453125 0.028125 0.040625
1 0.6875 0.5796875 0.078125 0.3234375
0 0.690625 0.4421875 0.0296875 0.04375
1 0.7453125 0.5953125 0.1015625 0.3078125
0 0.73125 0.46875 0.0328125 0.0421875
1 0.803125 0.6015625 0.0875 0.303125
0 0.7921875 0.475 0.0375 0.04375