1 0.8921875 0.5078125 0.103125 0.3046875
0 0.9203125 0.4234375 0.0359375 0.0296875
1 0.7234375 0.590625 0.190625 0.484375
0 0.746875 0.3796875 0.053125 0.0546875
1 0.4796875 0.546875 0.0875 0.2625
0 0.4796875 0.4375 0.03125 0.0375
1 0.5265625 0.546875 0.0984375 0.23125
0 0.528125 0.45 0.025 0.0296875
1 0.3234375 0.5359375 0.0875 0.2046875
0 0.321875 0.4453125 0.025 0.021875
1 0.221875 0.55 0.09375 0.2734375
0 0.2265625 0.4375 0.028125 0.0359375
1 0.0375 0.55625 0.0703125 0.2609375
0 0.0390625 0.4453125 0.0375 0.0359375
1 0.0625 0.54375 0.09375 0.2359375
0 0.0640625 0.4421875 0.028125 0.0296875