1 0.0375 0.6875 0.071875 0.11875
1 0.0546875 0.6859375 0.1 0.121875
1 0.0578125 0.6796875 0.046875 0.1359375
1 0.1265625 0.675 0.0859375 0.1453125
1 0.271875 0.6453125 0.0234375 0.08125
1 0.2796875 0.6453125 0.0359375 0.0734375
1 0.3203125 0.6453125 0.034375 0.08125
1 0.33125 0.65 0.0359375 0.0828125
1 0.375 0.65 0.034375 0.0875
1 0.4171875 0.6484375 0.0375 0.0984375
1 0.490625 0.6359375 0.0234375 0.0703125
1 0.5359375 0.6171875 0.0125 0.0390625
1 0.55 0.6203125 0.0140625 0.0453125
1 0.665625 0.6609375 0.0375 0.1046875
1 0.70625 0.6578125 0.0375 0.11875
1 0.821875 0.6203125 0.0296875 0.0609375
1 0.8359375 0.640625 0.0375 0.103125
1 0.875 0.6453125 0.05625 0.1
1 0.946875 0.65 0.05625 0.1328125
1 0.9828125 0.615625 0.0296875 0.0703125
1 0.990625 0.6390625 0.0125 0.0953125
1 0.890625 0.6640625 0.04375 0.0515625
