1 0.7796875 0.5125 0.1015625 0.346875
1 0.7125 0.509375 0.2015625 0.3078125
1 0.6546875 0.50625 0.10625 0.2953125
1 0.646875 0.6078125 0.1734375 0.2109375
1 0.60625 0.6109375 0.09375 0.2046875
1 0.5578125 0.5203125 0.0953125 0.29375
1 0.503125 0.6015625 0.1328125 0.2375
1 0.5140625 0.5203125 0.090625 0.2890625
1 0.4296875 0.5234375 0.0921875 0.328125
1 0.390625 0.596875 0.13125 0.2421875
1 0.35625 0.54375 0.0890625 0.2515625
1 0.2984375 0.609375 0.1046875 0.2296875
1 0.2796875 0.5390625 0.0890625 0.2515625
1 0.209375 0.6 0.1140625 0.221875
1 0.1921875 0.5375 0.1296875 0.29375
