1 0.3359375 0.740625 0.03125 0.13125
1 0.3921875 0.7421875 0.0390625 0.1125
1 0.4328125 0.728125 0.0328125 0.096875
1 0.4703125 0.7296875 0.0484375 0.0984375
1 0.8625 0.734375 0.04375 0.090625
1 0.1265625 0.7109375 0.021875 0.0578125
1 0.1015625 0.7015625 0.0203125 0.05625
1 0.159375 0.7125 0.0234375 0.053125
1 0.2375 0.715625 0.025 0.0625
1 0.25625 0.7140625 0.0203125 0.059375
1 0.20625 0.7125 0.0203125 0.0453125
1 0.275 0.703125 0.0171875 0.05
1 0.3296875 0.7171875 0.028125 0.0625
1 0.5109375 0.709375 0.0203125 0.0390625
1 0.5484375 0.715625 0.0234375 0.0671875
1 0.5671875 0.7109375 0.021875 0.0578125
1 0.584375 0.7125 0.0203125 0.05
1 0.74375 0.715625 0.0265625 0.0640625
1 0.4265625 0.7078125 0.015625 0.046875
1 0.5296875 0.70625 0.0125 0.046875
1 0.3015625 0.696875 0.0078125 0.0359375
1 0.3953125 0.70625 0.0140625 0.0375
1 0.409375 0.703125 0.009375 0.040625
1 0.5 0.703125 0.0078125 0.0390625
1 0.8125 0.7125 0.0109375 0.05
