1 0.7390625 0.54375 0.140625 0.4671875
0 0.7328125 0.34375 0.05625 0.0578125
1 0.715625 0.4875 0.175 0.503125
0 0.675 0.278125 0.059375 0.075
1 0.590625 0.49375 0.11875 0.4125
0 0.5890625 0.31875 0.05 0.059375
1 0.4609375 0.5734375 0.1109375 0.33125
0 0.453125 0.4328125 0.0484375 0.0515625
1 0.4453125 0.48125 0.103125 0.4140625
0 0.45 0.309375 0.05 0.059375
1 0.390625 0.5375 0.140625 0.4171875
0 0.39375 0.3625 0.0578125 0.059375
1 0.246875 0.534375 0.1203125 0.440625
0 0.2375 0.35 0.0625 0.0640625