1 0.265625 0.490625 0.0953125 0.2921875
0 0.275 0.365625 0.0390625 0.0375
1 0.3 0.4984375 0.1203125 0.353125
0 0.3 0.3546875 0.0421875 0.05625
1 0.4125 0.5140625 0.1296875 0.4296875
0 0.4140625 0.3328125 0.05625 0.0609375
1 0.4984375 0.5109375 0.1328125 0.4359375
0 0.5015625 0.3328125 0.0515625 0.0640625
1 0.6 0.5125 0.134375 0.43125
0 0.584375 0.3328125 0.05 0.059375
1 0.5703125 0.503125 0.096875 0.3640625
0 0.5671875 0.346875 0.0453125 0.0453125
1 0.6734375 0.4796875 0.10625 0.28125
0 0.6546875 0.3609375 0.034375 0.040625
1 0.859375 0.4515625 0.1 0.2390625
0 0.875 0.35625 0.028125 0.04375
1 0.3765625 0.4875 0.0984375 0.2921875
0 0.3796875 0.365625 0.0328125 0.040625