1 0.0703125 0.6515625 0.1375 0.303125
0 0.01875 0.66875 0.0359375 0.0953125
1 0.0609375 0.6765625 0.1203125 0.2515625
0 0.0203125 0.6640625 0.0390625 0.090625
1 0.0828125 0.6875 0.1640625 0.2296875
0 0.0671875 0.653125 0.0609375 0.08125
1 0.0921875 0.6484375 0.10625 0.2359375
0 0.0953125 0.55625 0.0390625 0.040625
1 0.38125 0.534375 0.1171875 0.2234375
0 0.3703125 0.446875 0.03125 0.0390625
1 0.5234375 0.496875 0.140625 0.2796875
0 0.5265625 0.3796875 0.028125 0.040625
1 0.4421875 0.6828125 0.1828125 0.2375
0 0.4609375 0.6015625 0.0640625 0.0671875
1 0.4578125 0.6984375 0.19375 0.209375
0 0.4515625 0.64375 0.0765625 0.090625
1 0.60625 0.6828125 0.21875 0.240625
0 0.6421875 0.7109375 0.090625 0.096875
1 0.853125 0.6734375 0.2796875 0.2578125
0 0.9171875 0.740625 0.1125 0.125
1 0.809375 0.68125 0.1296875 0.24375
0 0.7984375 0.5890625 0.0515625 0.053125
1 0.8765625 0.684375 0.1078125 0.2359375
0 0.859375 0.60625 0.05625 0.0703125
1 0.934375 0.68125 0.1171875 0.24375
0 0.925 0.5984375 0.0734375 0.065625