1 0.975 0.740625 0.040625 0.2390625
1 0.9609375 0.6796875 0.0390625 0.1484375
1 0.9234375 0.7328125 0.0796875 0.271875
1 0.88125 0.6921875 0.0515625 0.1640625
1 0.790625 0.7078125 0.1328125 0.3203125
1 0.71875 0.7078125 0.090625 0.3203125
1 0.6765625 0.7109375 0.115625 0.3140625
1 0.6203125 0.7109375 0.0875 0.3171875
1 0.578125 0.6984375 0.1125 0.3390625
1 0.48125 0.6953125 0.096875 0.3484375
1 0.421875 0.709375 0.1171875 0.3171875
1 0.35 0.7171875 0.084375 0.3015625
1 0.3390625 0.709375 0.1 0.31875
1 0.284375 0.7046875 0.0984375 0.328125
1 0.278125 0.70625 0.11875 0.325
1 0.1953125 0.7078125 0.115625 0.321875
1 0.090625 0.6921875 0.175 0.353125
1 0.0484375 0.7046875 0.090625 0.328125
1 0.18125 0.7109375 0.08125 0.3171875
