1 0.1875 0.9203125 0.0171875 0.10625
1 0.1890625 0.915625 0.0203125 0.1
1 0.20625 0.9234375 0.034375 0.1109375
1 0.221875 0.896875 0.0171875 0.05625
1 0.2328125 0.9234375 0.021875 0.090625
1 0.2484375 0.9203125 0.0234375 0.090625
1 0.2453125 0.8921875 0.0171875 0.0546875
1 0.2640625 0.915625 0.0328125 0.1078125
1 0.265625 0.934375 0.059375 0.128125
1 0.290625 0.9234375 0.028125 0.103125
1 0.309375 0.934375 0.03125 0.1171875
1 0.3234375 0.921875 0.0328125 0.0921875
1 0.3296875 0.9171875 0.0296875 0.0921875
1 0.3515625 0.9140625 0.0203125 0.084375
1 0.3640625 0.903125 0.0203125 0.0734375
1 0.36875 0.9171875 0.01875 0.0859375
1 0.38125 0.9140625 0.0203125 0.084375
1 0.378125 0.9234375 0.021875 0.075
1 0.396875 0.9265625 0.034375 0.1
1 0.3984375 0.8984375 0.028125 0.0765625
1 0.4078125 0.890625 0.01875 0.06875
1 0.4109375 0.9125 0.028125 0.090625
1 0.403125 0.909375 0.021875 0.0828125
1 0.428125 0.909375 0.03125 0.0875
1 0.4375 0.8859375 0.0171875 0.071875
1 0.44375 0.8984375 0.0203125 0.078125
1 0.4484375 0.9078125 0.025 0.0796875
1 0.4625 0.903125 0.01875 0.08125
1 0.4734375 0.9109375 0.025 0.078125
1 0.4796875 0.9046875 0.0234375 0.078125
1 0.4984375 0.9015625 0.021875 0.0734375
1 0.509375 0.925 0.028125 0.096875
1 0.51875 0.9015625 0.0203125 0.0703125
1 0.5265625 0.9 0.0234375 0.06875
1 0.5296875 0.8984375 0.021875 0.06875
1 0.5625 0.9203125 0.0375 0.109375
1 0.5578125 0.8859375 0.021875 0.0609375
1 0.58125 0.8953125 0.0234375 0.0640625
1 0.6140625 0.9046875 0.03125 0.084375
1 0.6203125 0.8984375 0.015625 0.0734375
1 0.6 0.9015625 0.0265625 0.0546875
1 0.634375 0.890625 0.025 0.065625
1 0.6375 0.896875 0.0171875 0.0640625
1 0.64375 0.9 0.0234375 0.065625
1 0.6578125 0.8953125 0.0265625 0.065625
1 0.6609375 0.884375 0.01875 0.059375
1 0.6765625 0.9125 0.034375 0.08125
1 0.6796875 0.884375 0.0125 0.053125
1 0.6890625 0.89375 0.0203125 0.0671875
1 0.69375 0.890625 0.0203125 0.0671875
1 0.7125 0.890625 0.021875 0.0734375
1 0.7140625 0.8828125 0.01875 0.0640625
1 0.7234375 0.909375 0.03125 0.0921875
1 0.7421875 0.8875 0.0171875 0.0625
1 0.74375 0.9 0.0171875 0.071875
1 0.7578125 0.9109375 0.0421875 0.0921875
1 0.7515625 0.8796875 0.0171875 0.0578125
1 0.7734375 0.8953125 0.0203125 0.075
1 0.7890625 0.9109375 0.03125 0.0953125
1 0.78125 0.8578125 0.0125 0.0453125
1 0.8078125 0.8953125 0.0171875 0.0703125
1 0.753125 0.90625 0.025 0.090625
1 0.7953125 0.9078125 0.0234375 0.0875
