1 0.7140625 0.5828125 0.35 0.3625
1 0.928125 0.51875 0.1375 0.2890625
1 0.9421875 0.43125 0.109375 0.246875
1 0.896875 0.409375 0.1734375 0.2375
1 0.7578125 0.446875 0.1046875 0.2578125
1 0.6921875 0.425 0.096875 0.175
1 0.625 0.4421875 0.0734375 0.1671875
1 0.5765625 0.428125 0.0703125 0.1921875
1 0.5296875 0.4453125 0.0515625 0.1453125
1 0.4953125 0.43125 0.084375 0.1921875
1 0.4875 0.44375 0.0734375 0.18125
1 0.4265625 0.4109375 0.0921875 0.2484375
1 0.3328125 0.4171875 0.084375 0.2734375
1 0.315625 0.4078125 0.16875 0.3171875
1 0.21875 0.45625 0.1078125 0.2375
1 0.11875 0.4296875 0.1578125 0.2671875
1 0.05 0.4734375 0.096875 0.3484375
1 0.0921875 0.421875 0.1828125 0.34375
