1 0.821875 0.6640625 0.33125 0.33125
0 0.734375 0.503125 0.10625 0.1
1 0.603125 0.6 0.1515625 0.459375
0 0.6078125 0.4140625 0.0484375 0.0546875
1 0.3609375 0.6640625 0.3234375 0.33125
0 0.3765625 0.4515625 0.0765625 0.0734375
1 0.1828125 0.68125 0.1078125 0.296875
0 0.1859375 0.5578125 0.0390625 0.040625
1 0.0578125 0.6140625 0.1125 0.4328125
0 0.0296875 0.4453125 0.0578125 0.075
1 0.071875 0.6671875 0.140625 0.3234375
0 0.09375 0.534375 0.040625 0.0484375
1 0.2609375 0.628125 0.0859375 0.259375
0 0.2671875 0.51875 0.0328125 0.03125
1 0.4296875 0.6546875 0.0921875 0.328125
0 0.4359375 0.5296875 0.034375 0.05
1 0.103125 0.665625 0.103125 0.240625
0 0.1171875 0.565625 0.03125 0.034375