1 0.038281 0.529083 0.039062 0.064877
1 0.096094 0.492170 0.039062 0.067114
1 0.142969 0.501119 0.032813 0.053691
1 0.234375 0.457494 0.062500 0.105145
1 0.287500 0.483221 0.025000 0.040268
1 0.357031 0.507830 0.042188 0.076063
1 0.382812 0.507830 0.028125 0.053691
1 0.392969 0.477629 0.023438 0.038031
1 0.432031 0.532438 0.032813 0.044743
1 0.492188 0.479866 0.028125 0.051454
1 0.534375 0.484340 0.028125 0.042506
1 0.595313 0.545861 0.040625 0.076063
1 0.681250 0.483221 0.031250 0.049217
1 0.671094 0.450783 0.026562 0.042506
1 0.713281 0.538031 0.026562 0.033557
1 0.764844 0.475391 0.032813 0.042506
1 0.855469 0.474273 0.035937 0.049217
1 0.859375 0.469799 0.031250 0.058166
1 0.900781 0.461969 0.020313 0.033557
1 0.922656 0.455257 0.023438 0.029083
1 0.972656 0.505593 0.054688 0.111857
1 0.016406 0.484340 0.032813 0.055928
1 0.206250 0.455257 0.031250 0.046980
1 0.553906 0.474273 0.023438 0.040268
1 0.579688 0.464206 0.021875 0.038031
1 0.607031 0.478747 0.026562 0.031320
