1 0.01875 0.53125 0.0359375 0.2265625
1 0.034375 0.496875 0.046875 0.13125
1 0.0203125 0.4953125 0.025 0.1078125
1 0.0578125 0.4953125 0.034375 0.1015625
1 0.0890625 0.4921875 0.0359375 0.090625
1 0.109375 0.49375 0.0265625 0.084375
1 0.1140625 0.484375 0.021875 0.0765625
1 0.134375 0.4796875 0.0265625 0.0859375
1 0.1421875 0.50625 0.0609375 0.125
1 0.1546875 0.4859375 0.0171875 0.065625
1 0.159375 0.484375 0.0171875 0.0671875
1 0.1734375 0.484375 0.0203125 0.065625
1 0.1890625 0.471875 0.0140625 0.046875
1 0.2015625 0.4734375 0.009375 0.0359375
1 0.2109375 0.4796875 0.01875 0.053125
1 0.221875 0.475 0.015625 0.0484375
1 0.228125 0.4703125 0.009375 0.0390625
1 0.303125 0.565625 0.1953125 0.4265625
1 0.55 0.63125 0.090625 0.128125
1 0.390625 0.46875 0.009375 0.0234375
1 0.3828125 0.4703125 0.009375 0.025
1 0.3984375 0.4703125 0.0078125 0.025
1 0.4078125 0.46875 0.0109375 0.0265625
1 0.4265625 0.475 0.015625 0.0390625
1 0.446875 0.4859375 0.021875 0.06875
1 0.453125 0.49375 0.01875 0.05
1 0.465625 0.4890625 0.0171875 0.053125
1 0.465625 0.4828125 0.021875 0.0640625
1 0.4796875 0.49375 0.015625 0.0578125
1 0.490625 0.496875 0.0140625 0.05
1 0.4796875 0.4859375 0.0171875 0.06875
1 0.50625 0.5015625 0.0484375 0.09375
1 0.5171875 0.4828125 0.040625 0.059375
1 0.54375 0.5015625 0.0265625 0.0328125
1 0.5390625 0.4796875 0.0265625 0.05625
1 0.5625 0.475 0.0140625 0.0484375
1 0.578125 0.478125 0.01875 0.0640625
1 0.58125 0.4734375 0.0171875 0.0484375
1 0.5953125 0.4796875 0.0203125 0.065625
1 0.6015625 0.4734375 0.0125 0.0578125
1 0.6125 0.4828125 0.0234375 0.0671875
1 0.6296875 0.48125 0.0359375 0.0828125
1 0.65 0.4796875 0.021875 0.0609375
1 0.6609375 0.4796875 0.0328125 0.0890625
1 0.68125 0.4859375 0.025 0.06875
1 0.70625 0.4890625 0.0265625 0.0796875
1 0.7171875 0.484375 0.0234375 0.0640625
1 0.7375 0.4953125 0.04375 0.115625
1 0.78125 0.58125 0.1125 0.3484375
1 0.84375 0.5765625 0.0890625 0.309375
1 0.896875 0.5796875 0.1125 0.4
1 0.865625 0.525 0.0328125 0.196875
1 0.8609375 0.503125 0.021875 0.175
1 0.8765625 0.4609375 0.021875 0.1046875
1 0.95 0.4890625 0.0359375 0.1171875
1 0.96875 0.490625 0.025 0.084375
1 0.978125 0.5015625 0.040625 0.1671875
1 0.9828125 0.50625 0.0296875 0.1640625
1 0.959375 0.5984375 0.078125 0.1171875
