1 0.040625 0.46875 0.0796875 0.25625
1 0.0671875 0.434375 0.0453125 0.15625
1 0.1375 0.475 0.09375 0.253125
1 0.1953125 0.3796875 0.0265625 0.0625
1 0.16875 0.55625 0.1421875 0.3984375
1 0.234375 0.41875 0.05 0.1140625
1 0.29375 0.54375 0.134375 0.371875
1 0.3671875 0.4640625 0.075 0.2703125
1 0.44375 0.5296875 0.1140625 0.378125
1 0.5484375 0.503125 0.1265625 0.41875
1 0.6484375 0.515625 0.184375 0.384375
1 0.753125 0.484375 0.1140625 0.325
1 0.9265625 0.4640625 0.1375 0.3546875
1 0.3921875 0.3875 0.0265625 0.06875
1 0.3125 0.36875 0.021875 0.046875
