1 0.0703125 0.5234375 0.1359375 0.49375
1 0.1578125 0.515625 0.16875 0.4921875
1 0.2875 0.515625 0.16875 0.4734375
1 0.378125 0.484375 0.1453125 0.4296875
1 0.5171875 0.4640625 0.159375 0.44375
1 0.65 0.5078125 0.1734375 0.44375
1 0.70625 0.496875 0.146875 0.475
1 0.825 0.4921875 0.1640625 0.4296875
1 0.1765625 0.6296875 0.1734375 0.334375
1 0.3015625 0.6125 0.15 0.3171875
1 0.446875 0.6125 0.1765625 0.3234375
1 0.5703125 0.6734375 0.1171875 0.24375
1 0.6046875 0.61875 0.1703125 0.315625
1 0.725 0.6234375 0.1546875 0.3125
1 0.90625 0.6171875 0.1796875 0.3015625
1 0.434375 0.3640625 0.0203125 0.0765625
