1 0.78125 0.5765625 0.146875 0.3734375
0 0.7640625 0.41875 0.04375 0.053125
1 0.6875 0.59375 0.15625 0.4015625
0 0.68125 0.428125 0.046875 0.0609375
1 0.5515625 0.58125 0.1265625 0.3671875
0 0.5578125 0.428125 0.0390625 0.053125
1 0.6125 0.55 0.0984375 0.334375
0 0.60625 0.409375 0.0375 0.0453125
1 0.5125 0.553125 0.0890625 0.3265625
0 0.509375 0.4125 0.0328125 0.0390625
1 0.446875 0.56875 0.0984375 0.35
0 0.4484375 0.421875 0.0375 0.0453125
1 0.3625 0.559375 0.1109375 0.33125
0 0.36875 0.4234375 0.0390625 0.046875
1 0.321875 0.55 0.1 0.325
0 0.340625 0.4140625 0.0359375 0.0453125
1 0.246875 0.53125 0.1109375 0.34375
0 0.25625 0.3890625 0.0390625 0.05
1 0.134375 0.540625 0.1390625 0.3671875
0 0.1359375 0.3875 0.040625 0.0484375