1 0.596875 0.671875 0.153125 0.2921875
1 0.6015625 0.55 0.0296875 0.0640625
1 0.5109375 0.5453125 0.0234375 0.0578125
1 0.5296875 0.5453125 0.021875 0.0484375
1 0.553125 0.5296875 0.021875 0.05
1 0.4921875 0.5328125 0.0140625 0.0453125
1 0.5 0.5328125 0.0234375 0.05
1 0.515625 0.528125 0.0203125 0.0546875
1 0.5296875 0.53125 0.025 0.0625
1 0.496875 0.5078125 0.0171875 0.0390625
1 0.5046875 0.503125 0.015625 0.034375
1 0.5125 0.503125 0.0140625 0.0375
1 0.5359375 0.5 0.0171875 0.0484375
1 0.4171875 0.5453125 0.025 0.0515625
1 0.4359375 0.49375 0.0171875 0.040625
1 0.4625 0.5015625 0.0203125 0.0375
1 0.4625 0.4859375 0.0140625 0.0328125
1 0.46875 0.48125 0.015625 0.03125
1 0.4984375 0.475 0.009375 0.0375
1 0.2734375 0.53125 0.021875 0.046875
1 0.271875 0.525 0.01875 0.0484375
1 0.2796875 0.521875 0.01875 0.0515625
1 0.30625 0.5265625 0.0234375 0.05
1 0.315625 0.5 0.0140625 0.0359375
1 0.3203125 0.50625 0.0125 0.046875
1 0.33125 0.509375 0.0171875 0.0453125
1 0.35 0.4296875 0.0078125 0.01875
1 0.271875 0.41875 0.0078125 0.0203125
1 0.4984375 0.4734375 0.009375 0.0296875
