1 0.134000 0.180372 0.057538 0.111111
1 0.311692 0.347039 0.043692 0.088106
1 0.390154 0.351689 0.031385 0.062163
1 0.502154 0.340920 0.031385 0.059227
1 0.458615 0.303965 0.024308 0.046990
1 0.552923 0.304209 0.025231 0.047479
1 0.580462 0.332599 0.018154 0.036711
1 0.585231 0.284630 0.012923 0.021047
1 0.605692 0.325012 0.008308 0.018600
1 0.596308 0.303720 0.008615 0.019090
1 0.614308 0.314733 0.007077 0.013705
1 0.621231 0.304699 0.009231 0.018111
1 0.630154 0.291973 0.008000 0.017132
1 0.644462 0.305433 0.009538 0.018600
1 0.659692 0.306412 0.008615 0.018600
1 0.662462 0.280959 0.007385 0.015663
1 0.673692 0.297357 0.007077 0.014195
1 0.691077 0.325991 0.004923 0.008811
1 0.697077 0.322810 0.005846 0.011258
1 0.722615 0.313999 0.006462 0.012237
1 0.730769 0.331620 0.005538 0.010279
1 0.762923 0.317181 0.006462 0.011747
1 0.791692 0.322320 0.005538 0.010279
1 0.802923 0.319139 0.005846 0.011747
1 0.807846 0.317670 0.005846 0.010768
1 0.822923 0.305678 0.006462 0.012237
1 0.846154 0.313754 0.005538 0.009790
1 0.865077 0.307881 0.005846 0.009790
1 0.878923 0.309104 0.005846 0.011258
1 0.893846 0.313510 0.005538 0.009300
1 0.910769 0.303475 0.006769 0.010768
1 0.928615 0.303475 0.004923 0.010768
1 0.937077 0.299559 0.005231 0.009790
1 0.975385 0.300538 0.005538 0.008811
1 0.981538 0.298091 0.006154 0.009790
1 0.988154 0.299559 0.005231 0.008811
1 0.992615 0.300538 0.004308 0.007832
