1 0.065625 0.7828125 0.1265625 0.3
1 0.1703125 0.715625 0.1203125 0.2203125
1 0.25625 0.709375 0.1203125 0.2203125
1 0.3234375 0.709375 0.1625 0.2390625
1 0.36875 0.815625 0.1484375 0.321875
1 0.4078125 0.8171875 0.2578125 0.3546875
1 0.45 0.71875 0.1703125 0.2875
1 0.59375 0.7953125 0.2296875 0.4
1 0.68125 0.74375 0.09375 0.2921875
1 0.7625 0.69375 0.103125 0.2296875
1 0.8640625 0.7265625 0.171875 0.315625
1 0.8984375 0.671875 0.1359375 0.234375
1 0.96875 0.715625 0.0546875 0.2875
1 0.0953125 0.6703125 0.0421875 0.0890625
1 0.02109375 0.6703125 0.0421875 0.096875
1 0.7359375 0.6796875 0.059375 0.1515625
1 0.728125 0.7234375 0.103125 0.209375
