1 0.0421875 0.6 0.0390625 0.1015625
1 0.06875 0.6046875 0.0265625 0.0921875
1 0.0765625 0.621875 0.0171875 0.05625
1 0.0890625 0.59375 0.025 0.0828125
1 0.125 0.596875 0.03125 0.109375
1 0.1609375 0.5953125 0.0609375 0.134375
1 0.2 0.5984375 0.0359375 0.10625
1 0.21875 0.6 0.046875 0.1203125
1 0.25625 0.5953125 0.04375 0.134375
1 0.2796875 0.60625 0.034375 0.0953125
1 0.3203125 0.60625 0.03125 0.096875
1 0.3078125 0.60625 0.0265625 0.0859375
1 0.359375 0.603125 0.025 0.059375
1 0.3859375 0.603125 0.0203125 0.05625
1 0.4140625 0.596875 0.0625 0.1265625
1 0.45 0.621875 0.0328125 0.08125
1 0.475 0.61875 0.034375 0.0859375
1 0.4984375 0.6046875 0.0328125 0.0671875
1 0.5328125 0.60625 0.03125 0.0671875
1 0.559375 0.609375 0.0359375 0.1015625
1 0.578125 0.6109375 0.028125 0.0703125
1 0.584375 0.60625 0.0296875 0.0734375
1 0.603125 0.621875 0.0203125 0.05
1 0.6296875 0.6046875 0.0421875 0.103125
1 0.6640625 0.6078125 0.046875 0.1203125
1 0.69375 0.6109375 0.025 0.0671875
1 0.70625 0.6109375 0.0203125 0.0640625
1 0.73125 0.6140625 0.05 0.090625
1 0.7484375 0.60625 0.0296875 0.090625
1 0.7671875 0.615625 0.028125 0.078125
1 0.8015625 0.6171875 0.0234375 0.06875
1 0.8390625 0.60625 0.0625 0.1515625
1 0.8890625 0.61875 0.0296875 0.0734375
1 0.9140625 0.61875 0.0515625 0.1109375
1 0.9484375 0.621875 0.0453125 0.075
1 0.9703125 0.6140625 0.0453125 0.1234375
1 0.9828125 0.6125 0.0265625 0.15
1 0.1671875 0.59375 0.0453125 0.1265625
1 0.2875 0.5984375 0.028125 0.096875
1 0.8125 0.6109375 0.0203125 0.0640625
