1 0.315625 0.590625 0.2234375 0.49375
1 0.321875 0.4125 0.1328125 0.3890625
1 0.796875 0.50625 0.1328125 0.4328125
1 0.9109375 0.44375 0.1546875 0.4234375
1 0.1390625 0.3171875 0.1328125 0.2921875
1 0.146875 0.275 0.090625 0.265625
1 0.26875 0.2796875 0.0953125 0.2890625
1 0.4 0.20625 0.0828125 0.203125
1 0.690625 0.3546875 0.1578125 0.315625
1 0.7390625 0.321875 0.090625 0.30625
1 0.490625 0.190625 0.0609375 0.1546875
1 0.55 0.21875 0.0640625 0.203125
1 0.6140625 0.2375 0.0640625 0.225
1 0.5125 0.1953125 0.0625 0.175
1 0.590625 0.2296875 0.0734375 0.2
1 0.60625 0.2046875 0.071875 0.196875
1 0.634375 0.6609375 0.14375 0.2875
1 0.8546875 0.2890625 0.115625 0.2375
1 0.7234375 0.209375 0.0625 0.1875
1 0.7609375 0.221875 0.08125 0.221875
1 0.79375 0.1984375 0.053125 0.1609375
1 0.8203125 0.1703125 0.046875 0.140625
1 0.8515625 0.184375 0.0453125 0.159375
1 0.884375 0.1890625 0.053125 0.1546875
1 0.925 0.1875 0.0578125 0.165625
1 0.934375 0.1671875 0.053125 0.140625
1 0.7390625 0.140625 0.040625 0.1125
