1 0.415625 0.5703125 0.0265625 0.06875
0 0.41875 0.540625 0.0078125 0.0078125
1 0.446875 0.5625 0.0265625 0.075
0 0.4484375 0.5296875 0.0078125 0.0078125
1 0.4765625 0.565625 0.034375 0.06875
0 0.4734375 0.5375 0.0078125 0.0078125
1 0.490625 0.5421875 0.0078125 0.0203125
0 0.490625 0.5328125 0.0015625 0.0015625
1 0.496875 0.5421875 0.0078125 0.0203125
0 0.4984375 0.534375 0.003125 0.003125
1 0.503125 0.5375 0.0046875 0.0125
0 0.503125 0.5328125 0.0015625 0.0015625
1 0.4984375 0.534375 0.003125 0.0078125
0 0.4984375 0.53125 0 0
1 0.0109375 0.5671875 0.01875 0.04375
0 0.0109375 0.5515625 0.0046875 0.0046875