1 0.1390625 0.6484375 0.159375 0.4265625
1 0.203125 0.6640625 0.1765625 0.415625
1 0.25 0.6046875 0.1359375 0.359375
1 0.328125 0.625 0.140625 0.390625
1 0.365625 0.5875 0.1078125 0.34375
1 0.4078125 0.575 0.0828125 0.3171875
1 0.46875 0.625 0.1234375 0.3765625
1 0.51875 0.575 0.0890625 0.3078125
1 0.584375 0.6109375 0.1125 0.3296875
1 0.6109375 0.571875 0.1125 0.3265625
1 0.709375 0.571875 0.1078125 0.3359375
1 0.7 0.6296875 0.1296875 0.3875
1 0.790625 0.5890625 0.14375 0.3578125
1 0.890625 0.621875 0.1953125 0.4671875
