1 0.4265625 0.5203125 0.196875 0.428125
1 0.6609375 0.6046875 0.23125 0.534375
1 0.275 0.5390625 0.128125 0.225
1 0.378125 0.51875 0.1203125 0.234375
1 0.5625 0.50625 0.0859375 0.215625
1 0.86875 0.4953125 0.1109375 0.2453125
1 0 0.125 0 0
1 0.759375 0.575 0.1328125 0.2484375
1 0.2828125 0.4765625 0.08125 0.1875
1 0.6125 0.4859375 0.046875 0.171875
1 0.5671875 0.48125 0.05625 0.159375
1 0.615625 0.48125 0.0484375 0.1640625
1 0.6828125 0.559375 0.1203125 0.2109375
1 0.971875 0.4640625 0.053125 0.203125
1 0.865625 0.49375 0.0734375 0.2234375
1 0.871875 0.478125 0.075 0.2296875
