1 0.2046875 0.728125 0.1578125 0.2359375
1 0.359375 0.6875 0.1578125 0.2265625
1 0.49375 0.6671875 0.140625 0.2078125
1 0.590625 0.646875 0.1375 0.184375
1 0.665625 0.6265625 0.11875 0.1640625
1 0.7390625 0.609375 0.109375 0.184375
1 0.8046875 0.65 0.134375 0.2
1 0.834375 0.6125 0.075 0.203125
1 0.83125 0.5765625 0.0796875 0.1890625
1 0.7390625 0.56875 0.084375 0.1765625
1 0.709375 0.5671875 0.0859375 0.16875
1 0.65 0.5796875 0.0828125 0.1640625
1 0.590625 0.5875 0.0859375 0.1671875
1 0.5578125 0.5921875 0.1 0.1796875
1 0.48125 0.6296875 0.0953125 0.1796875
1 0.3765625 0.640625 0.109375 0.1828125
1 0.2515625 0.665625 0.1203125 0.1890625
1 0.1734375 0.64375 0.09375 0.2046875
1 0.1953125 0.6171875 0.096875 0.196875
1 0.16875 0.5921875 0.0890625 0.1921875
1 0.284375 0.6140625 0.0890625 0.171875
1 0.3515625 0.5828125 0.0875 0.18125
1 0.41875 0.5984375 0.08125 0.1484375
1 0.3875 0.553125 0.08125 0.1640625
1 0.446875 0.5578125 0.0765625 0.16875
1 0.5109375 0.5546875 0.078125 0.159375
1 0.546875 0.515625 0.0796875 0.16875
1 0.6171875 0.5390625 0.0828125 0.159375
1 0.765625 0.4375 0.078125 0.221875
1 0.71875 0.425 0.0609375 0.2046875
1 0.690625 0.425 0.0671875 0.1890625
1 0.640625 0.44375 0.0765625 0.209375
1 0.6640625 0.4359375 0.071875 0.2125
1 0.5828125 0.434375 0.078125 0.2046875
1 0.603125 0.4296875 0.071875 0.209375
1 0.5828125 0.4125 0.0671875 0.203125
1 0.55 0.4234375 0.0671875 0.1890625
1 0.509375 0.375 0.075 0.25
1 0.46875 0.4296875 0.0765625 0.2015625
1 0.4734375 0.403125 0.071875 0.21875
1 0.3484375 0.4890625 0.103125 0.2
1 0.4015625 0.471875 0.0828125 0.2078125
1 0.2546875 0.453125 0.090625 0.26875
1 0.3078125 0.3796875 0.1203125 0.3078125
1 0.409375 0.3921875 0.09375 0.2875
