1 0.953125 0.684375 0.0859375 0.290625
0 0.975 0.5703125 0.04375 0.0515625
1 0.928125 0.665625 0.1359375 0.328125
0 0.9296875 0.534375 0.04375 0.053125
1 0.7828125 0.684375 0.1390625 0.2890625
0 0.765625 0.5703125 0.0453125 0.053125
1 0.6859375 0.671875 0.128125 0.3140625
0 0.7 0.5421875 0.0453125 0.05
1 0.5734375 0.6953125 0.1296875 0.26875
0 0.5515625 0.5859375 0.046875 0.04375
1 0.484375 0.6671875 0.15 0.325
0 0.478125 0.5328125 0.04375 0.053125
1 0.3703125 0.7 0.125 0.2609375
0 0.3609375 0.5921875 0.040625 0.0421875
1 0.25625 0.690625 0.1546875 0.2796875
0 0.2359375 0.575 0.05 0.04375
1 0.1421875 0.6921875 0.1078125 0.2734375
0 0.1390625 0.5828125 0.0421875 0.0484375
1 0.0671875 0.70625 0.1328125 0.246875
0 0.05 0.6140625 0.046875 0.05625