1 0.2328125 0.7109375 0.0609375 0.21875
1 0.271875 0.728125 0.0640625 0.2609375
1 0.3203125 0.725 0.078125 0.2953125
1 0.3640625 0.70625 0.040625 0.203125
1 0.4203125 0.7234375 0.109375 0.271875
1 0.4765625 0.71875 0.0765625 0.271875
1 0.5359375 0.7296875 0.159375 0.3015625
1 0.6296875 0.725 0.096875 0.2546875
1 0.6890625 0.725 0.140625 0.2578125
1 0.7453125 0.70625 0.0828125 0.2140625
1 0.81875 0.740625 0.1375 0.303125
1 0.846875 0.7328125 0.13125 0.2734375
1 0.896875 0.703125 0.06875 0.2484375
1 0.9421875 0.7359375 0.0828125 0.2828125
1 0.9703125 0.7453125 0.0546875 0.265625
1 0.6546875 0.6515625 0.0390625 0.1640625
