1 0.115625 0.60625 0.146875 0.3453125
1 0.1296875 0.6734375 0.1046875 0.20625
1 0.203125 0.615625 0.1109375 0.26875
1 0.2171875 0.66875 0.096875 0.2125
1 0.2953125 0.684375 0.1578125 0.2
1 0.271875 0.6171875 0.084375 0.2640625
1 0.28125 0.59375 0.084375 0.2828125
1 0.325 0.66875 0.1140625 0.2015625
1 0.3390625 0.6296875 0.0890625 0.2734375
1 0.3609375 0.6015625 0.0796875 0.2921875
1 0.4203125 0.6125 0.090625 0.26875
1 0.41875 0.6765625 0.0859375 0.2
1 0.496875 0.65625 0.0953125 0.246875
1 0.4859375 0.625 0.084375 0.26875
1 0.5328125 0.628125 0.071875 0.25
1 0.5859375 0.6765625 0.109375 0.2078125
1 0.6578125 0.6734375 0.2328125 0.2078125
1 0.725 0.6765625 0.146875 0.2078125
1 0.815625 0.678125 0.109375 0.2359375
1 0.8984375 0.625 0.109375 0.3203125
1 0.803125 0.6125 0.109375 0.29375
1 0.7390625 0.6234375 0.08125 0.2703125
1 0.66875 0.6234375 0.0765625 0.265625
1 0.5875 0.609375 0.0953125 0.2953125
1 0.5296875 0.60625 0.0953125 0.3015625
1 0.46875 0.6078125 0.0828125 0.2859375
1 0.4421875 0.565625 0.084375 0.3296875
1 0.6296875 0.5796875 0.0671875 0.2234375
1 0.7015625 0.6046875 0.075 0.2421875
