1 0.109375 0.5390625 0.0921875 0.25
1 0.15625 0.5203125 0.0921875 0.2421875
1 0.190625 0.5265625 0.084375 0.2578125
1 0.2578125 0.5265625 0.0890625 0.2515625
1 0.3328125 0.5265625 0.084375 0.24375
1 0.4 0.525 0.05625 0.23125
1 0.4671875 0.53125 0.071875 0.21875
1 0.5375 0.5265625 0.084375 0.240625
1 0.615625 0.528125 0.0875 0.2375
1 0.6890625 0.53125 0.078125 0.2296875
1 0.75625 0.528125 0.078125 0.2390625
1 0.8296875 0.534375 0.0796875 0.2359375
1 0.8921875 0.528125 0.0953125 0.246875
1 0.1546875 0.521875 0.0796875 0.2421875
1 0.2390625 0.525 0.0578125 0.228125
1 0.2828125 0.5171875 0.053125 0.2296875
1 0.3109375 0.521875 0.0609375 0.225
1 0.3796875 0.5171875 0.0515625 0.2203125
1 0.3578125 0.515625 0.05 0.221875
1 0.44375 0.5203125 0.0671875 0.2109375
1 0.484375 0.5109375 0.053125 0.209375
1 0.5109375 0.5171875 0.0578125 0.21875
1 0.5765625 0.5171875 0.05625 0.2203125
1 0.640625 0.5203125 0.0609375 0.21875
1 0.6578125 0.50625 0.0578125 0.2125
1 0.7109375 0.521875 0.059375 0.2203125
1 0.7296875 0.5140625 0.05 0.209375
1 0.7796875 0.51875 0.06875 0.2234375
1 0.8078125 0.5140625 0.05 0.2015625
1 0.853125 0.5140625 0.0609375 0.21875
