1 0.0359375 0.7109375 0.059375 0.1484375
1 0.0796875 0.709375 0.0828125 0.2
1 0.1546875 0.69375 0.0515625 0.1453125
1 0.1125 0.6953125 0.0421875 0.1390625
1 0.2140625 0.7171875 0.0609375 0.1578125
1 0.2765625 0.7203125 0.0734375 0.1234375
1 0.290625 0.7078125 0.0828125 0.1453125
1 0.328125 0.6796875 0.0359375 0.0828125
1 0.38125 0.7 0.0546875 0.1140625
1 0.3515625 0.6703125 0.021875 0.053125
1 0.4078125 0.66875 0.0234375 0.0546875
1 0.4421875 0.703125 0.059375 0.13125
1 0.01953125 0.675 0.0390625 0.115625
1 0.4875 0.7078125 0.0890625 0.1484375
1 0.503125 0.703125 0.059375 0.14375
1 0.5609375 0.6703125 0.0234375 0.0578125
1 0.596875 0.675 0.0203125 0.05625
1 0.6515625 0.6890625 0.0390625 0.084375
1 0.690625 0.6890625 0.0390625 0.0859375
1 0.7078125 0.675 0.01875 0.05625
1 0.7234375 0.6875 0.0328125 0.0765625
1 0.7453125 0.6734375 0.021875 0.0609375
1 0.8140625 0.6921875 0.03125 0.08125
1 0.8375 0.69375 0.034375 0.078125
1 0.9328125 0.7078125 0.0703125 0.1421875
1 0.940625 0.7046875 0.0578125 0.146875
1 0.9546875 0.7015625 0.040625 0.096875
1 0.28125 0.7203125 0.078125 0.1171875
1 0.2765625 0.6859375 0.0359375 0.0953125
1 0.303125 0.6796875 0.0328125 0.0875
1 0.5203125 0.671875 0.0234375 0.0546875
1 0.5421875 0.66875 0.01875 0.0453125
