1 0.978125 0.5546875 0.0390625 0.3453125
1 0.9265625 0.603125 0.140625 0.4390625
1 0.953125 0.525 0.0859375 0.3125
1 0.796875 0.5359375 0.109375 0.3421875
1 0.7265625 0.5015625 0.0953125 0.321875
1 0.7265625 0.4078125 0.0765625 0.21875
1 0.878125 0.5734375 0.1953125 0.5328125
1 0.6859375 0.575 0.184375 0.53125
1 0.571875 0.50625 0.090625 0.321875
1 0.496875 0.5984375 0.1828125 0.484375
1 0.5890625 0.60625 0.309375 0.46875
1 0.40625 0.5171875 0.078125 0.290625
1 0.3734375 0.5125 0.1015625 0.3375
1 0.3171875 0.56875 0.1703125 0.4484375
1 0.2625 0.5609375 0.1296875 0.4015625
1 0.2125 0.5828125 0.2125 0.5125
1 0.1296875 0.571875 0.1328125 0.43125
1 0.071875 0.5484375 0.140625 0.3921875
1 0.04375 0.4640625 0.0859375 0.26875
