1 0.15 0.60625 0.05 0.13125
1 0.1984375 0.6046875 0.0609375 0.1375
1 0.24375 0.5578125 0.009375 0.0171875
1 0.4625 0.5703125 0.0390625 0.08125
1 0.6421875 0.6296875 0.096875 0.1046875
1 0.6375 0.628125 0.1078125 0.078125
1 0.640625 0.6109375 0.0890625 0.090625
1 0.6421875 0.603125 0.046875 0.0734375
1 0.4984375 0.559375 0.0078125 0.0234375
1 0.6078125 0.5625 0.021875 0.053125
1 0.628125 0.5640625 0.0171875 0.05
1 0.65 0.5609375 0.0125 0.040625
1 0.6828125 0.559375 0.0125 0.0140625
1 0.66875 0.55625 0.0140625 0.015625
1 0.5984375 0.559375 0.015625 0.0421875
1 0.7296875 0.56875 0.015625 0.04375
1 0.725 0.553125 0.0109375 0.0328125
1 0.7203125 0.5546875 0.009375 0.03125
1 0.7671875 0.5625 0.0140625 0.05625
1 0.6359375 0.5625 0.015625 0.0484375
