1 0.24375 0.5796875 0.0796875 0.2375
0 0.2453125 0.4828125 0.028125 0.0375
1 0.3078125 0.596875 0.1125 0.21875
0 0.2859375 0.509375 0.0234375 0.0328125
1 0.3765625 0.596875 0.0828125 0.2265625
0 0.3796875 0.5046875 0.0328125 0.0328125
1 0.4890625 0.5953125 0.1265625 0.2421875
0 0.5265625 0.4921875 0.0296875 0.03125
1 0.540625 0.60625 0.1046875 0.221875
0 0.515625 0.5171875 0.0265625 0.034375
1 0.56875 0.5953125 0.084375 0.240625
0 0.5765625 0.496875 0.0265625 0.03125
1 0.6859375 0.60625 0.109375 0.2328125
0 0.6765625 0.5125 0.0296875 0.040625
1 0.7328125 0.625 0.06875 0.20625
0 0.7265625 0.546875 0.0265625 0.0328125
1 0.796875 0.6359375 0.0828125 0.1875
0 0.796875 0.5640625 0.0296875 0.0375
1 0.8796875 0.6296875 0.09375 0.1984375
0 0.8625 0.553125 0.025 0.0390625