1 0.928125 0.6265625 0.128125 0.1484375
1 0.8734375 0.6015625 0.09375 0.1390625
1 0.809375 0.5765625 0.0734375 0.1171875
1 0.7515625 0.5546875 0.0875 0.09375
1 0.7078125 0.6390625 0.1265625 0.196875
1 0.6484375 0.6203125 0.0828125 0.1609375
1 0.5796875 0.5765625 0.0640625 0.1125
1 0.5421875 0.54375 0.0609375 0.10625
1 0.51875 0.5171875 0.0375 0.0734375
1 0.5421875 0.5015625 0.040625 0.059375
1 0.48125 0.5609375 0.1375 0.1625
1 0.3640625 0.6203125 0.234375 0.3375
1 0.3140625 0.56875 0.1875 0.221875
1 0.3359375 0.528125 0.1390625 0.1765625
1 0.078125 0.53125 0.15 0.325
1 0.1015625 0.5078125 0.1453125 0.2859375
1 0.1515625 0.4796875 0.0984375 0.203125
1 0.196875 0.471875 0.06875 0.1390625
1 0.278125 0.44375 0.0640625 0.096875
1 0.3171875 0.4390625 0.053125 0.0828125
1 0.3359375 0.4359375 0.0359375 0.0625
1 0.3578125 0.43125 0.034375 0.05
1 0.4109375 0.434375 0.0390625 0.0484375
1 0.4578125 0.4484375 0.028125 0.04375
1 0.484375 0.4484375 0.0265625 0.04375
1 0.525 0.4578125 0.03125 0.040625
1 0.546875 0.45625 0.0265625 0.0359375
1 0.578125 0.4578125 0.028125 0.040625
1 0.5953125 0.459375 0.021875 0.0328125
1 0.56875 0.490625 0.0421875 0.06875
1 0.5921875 0.4921875 0.021875 0.0609375
1 0.6078125 0.484375 0.021875 0.0453125
1 0.6328125 0.471875 0.021875 0.0453125
1 0.628125 0.5078125 0.0390625 0.0578125
1 0.6515625 0.503125 0.03125 0.05625
1 0.6734375 0.503125 0.03125 0.0625
1 0.44375 0.4875 0.0578125 0.071875
1 0.7921875 0.646875 0.0859375 0.1390625
