1 0.4390625 0.8140625 0.0515625 0.1234375
1 0.4953125 0.80625 0.028125 0.0734375
1 0.540625 0.8203125 0.0296875 0.090625
1 0.5921875 0.8234375 0.0328125 0.1
1 0.5734375 0.8234375 0.0265625 0.0921875
1 0.6609375 0.83125 0.0484375 0.10625
1 0.6234375 0.821875 0.0234375 0.084375
1 0.6390625 0.8296875 0.0265625 0.0859375
1 0.6734375 0.81875 0.028125 0.0921875
1 0.7125 0.821875 0.0328125 0.0921875
1 0.328125 0.796875 0.025 0.059375
1 0.278125 0.7859375 0.0140625 0.0359375
1 0.6046875 0.803125 0.0171875 0.0578125
1 0.546875 0.8125 0.0453125 0.0734375
