1 0.8484375 0.634375 0.209375 0.315625
0 0.80625 0.515625 0.05625 0.071875
1 0.765625 0.4875 0.1875 0.3828125
0 0.759375 0.3375 0.04375 0.0546875
1 0.703125 0.4984375 0.1328125 0.3640625
0 0.684375 0.353125 0.0421875 0.0546875
1 0.621875 0.4984375 0.1390625 0.4015625
0 0.6125 0.3625 0.0390625 0.05
1 0.5546875 0.5203125 0.128125 0.3703125
0 0.5484375 0.3734375 0.0421875 0.0484375
1 0.45625 0.503125 0.1375 0.3515625
0 0.434375 0.3546875 0.0390625 0.0484375
1 0.390625 0.5234375 0.1140625 0.359375
0 0.365625 0.3765625 0.0390625 0.0484375
1 0.28125 0.4625 0.146875 0.434375
0 0.28125 0.2828125 0.0453125 0.0609375
1 0.1984375 0.5046875 0.2046875 0.4453125
0 0.1734375 0.3203125 0.0546875 0.0640625
1 0.096875 0.5046875 0.14375 0.396875
0 0.0953125 0.3421875 0.0421875 0.0546875