1 0.89375 0.596875 0.2046875 0.465625
1 0.959375 0.565625 0.075 0.39375
1 0.84375 0.6 0.134375 0.4609375
1 0.734375 0.6171875 0.1421875 0.4265625
1 0.7 0.55625 0.096875 0.35625
1 0.6140625 0.5859375 0.3625 0.4890625
1 0.5796875 0.590625 0.1125 0.478125
1 0.44375 0.5921875 0.196875 0.475
1 0.421875 0.6296875 0.165625 0.4
1 0.4046875 0.6109375 0.1796875 0.4375
1 0.396875 0.5703125 0.1328125 0.4796875
1 0.3015625 0.5875 0.14375 0.471875
1 0.2359375 0.609375 0.15625 0.440625
1 0.1390625 0.5984375 0.275 0.4640625
1 0.0359375 0.5984375 0.06875 0.4625
1 0 0.1640625 0 0
1 0.25625 0.5640625 0.1078125 0.446875
