1 0.253125 0.521875 0.253125 0.6046875
0 0.259375 0.2375 0.0796875 0.071875
1 0.471875 0.5140625 0.1859375 0.559375
0 0.478125 0.28125 0.0609375 0.0703125
1 0.6828125 0.496875 0.2796875 0.6515625
0 0.6796875 0.203125 0.128125 0.0640625
1 0.8640625 0.434375 0.265625 0.5265625
0 0.95625 0.2078125 0.08125 0.071875
1 0.0578125 0.51875 0.1109375 0.6109375
0 0.03984375 0.50625 0.0796875 0.6375
1 0.04921875 0.49453125 0.0984375 0.2671875
0 0.0265625 0.3828125 0.021875 0.025
1 0.1171875 0.5015625 0.121875 0.28125
0 0.125 0.3875 0.0375 0.034375
1 0.3546875 0.490625 0.0828125 0.265625
0 0.3515625 0.375 0.021875 0.0234375
1 0.921875 0.471875 0.15 0.5984375
0 0.9578125 0.2171875 0.0734375 0.0765625
1 0.5640625 0.4890625 0.1390625 0.440625
0 0.5765625 0.315625 0.040625 0.04375
1 0.4609375 0.5 0.128125 0.290625
0 0.4171875 0.39375 0.025 0.0359375
1 0.5328125 0.5453125 0.075 0.0921875
0 0.5125 0.5171875 0.025 0.0234375