1 0.0703125 0.3359375 0.140625 0.2109375
1 0.125 0.559375 0.03125 0.0984375
1 0.1640625 0.5734375 0.0625 0.04375
1 0.178125 0.596875 0.04375 0.121875
1 0.2328125 0.7 0.084375 0.240625
1 0.2328125 0.53125 0.0359375 0.0609375
1 0.253125 0.6265625 0.059375 0.146875
1 0.2859375 0.578125 0.040625 0.10625
1 0.3 0.6203125 0.046875 0.11875
1 0.3578125 0.634375 0.121875 0.1625
1 0.378125 0.60625 0.0328125 0.115625
1 0.4234375 0.64375 0.0390625 0.13125
1 0.465625 0.684375 0.084375 0.1375
1 0.5015625 0.6703125 0.0796875 0.140625
1 0.459375 0.65 0.05 0.128125
1 0.446875 0.6125 0.034375 0.0953125
1 0.453125 0.5765625 0.04375 0.0984375
1 0.425 0.5796875 0.0296875 0.109375
1 0.5796875 0.6578125 0.071875 0.1765625
1 0.578125 0.6171875 0.040625 0.115625
1 0.66875 0.6875 0.090625 0.221875
1 0.6953125 0.6703125 0.071875 0.228125
1 0.8015625 0.7015625 0.084375 0.184375
1 0.7890625 0.65 0.0453125 0.1390625
1 0.85 0.5375 0.09375 0.2765625
1 0.8828125 0.6296875 0.053125 0.0890625
1 0.921875 0.6359375 0.0546875 0.103125
1 0.9578125 0.65 0.0625 0.184375
1 0.796875 0.5296875 0.025 0.04375
1 0.765625 0.5203125 0.015625 0.04375
1 0.75625 0.521875 0.015625 0.046875
1 0.7921875 0.5078125 0.015625 0.028125
1 0.7125 0.51875 0.015625 0.0234375
1 0.6890625 0.521875 0.015625 0.021875
1 0.6421875 0.51875 0.0234375 0.034375
1 0.609375 0.5234375 0.015625 0.0390625
1 0.9265625 0.5671875 0.0203125 0.03125
1 0.4359375 0.5125 0.015625 0.046875
1 0.4 0.5171875 0.021875 0.04375
1 0.384375 0.51875 0.01875 0.05
1 0.3484375 0.5109375 0.015625 0.0421875
1 0.3 0.5203125 0.01875 0.0421875
1 0.29375 0.5046875 0.015625 0.0296875
1 0.2828125 0.5203125 0.015625 0.0375
1 0.2625 0.5171875 0.01875 0.046875
1 0.2453125 0.521875 0.021875 0.046875
1 0.1671875 0.534375 0.015625 0.03125
1 0.1484375 0.521875 0.0125 0.0375
