1 0.325 0.56875 0.1515625 0.3609375
0 0.3375 0.4171875 0.0421875 0.0484375
1 0.3765625 0.54375 0.0953125 0.25625
0 0.3734375 0.4375 0.0328125 0.0359375
1 0.4125 0.5296875 0.0625 0.2375
0 0.4078125 0.4265625 0.0265625 0.0296875
1 0.4171875 0.509375 0.0546875 0.2125
0 0.421875 0.4203125 0.0203125 0.0265625
1 0.5015625 0.5578125 0.121875 0.384375
0 0.490625 0.3921875 0.0359375 0.04375
1 0.540625 0.5171875 0.078125 0.240625
0 0.5421875 0.41875 0.0234375 0.0296875
1 0.5953125 0.5375 0.078125 0.2421875
0 0.5921875 0.434375 0.03125 0.03125
1 0.553125 0.628125 0.1046875 0.29375
0 0.5515625 0.509375 0.040625 0.0484375
1 0.6859375 0.53125 0.090625 0.2546875
0 0.671875 0.4234375 0.03125 0.0328125
1 0.75625 0.540625 0.16875 0.41875
0 0.75 0.3640625 0.0484375 0.05625
1 0.8375 0.4703125 0.0484375 0.115625
0 0.8328125 0.4265625 0.015625 0.0203125