1 0.178125 0.5265625 0.1078125 0.2046875
1 0.2390625 0.525 0.121875 0.2234375
1 0.3140625 0.5234375 0.1171875 0.2171875
1 0.39375 0.51875 0.0796875 0.215625
1 0.4578125 0.51875 0.0859375 0.2171875
1 0.5265625 0.5109375 0.1203125 0.215625
1 0.4875 0.4453125 0.00625 0.015625
1 0.49375 0.4453125 0.0078125 0.0171875
1 0.615625 0.521875 0.1 0.240625
1 0.628125 0.4203125 0.109375 0.2234375
1 0.7171875 0.5125 0.128125 0.275
1 0.7890625 0.540625 0.1 0.253125
1 0.865625 0.528125 0.1265625 0.253125
1 0.515625 0.6203125 0.375 0.1296875
