1 0.3625 0.590625 0.08125 0.1203125
1 0.428125 0.5625 0.046875 0.178125
1 0.4828125 0.490625 0.0109375 0.05
1 0.48125 0.515625 0.0265625 0.0828125
1 0.528125 0.49375 0.015625 0.053125
1 0.5171875 0.490625 0.0125 0.053125
1 0.54375 0.5015625 0.00625 0.0609375
1 0.5453125 0.5109375 0.021875 0.084375
1 0.60625 0.5171875 0.0546875 0.128125
1 0.590625 0.5109375 0.028125 0.0875
1 0.5703125 0.5203125 0.05 0.10625
1 0.5625 0.53125 0.0234375 0.1015625
1 0.55625 0.528125 0.046875 0.1296875
1 0.771875 0.6234375 0.084375 0.30625
1 0.865625 0.640625 0.2046875 0.34375
1 0.515625 0.534375 0.0484375 0.1265625
