1 0.1640625 0.6015625 0.3234375 0.365625
1 0.2125 0.559375 0.3484375 0.45
1 0.4546875 0.5109375 0.2390625 0.5484375
1 0.475 0.596875 0.5171875 0.3765625
1 0.35625 0.625 0.6046875 0.3171875
1 0.628125 0.503125 0.3453125 0.365625
1 0.6078125 0.64375 0.2328125 0.28125
1 0.7125 0.6625 0.4265625 0.2421875
1 0.7703125 0.66875 0.3828125 0.2296875
1 0.7953125 0.625 0.2203125 0.3203125
1 0.85625 0.596875 0.28125 0.3765625
1 0.65 0.5953125 0.2203125 0.378125
1 0.6890625 0.5984375 0.2515625 0.371875
1 0.396875 0.596875 0.1171875 0.375
1 0.3 0.5890625 0.1703125 0.390625
