1 0.784375 0.5421875 0.2640625 0.540625
1 0.2390625 0.703125 0.109375 0.2171875
1 0.4796875 0.7171875 0.1390625 0.1890625
1 0.1421875 0.734375 0.0953125 0.15625
1 0.046875 0.721875 0.0875 0.1828125
1 0.2203125 0.5609375 0.09375 0.15625
1 0.134375 0.6046875 0.0859375 0.14375
1 0.2953125 0.5296875 0.1 0.1609375
1 0.35625 0.4921875 0.1 0.18125
1 0.44375 0.440625 0.1 0.1640625
1 0.5109375 0.4015625 0.0828125 0.1484375
1 0.575 0.35625 0.0828125 0.16875
1 0.646875 0.30625 0.0828125 0.15625
1 0.7078125 0.265625 0.08125 0.1515625
1 0.0640625 0.6421875 0.08125 0.15625
1 0.2296875 0.6484375 0.0796875 0.1359375
1 0.3078125 0.6453125 0.071875 0.14375
1 0.3609375 0.653125 0.08125 0.13125
1 0.4125 0.6578125 0.06875 0.125
1 0.4703125 0.653125 0.0703125 0.13125
1 0.4953125 0.60625 0.0796875 0.1421875
1 0.434375 0.6125 0.075 0.1359375
1 0.3671875 0.6125 0.08125 0.1359375
1 0.315625 0.6015625 0.0796875 0.1390625
1 0.5109375 0.5625 0.0828125 0.1515625
1 0.45 0.5609375 0.0796875 0.15
1 0.4078125 0.565625 0.071875 0.14375
1 0.528125 0.5109375 0.0671875 0.13125
1 0.4875 0.525 0.06875 0.1328125
1 0.084375 0.6046875 0.071875 0.140625
1 0.0375 0.6 0.075 0.1359375
1 0.171875 0.5609375 0.0671875 0.15
1 0.14375 0.525 0.0640625 0.1265625
1 0.1015625 0.525 0.059375 0.1265625
1 0.0671875 0.51875 0.06875 0.1328125
1 0.0375 0.5203125 0.0640625 0.1328125
1 0.1859375 0.5109375 0.06875 0.125
1 0.0328125 0.4734375 0.0609375 0.1359375
1 0.9625 0.440625 0.0703125 0.1296875
1 0.903125 0.4171875 0.075 0.125
1 0.9640625 0.3921875 0.0671875 0.15
1 0.9125 0.396875 0.0765625 0.1421875
1 0.9640625 0.3421875 0.065625 0.1359375
1 0.90625 0.3515625 0.071875 0.1234375
1 0.875 0.3484375 0.0765625 0.1265625
1 0.96875 0.284375 0.0546875 0.11875
1 0.8796875 0.3921875 0.065625 0.1265625
1 0.8765625 0.2953125 0.05625 0.1140625
1 0.9140625 0.2984375 0.0640625 0.11875
1 0.8765625 0.2515625 0.06875 0.1140625
1 0.9359375 0.2546875 0.065625 0.1140625
1 0.9765625 0.2515625 0.0390625 0.1171875
1 0.9390625 0.625 0.06875 0.2015625
1 0.965625 0.6484375 0.0609375 0.2015625
1 0.96875 0.7125 0.05625 0.2
1 0.6796875 0.384375 0.0703125 0.1390625
1 0.7546875 0.375 0.0609375 0.1140625
1 0.29375 0.70625 0.1203125 0.2140625
