1 0.70625 0.709375 0.1515625 0.325
0 0.696875 0.6 0.0640625 0.0984375
1 0.5671875 0.6953125 0.171875 0.3515625
0 0.5453125 0.5671875 0.0640625 0.0890625
1 0.4546875 0.6921875 0.1796875 0.359375
0 0.4109375 0.5625 0.06875 0.090625
1 0.3296875 0.7046875 0.1515625 0.3328125
0 0.3015625 0.5859375 0.0671875 0.0859375
1 0.2125 0.6671875 0.1546875 0.409375
0 0.2375 0.5109375 0.075 0.0875
1 0.165625 0.615625 0.1796875 0.5125
0 0.184375 0.3984375 0.0640625 0.071875
1 0.2921875 0.634375 0.1171875 0.4734375
0 0.2921875 0.4453125 0.05625 0.075
1 0.459375 0.634375 0.2265625 0.4734375
0 0.4140625 0.45 0.059375 0.0890625
1 0.521875 0.6359375 0.13125 0.44375
0 0.521875 0.453125 0.05625 0.0765625
1 0.64375 0.6390625 0.13125 0.465625
0 0.6421875 0.4453125 0.059375 0.0765625
1 0.8734375 0.6296875 0.16875 0.484375
0 0.821875 0.434375 0.0625 0.0796875
1 0.759375 0.646875 0.11875 0.45
0 0.7640625 0.4671875 0.059375 0.0765625