1 0.025 0.3859375 0.046875 0.2046875
1 0.0390625 0.6078125 0.075 0.3484375
1 0.0625 0.603125 0.121875 0.375
1 0.103125 0.603125 0.1359375 0.36875
1 0.1546875 0.5484375 0.14375 0.3296875
1 0.25 0.609375 0.1515625 0.390625
1 0.38125 0.5484375 0.1609375 0.3359375
1 0.415625 0.590625 0.1953125 0.3640625
1 0.4734375 0.375 0.09375 0.2703125
1 0.6109375 0.3578125 0.1125 0.26875
1 0.6015625 0.58125 0.128125 0.3875
1 0.7546875 0.3546875 0.1046875 0.2421875
1 0.9125 0.3375 0.0859375 0.2375
1 0.9265625 0.43125 0.121875 0.2328125
1 0.75 0.5796875 0.1375 0.384375
1 0.7484375 0.56875 0.1171875 0.3875
