1 0.1125 0.50625 0.115625 0.4296875
1 0.153125 0.4828125 0.1875 0.390625
1 0.2484375 0.5828125 0.184375 0.28125
1 0.2765625 0.4625 0.1140625 0.4140625
1 0.3296875 0.5 0.1125 0.4109375
1 0.3671875 0.4609375 0.0875 0.4046875
1 0.4421875 0.4921875 0.2171875 0.434375
1 0.453125 0.4625 0.1 0.38125
1 0.5625 0.45 0.1203125 0.421875
1 0.58125 0.4875 0.11875 0.384375
1 0.5640625 0.5953125 0.171875 0.3015625
1 0.6734375 0.471875 0.2609375 0.43125
1 0.7390625 0.4640625 0.1828125 0.4890625
1 0.4984375 0.4921875 0.0984375 0.446875
