1 0.1 0.5375 0.1171875 0.35625
1 0.1953125 0.5390625 0.10625 0.2359375
1 0.325 0.5234375 0.08125 0.190625
1 0.40625 0.534375 0.1046875 0.234375
1 0.446875 0.528125 0.06875 0.1953125
1 0.4953125 0.51875 0.06875 0.175
1 0.5171875 0.5296875 0.10625 0.1828125
1 0.5515625 0.565625 0.1 0.25
1 0.6453125 0.590625 0.196875 0.275
1 0.6375 0.546875 0.1296875 0.240625
1 0.6953125 0.496875 0.06875 0.1375
1 0.7359375 0.515625 0.059375 0.18125
1 0.7609375 0.54375 0.0859375 0.2375
1 0.7953125 0.5546875 0.1125 0.2265625
1 0.771875 0.6578125 0.4171875 0.425
1 0.8890625 0.53125 0.0796875 0.2265625
1 0.93125 0.5078125 0.1 0.21875
1 0.890625 0.65625 0.209375 0.4078125
