1 0.1578125 0.6953125 0.0265625 0.065625
1 0.2109375 0.696875 0.0296875 0.065625
1 0.1375 0.70625 0.015625 0.0375
1 0.2765625 0.6859375 0.0125 0.0359375
1 0.321875 0.7 0.021875 0.053125
1 0.325 0.690625 0.01875 0.05
1 0.34375 0.6890625 0.015625 0.046875
1 0.371875 0.6890625 0.0140625 0.040625
1 0.3828125 0.69375 0.009375 0.03125
1 0.4 0.6890625 0.015625 0.040625
1 0.4125 0.6890625 0.0125 0.040625
1 0.4203125 0.7046875 0.0125 0.04375
1 0.43125 0.6984375 0.01875 0.05625
1 0.44375 0.6890625 0.009375 0.0296875
1 0.4515625 0.690625 0.009375 0.028125
1 0.465625 0.6890625 0.0125 0.0328125
1 0.496875 0.6859375 0.0109375 0.03125
1 0.5625 0.6859375 0.009375 0.0296875
1 0.5515625 0.6859375 0.0109375 0.0296875
1 0.546875 0.6859375 0.0109375 0.0296875
1 0.540625 0.6875 0.009375 0.0265625
1 0.6 0.7046875 0.04375 0.084375
1 0.68125 0.7 0.021875 0.0484375
1 0.7 0.696875 0.015625 0.04375
1 0.7171875 0.696875 0.0125 0.0453125
1 0.7296875 0.6953125 0.015625 0.053125
1 0.759375 0.696875 0.021875 0.053125
1 0.86875 0.715625 0.046875 0.034375
1 0.034375 0.7046875 0.0359375 0.0828125
1 0.675 0.709375 0.015625 0.021875
1 0.4796875 0.6859375 0.0109375 0.0296875
1 0.734375 0.6984375 0.0125 0.0453125
1 0.19375 0.678125 0.0109375 0.0265625
1 0.3 0.6828125 0.009375 0.0328125
1 0.271875 0.6828125 0.0109375 0.0328125
1 0.3125 0.684375 0.009375 0.0296875
1 0.3609375 0.6875 0.009375 0.028125
1 0.353125 0.684375 0.0109375 0.0265625
