1 0.775 0.65625 0.2484375 0.35625
1 0.6734375 0.68125 0.190625 0.30625
1 0.5515625 0.6953125 0.1640625 0.278125
1 0.375 0.6671875 0.221875 0.334375
1 0.3 0.709375 0.11875 0.25
1 0.16875 0.69375 0.1375 0.28125
1 0.1234375 0.7078125 0.1015625 0.253125
1 0.0984375 0.7015625 0.0921875 0.2421875
1 0.053125 0.70625 0.071875 0.2296875
1 0.01875 0.6796875 0.0359375 0.1515625
1 0.2640625 0.7125 0.071875 0.24375
1 0.2921875 0.709375 0.1 0.2484375
1 0.4578125 0.6921875 0.0765625 0.2328125
1 0.590625 0.7 0.05625 0.221875
1 0.6296875 0.69375 0.090625 0.28125
