1 0.2390625 0.55625 0.125 0.3859375
0 0.2453125 0.396875 0.04375 0.046875
1 0.35 0.5671875 0.1109375 0.3734375
0 0.35625 0.4078125 0.040625 0.05
1 0.446875 0.5515625 0.115625 0.39375
0 0.4546875 0.3859375 0.0390625 0.0515625
1 0.55 0.553125 0.1171875 0.4125
0 0.54375 0.4015625 0.04375 0.04375
1 0.6390625 0.5703125 0.1203125 0.3625
0 0.6390625 0.41875 0.040625 0.05
1 0.7265625 0.5640625 0.115625 0.3796875
0 0.7203125 0.4015625 0.040625 0.053125
1 0.771875 0.615625 0.10625 0.3875
0 0.775 0.453125 0.0390625 0.0484375
1 0.8328125 0.5984375 0.11875 0.4078125
0 0.8265625 0.428125 0.0453125 0.05625