1 0.1953125 0.546875 0.0734375 0.1796875
1 0.078125 0.5625 0.084375 0.175
1 0.278125 0.5078125 0.021875 0.0578125
1 0.3171875 0.509375 0.028125 0.08125
1 0.346875 0.5140625 0.0421875 0.084375
1 0.3765625 0.509375 0.0234375 0.0671875
1 0.384375 0.5078125 0.0171875 0.065625
1 0.3046875 0.50625 0.021875 0.0625
1 0.265625 0.50625 0.0203125 0.046875
1 0.0296875 0.5109375 0.0265625 0.0546875
1 0.2546875 0.49375 0.0109375 0.025
1 0.2875 0.503125 0.015625 0.04375
1 0.35 0.5 0.0171875 0.0421875
1 0.35625 0.4921875 0.0078125 0.028125
