1 0.665625 0.7375 0.0359375 0.1109375
1 0.640625 0.7078125 0.03125 0.1046875
1 0.6328125 0.7390625 0.0328125 0.10625
1 0.6078125 0.703125 0.0328125 0.0953125
1 0.615625 0.7125 0.0265625 0.0890625
1 0.6015625 0.734375 0.0359375 0.1171875
1 0.584375 0.6890625 0.0296875 0.090625
1 0.5796875 0.7203125 0.0265625 0.1046875
1 0.5671875 0.740625 0.0359375 0.1078125
1 0.5640625 0.7109375 0.025 0.103125
1 0.5484375 0.721875 0.028125 0.10625
1 0.5328125 0.7359375 0.0359375 0.1125
1 0.53125 0.6953125 0.0265625 0.090625
1 0.5171875 0.7203125 0.0234375 0.1078125
1 0.496875 0.740625 0.034375 0.1078125
1 0.5140625 0.690625 0.025 0.0984375
1 0.5 0.7078125 0.0265625 0.1125
1 0.4640625 0.7375 0.0328125 0.1140625
1 0.48125 0.7203125 0.0265625 0.1015625
1 0.4828125 0.690625 0.025 0.0984375
1 0.465625 0.7109375 0.0296875 0.1140625
1 0.4453125 0.7234375 0.0296875 0.1046875
1 0.4453125 0.6953125 0.0265625 0.1125
1 0.41875 0.6953125 0.028125 0.0984375
1 0.4265625 0.7390625 0.0359375 0.109375
1 0.4109375 0.7203125 0.0296875 0.1140625
1 0.3984375 0.6953125 0.0296875 0.1078125
1 0.390625 0.740625 0.0359375 0.1078125
1 0.3890625 0.7046875 0.025 0.0984375
1 0.3765625 0.7203125 0.0296875 0.10625
1 0.3671875 0.690625 0.03125 0.1015625
1 0.3515625 0.7390625 0.0328125 0.1109375
1 0.35625 0.7109375 0.0234375 0.1015625
1 0.340625 0.721875 0.0265625 0.10625
1 0.315625 0.734375 0.0390625 0.1171875
1 0.2875 0.7390625 0.0359375 0.1125
