1 0.855556 0.483750 0.051852 0.072500
1 0.719444 0.502500 0.031481 0.045000
1 0.640741 0.436250 0.051852 0.082500
1 0.536111 0.463750 0.042593 0.062500
1 0.421296 0.560000 0.016667 0.025000
1 0.362037 0.535000 0.020370 0.035000
1 0.307407 0.550000 0.018519 0.035000
1 0.231481 0.563750 0.014815 0.022500
1 0.277778 0.575000 0.014815 0.025000
1 0.182407 0.571250 0.012963 0.017500
1 0.161111 0.581250 0.018519 0.027500
1 0.118519 0.592500 0.011111 0.020000
1 0.082407 0.526250 0.027778 0.047500
1 0.436111 0.562500 0.012963 0.020000
