1 0.196875 0.565625 0.2265625 0.5265625
0 0.18125 0.2875 0.096875 0.109375
1 0.2765625 0.5140625 0.1921875 0.5390625
0 0.25625 0.3046875 0.0671875 0.06875
1 0.4609375 0.546875 0.271875 0.565625
0 0.4546875 0.2796875 0.0796875 0.1140625
1 0.5109375 0.578125 0.3171875 0.5046875
0 0.484375 0.303125 0.121875 0.1640625
1 0.6015625 0.421875 0.075 0.2828125
0 0.5953125 0.3125 0.0515625 0.0484375
1 0.6328125 0.3515625 0.03125 0.09375
0 0.634375 0.321875 0.0125 0.015625
1 0.85625 0.2734375 0.0390625 0.109375
0 0.85625 0.2296875 0.009375 0.009375
1 0.696875 0.53125 0.171875 0.5984375
0 0.7234375 0.2890625 0.084375 0.0984375
1 0.865625 0.55625 0.2296875 0.546875
0 0.9 0.31875 0.090625 0.1015625
1 0.8875 0.590625 0.21875 0.4765625
0 0.8578125 0.39375 0.1375 0.1578125