1 0.1796875 0.5390625 0.25 0.478125
0 0.1984375 0.315625 0.084375 0.0875
1 0.0703125 0.5390625 0.1375 0.478125
0 0.1 0.3203125 0.0734375 0.0875
1 0.13125 0.53125 0.1484375 0.4921875
0 0.1328125 0.3296875 0.0578125 0.078125
1 0.86875 0.5609375 0.1453125 0.39375
0 0.8453125 0.396875 0.0484375 0.0609375
1 0.6078125 0.540625 0.0890625 0.278125
0 0.6 0.4203125 0.028125 0.025
1 0.725 0.534375 0.084375 0.2953125
0 0.7296875 0.415625 0.0328125 0.0453125
1 0.8078125 0.5421875 0.0890625 0.2921875
0 0.8109375 0.4203125 0.03125 0.0390625
1 0.9265625 0.5078125 0.0703125 0.303125
0 0.928125 0.38125 0.0296875 0.0359375
1 0.671875 0.5578125 0.0671875 0.2453125
0 0.66875 0.453125 0.028125 0.03125
1 0.6765625 0.546875 0.0640625 0.2640625
0 0.6796875 0.434375 0.0296875 0.034375