1 0.4640625 0.5125 0.134375 0.4703125
1 0.0140625 0.4734375 0.0265625 0.1625
1 0.0453125 0.4859375 0.0875 0.2046875
1 0.0609375 0.478125 0.0515625 0.178125
1 0.103125 0.4796875 0.08125 0.196875
1 0.13125 0.4765625 0.0640625 0.1890625
1 0.1703125 0.4984375 0.0875 0.2140625
1 0.16875 0.5296875 0.075 0.228125
1 0.2203125 0.5640625 0.109375 0.2796875
1 0.2125 0.49375 0.0515625 0.1859375
1 0.2390625 0.540625 0.0765625 0.24375
1 0.2921875 0.5578125 0.071875 0.25
1 0.2625 0.453125 0.059375 0.1546875
1 0.2875 0.4875 0.0640625 0.190625
1 0.4703125 0.546875 0.1140625 0.290625
1 0.3390625 0.5625 0.084375 0.2625
1 0.3703125 0.5484375 0.08125 0.2546875
1 0.3984375 0.5484375 0.071875 0.2296875
1 0.3453125 0.5125 0.04375 0.1921875
1 0.515625 0.5484375 0.08125 0.25625
1 0.53125 0.5 0.0796875 0.215625
1 0.5984375 0.55625 0.1140625 0.2421875
1 0.60625 0.51875 0.096875 0.25625
1 0.671875 0.5671875 0.134375 0.29375
1 0.7140625 0.5234375 0.071875 0.234375
1 0.753125 0.5515625 0.08125 0.2640625
1 0.759375 0.540625 0.0921875 0.24375
1 0.790625 0.5328125 0.0640625 0.23125
1 0.853125 0.5265625 0.08125 0.2625
1 0.878125 0.5140625 0.0953125 0.246875
1 0.9140625 0.546875 0.1 0.25625
1 0.96875 0.5625 0.0578125 0.2859375
1 0.784375 0.56875 0.11875 0.284375
