1 0.787500 0.779343 0.014583 0.021909
1 0.816146 0.798122 0.017708 0.031299
1 0.806771 0.762128 0.011458 0.018779
1 0.834375 0.806729 0.025000 0.045383
1 0.911979 0.830203 0.032292 0.051643
1 0.919792 0.775430 0.014583 0.020344
1 0.713542 0.877152 0.060417 0.107981
1 0.546354 0.845070 0.036458 0.056338
1 0.575000 0.840376 0.025000 0.043818
1 0.621354 0.828638 0.026042 0.051643
1 0.031250 0.789515 0.062500 0.089202
1 0.105208 0.770736 0.072917 0.123631
1 0.250521 0.936620 0.082292 0.117371
1 0.298958 0.861502 0.056250 0.082942
1 0.386979 0.893584 0.055208 0.087637
1 0.432812 0.805164 0.021875 0.035994
1 0.402604 0.835681 0.019792 0.034429
1 0.330729 0.818466 0.028125 0.043818
1 0.216146 0.831768 0.028125 0.042254
1 0.750000 0.805947 0.016667 0.028169
1 0.721875 0.803599 0.020833 0.042254
1 0.671875 0.813772 0.020833 0.037559
1 0.681771 0.865415 0.019792 0.034429
1 0.983333 0.822379 0.033333 0.067293
1 0.982292 0.904538 0.035417 0.078247
1 0.981771 0.769953 0.021875 0.031299
