1 0.59375 0.4953125 0.3046875 0.53125
1 0.271875 0.4953125 0.421875 0.6
1 0.796875 0.3578125 0.1140625 0.359375
1 0.9359375 0.3421875 0.0796875 0.26875
1 0.86875 0.3390625 0.084375 0.2640625
1 0.03125 0.30625 0.059375 0.25
1 0.0828125 0.3 0.0765625 0.2546875
1 0.5109375 0.328125 0.05625 0.1796875
1 0.4453125 0.3234375 0.075 0.2375
1 0.3984375 0.3265625 0.0703125 0.228125
1 0.4703125 0.2734375 0.0625 0.2171875
1 0.9703125 0.33125 0.0546875 0.2984375
1 0.9625 0.3078125 0.06875 0.2734375
1 0.8796875 0.2875 0.0921875 0.309375
1 0.921875 0.26875 0.075 0.25
1 0.9671875 0.2640625 0.059375 0.2546875
1 0.765625 0.33125 0.1078125 0.259375
1 0.80625 0.3046875 0.0796875 0.2515625
1 0.8359375 0.3015625 0.065625 0.265625
1 0.6875 0.3265625 0.0890625 0.259375
1 0.6171875 0.3203125 0.0953125 0.2671875
1 0.5765625 0.296875 0.0734375 0.2421875
1 0.65625 0.265625 0.090625 0.2640625
1 0.7375 0.2984375 0.0875 0.2515625
1 0.5109375 0.253125 0.0546875 0.2421875
1 0.440625 0.2625 0.0640625 0.2203125
1 0.3875 0.290625 0.071875 0.2203125
1 0.371875 0.2796875 0.0734375 0.228125
1 0.11875 0.3078125 0.0828125 0.2453125
1 0.4828125 0.3078125 0.059375 0.2109375
1 0.521875 0.3 0.0796875 0.225
1 0.553125 0.2703125 0.0671875 0.2078125
1 0.5484375 0.275 0.059375 0.1953125
1 0.6046875 0.2703125 0.0921875 0.2078125
1 0.1046875 0.2734375 0.0546875 0.1890625
