1 0.009375 0.615625 0.01875 0.0515625
1 0.0375 0.6265625 0.028125 0.0640625
1 0.0609375 0.621875 0.025 0.05
1 0.0484375 0.61875 0.0171875 0.046875
1 0.0546875 0.6171875 0.0109375 0.046875
1 0.0875 0.63125 0.021875 0.065625
1 0.0953125 0.640625 0.03125 0.071875
1 0.10625 0.6375 0.0296875 0.0765625
1 0.121875 0.6640625 0.04375 0.125
1 0.1421875 0.671875 0.04375 0.13125
1 0.196875 0.68125 0.0421875 0.14375
1 0.2578125 0.6984375 0.0953125 0.175
1 0.284375 0.68125 0.0515625 0.165625
1 0.3015625 0.7234375 0.0953125 0.2140625
1 0.359375 0.703125 0.1359375 0.25625
1 0.4765625 0.7140625 0.1109375 0.2328125
1 0.528125 0.70625 0.090625 0.25
1 0.5859375 0.71875 0.15625 0.225
1 0.7234375 0.728125 0.0984375 0.20625
