1 0.2265625 0.6046875 0.196875 0.4140625
1 0.3734375 0.571875 0.1359375 0.4375
1 0.4609375 0.6171875 0.15625 0.3828125
1 0.5703125 0.6109375 0.31875 0.390625
1 0.678125 0.609375 0.3140625 0.40625
1 0.7234375 0.6125 0.2234375 0.390625
1 0.815625 0.65625 0.1796875 0.403125
1 0.54375 0.4234375 0.00625 0.01875
1 0.671875 0.45 0.0359375 0.0734375
1 0.684375 0.471875 0.04375 0.0828125
1 0.690625 0.4375 0.0171875 0.0390625
1 0.7625 0.4390625 0.0171875 0.046875
1 0.7875 0.4359375 0.025 0.0515625
1 0.7984375 0.4328125 0.0171875 0.0359375
1 0.8140625 0.4203125 0.009375 0.0234375
1 0.8265625 0.421875 0.0109375 0.0234375
1 0.86875 0.4234375 0.015625 0.0359375
1 0.8859375 0.434375 0.015625 0.0390625
1 0.940625 0.4171875 0.009375 0.025
1 0.9359375 0.415625 0.0140625 0.0265625
1 0.771875 0.421875 0.0125 0.025
1 0.7609375 0.4296875 0.015625 0.01875
1 0.7671875 0.4359375 0.0171875 0.0421875
1 0.740625 0.4328125 0.0203125 0.040625
1 0.7140625 0.43125 0.015625 0.0359375
1 0.709375 0.4421875 0.021875 0.05
1 0.5046875 0.453125 0.028125 0.0421875
