1 0.0546875 0.58125 0.1015625 0.2515625
1 0.15 0.584375 0.075 0.240625
1 0.1796875 0.5828125 0.1640625 0.3984375
1 0.18125 0.6453125 0.0859375 0.2796875
1 0.3046875 0.6203125 0.1296875 0.2203125
1 0.2890625 0.5375 0.165625 0.5125
1 0.3953125 0.628125 0.1375 0.35625
1 0.459375 0.603125 0.146875 0.3015625
1 0.521875 0.6359375 0.1 0.28125
1 0.6 0.565625 0.071875 0.1984375
1 0.6484375 0.609375 0.1171875 0.334375
1 0.6375 0.5765625 0.04375 0.15625
1 0.7578125 0.5859375 0.059375 0.1203125
1 0.784375 0.6296875 0.09375 0.2390625
