1 0.046875 0.5203125 0.0671875 0.178125
1 0.065625 0.5109375 0.053125 0.165625
1 0.1078125 0.5203125 0.078125 0.1875
1 0.153125 0.5265625 0.05625 0.18125
1 0.20625 0.528125 0.0703125 0.18125
1 0.2765625 0.540625 0.08125 0.1453125
1 0.0796875 0.628125 0.15625 0.28125
1 0.04375 0.7125 0.0828125 0.31875
1 0.15 0.7125 0.1890625 0.3203125
1 0.2234375 0.6171875 0.1328125 0.259375
1 0.296875 0.5765625 0.109375 0.19375
1 0.33125 0.71875 0.184375 0.30625
1 0.340625 0.6296875 0.1515625 0.265625
1 0.378125 0.5796875 0.1171875 0.20625
1 0.4515625 0.559375 0.0796875 0.1921875
1 0.4921875 0.5765625 0.0796875 0.2171875
1 0.4515625 0.6453125 0.1390625 0.26875
1 0.5046875 0.7953125 0.1390625 0.1546875
1 0.603125 0.8015625 0.11875 0.1421875
1 0.7265625 0.7859375 0.1671875 0.1734375
1 0.5859375 0.521875 0.0671875 0.19375
1 0.578125 0.6 0.11875 0.234375
1 0.634375 0.5671875 0.0890625 0.18125
1 0.65625 0.53125 0.065625 0.1421875
1 0.709375 0.6375 0.1453125 0.2625
1 0.7421875 0.5203125 0.0546875 0.1546875
1 0.79375 0.51875 0.0546875 0.1765625
1 0.7390625 0.525 0.059375 0.15
1 0.8125 0.6515625 0.1890625 0.3328125
1 0.8984375 0.690625 0.196875 0.315625
1 0.896875 0.734375 0.2 0.275
