1 0.759375 0.625 0.4703125 0.40625
1 0.2890625 0.6171875 0.51875 0.4203125
1 0.1015625 0.59375 0.1953125 0.4265625
1 0.26875 0.4984375 0.1609375 0.35
1 0.7203125 0.565625 0.2796875 0.4421875
1 0.5890625 0.525 0.190625 0.4140625
1 0.528125 0.4875 0.1265625 0.315625
1 0.303125 0.440625 0.13125 0.228125
1 0.08125 0.478125 0.15625 0.2390625
1 0.05546875 0.45078125 0.1109375 0.2640625
1 0.103125 0.3828125 0.0640625 0.134375
1 0.1734375 0.4109375 0.08125 0.1703125
1 0.3796875 0.403125 0.0765625 0.1640625
1 0.43125 0.38125 0.05625 0.1359375
1 0.690625 0.434375 0.1265625 0.23125
1 0.8703125 0.4265625 0.0890625 0.21875
1 0.9640625 0.4203125 0.0625 0.2328125
1 0.9359375 0.4140625 0.0796875 0.2015625
1 0.9390625 0.396875 0.0703125 0.203125
1 0.8125 0.390625 0.06875 0.18125
1 0.790625 0.3625 0.05 0.1421875
1 0.765625 0.375 0.065625 0.1421875
1 0.4828125 0.346875 0.0359375 0.0828125
1 0.45625 0.33125 0.03125 0.0703125
1 0.6734375 0.38125 0.0515625 0.1609375
1 0.7359375 0.371875 0.05625 0.1453125
1 0.834375 0.3671875 0.0515625 0.146875
1 0.6359375 0.403125 0.065625 0.178125
1 0.56875 0.38125 0.05625 0.1609375
1 0.19375 0.375 0.0515625 0.1171875
