1 0.0578125 0.440625 0.0625 0.1859375
1 0.9578125 0.6984375 0.0765625 0.259375
1 0.9296875 0.6578125 0.115625 0.2078125
1 0.859375 0.6375 0.128125 0.1796875
1 0.75625 0.590625 0.1265625 0.1671875
1 0.7171875 0.575 0.1046875 0.1453125
1 0.6859375 0.5625 0.09375 0.125
1 0.6609375 0.553125 0.0859375 0.125
1 0.6359375 0.546875 0.0765625 0.1125
1 0.6203125 0.53125 0.075 0.1125
1 0.578125 0.5171875 0.0671875 0.1015625
1 0.4859375 0.440625 0.0171875 0.0453125
1 0.59375 0.44375 0.0203125 0.040625
1 0.5515625 0.5078125 0.05 0.090625
1 0.66875 0.5234375 0.053125 0.09375
1 0.7046875 0.528125 0.0515625 0.0953125
1 0.73125 0.5328125 0.0625 0.1125
1 0.76875 0.5484375 0.0671875 0.11875
1 0.80625 0.55625 0.06875 0.125
1 0.846875 0.5703125 0.06875 0.1453125
1 0.89375 0.584375 0.0765625 0.1359375
1 0.934375 0.5921875 0.071875 0.1375
1 0.953125 0.615625 0.0859375 0.1609375
1 0.909375 0.55625 0.0578125 0.109375
1 0.8796875 0.540625 0.046875 0.0828125
1 0.803125 0.609375 0.1046875 0.171875
