1 0.7234375 0.5890625 0.1171875 0.1859375
0 0.71875 0.5140625 0.0328125 0.034375
1 0.828125 0.590625 0.0859375 0.2046875
0 0.834375 0.5078125 0.03125 0.0359375
1 0.9265625 0.603125 0.10625 0.2140625
0 0.925 0.5171875 0.034375 0.0375
1 0.5125 0.590625 0.1671875 0.1625
0 0.4609375 0.528125 0.034375 0.0375
1 0.440625 0.6140625 0.1171875 0.21875
0 0.4140625 0.5296875 0.034375 0.04375
1 0.396875 0.615625 0.16875 0.2546875
0 0.3859375 0.5171875 0.046875 0.05
1 0.2921875 0.653125 0.11875 0.2359375
0 0.2890625 0.5671875 0.0546875 0.0625
1 0.15625 0.7109375 0.2109375 0.325
0 0.190625 0.5890625 0.071875 0.0765625
1 0.328125 0.7375 0.2859375 0.2703125
0 0.340625 0.678125 0.11875 0.128125
1 0.6765625 0.6890625 0.4046875 0.3671875
0 0.6875 0.7921875 0.1734375 0.159375