1 0.0734375 0.565625 0.1 0.3078125
1 0.0734375 0.5375 0.10625 0.3390625
1 0.14375 0.471875 0.115625 0.3765625
1 0.15625 0.5390625 0.0890625 0.3359375
1 0.1890625 0.55 0.1078125 0.384375
1 0.2234375 0.4828125 0.0828125 0.3140625
1 0.2203125 0.5015625 0.078125 0.296875
1 0.253125 0.48125 0.075 0.3203125
1 0.2546875 0.5453125 0.1375 0.39375
1 0.2984375 0.5171875 0.1140625 0.3765625
1 0.30625 0.5640625 0.1 0.35625
1 0.3296875 0.4921875 0.0984375 0.346875
1 0.36875 0.53125 0.171875 0.38125
1 0.384375 0.5203125 0.1046875 0.38125
1 0.403125 0.4953125 0.09375 0.3546875
1 0.4390625 0.5 0.0859375 0.3359375
1 0.4265625 0.49375 0.0921875 0.3578125
1 0.4046875 0.559375 0.159375 0.3625
1 0.425 0.5265625 0.109375 0.346875
1 0.4625 0.5390625 0.1046875 0.35625
1 0.484375 0.490625 0.0875 0.3203125
1 0.5328125 0.509375 0.1359375 0.3828125
1 0.571875 0.5296875 0.11875 0.375
1 0.5984375 0.58125 0.10625 0.3203125
1 0.6453125 0.521875 0.1171875 0.3640625
1 0.671875 0.4984375 0.0765625 0.3015625
1 0.734375 0.5203125 0.1234375 0.3453125
1 0.8046875 0.4828125 0.09375 0.2859375
1 0.875 0.4921875 0.0890625 0.2828125
1 0.83125 0.5859375 0.1203125 0.2
1 0.890625 0.5875 0.1015625 0.1953125
