1 0.315625 0.7171875 0.2859375 0.478125
0 0.2859375 0.54375 0.0953125 0.1125
1 0.76875 0.725 0.11875 0.43125
0 0.8125 0.571875 0.034375 0.10625
1 0.6890625 0.6265625 0.1703125 0.29375
0 0.6875 0.51875 0.0640625 0.0609375
1 0.634375 0.565625 0.1171875 0.23125
0 0.6453125 0.48125 0.05 0.05625
1 0.596875 0.528125 0.0984375 0.1953125
0 0.609375 0.459375 0.0421875 0.040625
1 0.54375 0.4828125 0.059375 0.1078125
0 0.540625 0.446875 0.021875 0.025
1 0.3421875 0.6515625 0.1890625 0.2953125
0 0.321875 0.5421875 0.05 0.0703125
1 0.3625 0.5921875 0.1515625 0.275
0 0.3578125 0.490625 0.05625 0.059375
1 0.5578125 0.509375 0.071875 0.1546875
0 0.5640625 0.4515625 0.0359375 0.0359375