1 0.0296875 0.4875 0.0578125 0.2015625
1 0.040625 0.415625 0.015625 0.0421875
1 0.028125 0.4828125 0.053125 0.18125
1 0.171875 0.509375 0.1515625 0.2515625
1 0.1125 0.4125 0.0125 0.0375
1 0.128125 0.421875 0.0125 0.040625
1 0.2359375 0.4171875 0.0125 0.0390625
1 0.2671875 0.4140625 0.009375 0.0265625
1 0.228125 0.4140625 0.009375 0.0296875
1 0.278125 0.4140625 0.0140625 0.0359375
1 0.4546875 0.415625 0.015625 0.0296875
1 0.5828125 0.4171875 0.0078125 0.025
1 0.425 0.496875 0.13125 0.253125
1 0.5078125 0.4828125 0.0515625 0.1671875
1 0.65 0.5265625 0.14375 0.2609375
1 0.6796875 0.4984375 0.109375 0.2328125
1 0.6625 0.48125 0.0671875 0.2109375
1 0.7625 0.4875 0.1 0.18125
1 0.7703125 0.4703125 0.08125 0.18125
1 0.8640625 0.4671875 0.059375 0.1671875
1 0.890625 0.4875 0.0703125 0.209375
1 0.9546875 0.5078125 0.0859375 0.25
1 0.9734375 0.528125 0.05 0.296875
