1 0.0546875 0.475 0.1078125 0.2765625
1 0.0671875 0.4734375 0.13125 0.29375
1 0.1140625 0.4703125 0.090625 0.303125
1 0.1375 0.4484375 0.109375 0.2890625
1 0.1734375 0.4703125 0.0984375 0.359375
1 0.209375 0.4703125 0.0796875 0.278125
1 0.2375 0.4703125 0.0828125 0.2859375
1 0.2453125 0.4453125 0.0875 0.2859375
1 0.2578125 0.4546875 0.075 0.25625
1 0.3 0.459375 0.0828125 0.284375
1 0.328125 0.4796875 0.1140625 0.35625
1 0.346875 0.4765625 0.109375 0.328125
1 0.384375 0.4859375 0.1484375 0.371875
1 0.4109375 0.46875 0.0875 0.309375
1 0.4640625 0.3546875 0.04375 0.0859375
1 0.465625 0.46875 0.0828125 0.2984375
1 0.515625 0.471875 0.140625 0.328125
1 0.515625 0.5046875 0.1375 0.421875
1 0.540625 0.48125 0.10625 0.3859375
1 0.5546875 0.4796875 0.1171875 0.3359375
1 0.6015625 0.5078125 0.134375 0.3921875
1 0.628125 0.484375 0.1171875 0.3484375
1 0.6421875 0.51875 0.171875 0.4484375
1 0.7 0.4984375 0.0921875 0.34375
1 0.7234375 0.4890625 0.0796875 0.31875
1 0.746875 0.4828125 0.090625 0.3078125
1 0.8375 0.5171875 0.10625 0.3109375
1 0.9171875 0.4546875 0.0984375 0.221875
