1 0.6609375 0.6375 0.3640625 0.3875
1 0.10625 0.6640625 0.2109375 0.33125
1 0.284375 0.3109375 0.0875 0.2296875
1 0.3484375 0.2984375 0.071875 0.221875
1 0.43125 0.2875 0.0765625 0.2
1 0.49375 0.2984375 0.08125 0.19375
1 0.1796875 0.325 0.0765625 0.153125
1 0.1390625 0.3125 0.071875 0.1828125
1 0.1421875 0.29375 0.0765625 0.1890625
1 0.6453125 0.309375 0.0671875 0.2109375
1 0.609375 0.30625 0.0875 0.221875
1 0.74375 0.296875 0.0984375 0.1890625
1 0.9171875 0.28125 0.096875 0.2109375
1 0.153125 0.6125 0.11875 0.2234375
1 0.1796875 0.7296875 0.15625 0.2
1 0.109375 0.5265625 0.090625 0.2
1 0.2703125 0.609375 0.09375 0.2203125
1 0.371875 0.621875 0.1296875 0.2265625
1 0.4953125 0.6453125 0.11875 0.3125
1 0.434375 0.546875 0.1140625 0.253125
1 0.8125 0.65625 0.134375 0.35
1 0.9703125 0.45625 0.05625 0.225
1 0.8875 0.4609375 0.1125 0.221875
1 0.7828125 0.4703125 0.1046875 0.2296875
1 0.56875 0.45625 0.1140625 0.215625
1 0.3640625 0.4734375 0.0875 0.1640625
1 0.309375 0.528125 0.0875 0.1984375
1 0.2546875 0.4625 0.0890625 0.1890625
1 0.228125 0.5328125 0.10625 0.2125
1 0.1796875 0.4609375 0.09375 0.2046875
1 0.0953125 0.4640625 0.08125 0.2109375
1 0.703125 0.6578125 0.121875 0.346875
1 0.8640625 0.525 0.09375 0.21875
1 0.4671875 0.4671875 0.0921875 0.18125
