1 0.278125 0.5578125 0.05625 0.175
1 0.3484375 0.55625 0.0421875 0.1609375
1 0.3734375 0.5484375 0.046875 0.1640625
1 0.4109375 0.5609375 0.0515625 0.1640625
1 0.459375 0.559375 0.0453125 0.1609375
1 0.4828125 0.5484375 0.046875 0.1578125
1 0.51875 0.55 0.046875 0.159375
1 0.5640625 0.553125 0.05 0.1578125
1 0.6078125 0.55 0.0484375 0.16875
1 0.6453125 0.5375 0.0515625 0.1640625
1 0.703125 0.55 0.053125 0.1625
1 0.771875 0.571875 0.059375 0.196875
1 0.825 0.5625 0.05625 0.1765625
1 0.85625 0.625 0.065625 0.203125
1 0.79375 0.64375 0.071875 0.234375
1 0.7140625 0.58125 0.0609375 0.1734375
1 0.740625 0.621875 0.05 0.2046875
1 0.721875 0.64375 0.05625 0.215625
1 0.6609375 0.5640625 0.0546875 0.175
1 0.6765625 0.603125 0.0625 0.19375
1 0.6609375 0.653125 0.05625 0.203125
1 0.6265625 0.61875 0.0546875 0.203125
1 0.615625 0.653125 0.0640625 0.215625
1 0.6015625 0.5796875 0.0546875 0.18125
1 0.5765625 0.6203125 0.05625 0.1984375
1 0.5515625 0.5890625 0.05625 0.178125
1 0.5625 0.6484375 0.0546875 0.2203125
1 0.5234375 0.6171875 0.0515625 0.2015625
1 0.5171875 0.6515625 0.05 0.2140625
1 0.4890625 0.5984375 0.0453125 0.1890625
1 0.4671875 0.6421875 0.0640625 0.228125
1 0.4484375 0.603125 0.0546875 0.1890625
1 0.415625 0.6140625 0.065625 0.228125
1 0.4015625 0.6515625 0.065625 0.215625
1 0.3828125 0.5875 0.05625 0.2
1 0.3546875 0.621875 0.0609375 0.203125
1 0.3421875 0.6546875 0.059375 0.2015625
1 0.315625 0.5859375 0.046875 0.1890625
1 0.2890625 0.615625 0.065625 0.2234375
1 0.2828125 0.6453125 0.06875 0.2265625
1 0.2515625 0.6 0.059375 0.1953125
1 0.221875 0.65 0.0640625 0.215625
1 0.3 0.55625 0.05 0.16875
