1 0.0234375 0.3703125 0.0453125 0.1109375
1 0.1578125 0.3859375 0.059375 0.1609375
1 0.240625 0.378125 0.0296875 0.1140625
1 0.3359375 0.434375 0.0609375 0.15
1 0.6125 0.44375 0.0546875 0.1390625
1 0.578125 0.440625 0.0546875 0.15
1 0.5671875 0.4890625 0.0921875 0.2234375
1 0.51875 0.4953125 0.134375 0.240625
1 0.7296875 0.4640625 0.09375 0.16875
1 0.7046875 0.49375 0.084375 0.228125
1 0.678125 0.5140625 0.1265625 0.25
1 0.8640625 0.415625 0.05625 0.1796875
1 0.8828125 0.41875 0.0796875 0.165625
1 0.9765625 0.4 0.0421875 0.134375
