1 0.1796875 0.61875 0.2140625 0.50625
1 0.2921875 0.6609375 0.175 0.4234375
1 0.271875 0.621875 0.1453125 0.45
1 0.415625 0.675 0.1625 0.39375
1 0.4 0.6140625 0.1375 0.459375
1 0.4765625 0.6515625 0.125 0.4421875
1 0.4484375 0.56875 0.134375 0.4484375
1 0.565625 0.6671875 0.1421875 0.409375
1 0.5328125 0.625 0.121875 0.4109375
1 0.671875 0.665625 0.1390625 0.4140625
1 0.8265625 0.6515625 0.1890625 0.440625
1 0.6703125 0.6484375 0.18125 0.4265625
1 0.621875 0.6109375 0.1203125 0.4015625
1 0.7921875 0.5953125 0.1734375 0.490625
1 0.6953125 0.5609375 0.1484375 0.4390625
1 0.565625 0.5625 0.121875 0.390625
