1 0.6796875 0.575 0.0078125 0.021875
1 0.6921875 0.6140625 0.021875 0.0671875
1 0.684375 0.6015625 0.015625 0.0375
1 0.6671875 0.6046875 0.0203125 0.0484375
1 0.646875 0.6078125 0.0203125 0.0484375
1 0.6296875 0.5984375 0.0140625 0.0359375
1 0.6171875 0.6015625 0.0109375 0.03125
1 0.6078125 0.60625 0.01875 0.046875
1 0.5890625 0.6078125 0.01875 0.0484375
1 0.5640625 0.6171875 0.0390625 0.084375
1 0.540625 0.6234375 0.046875 0.0578125
1 0.5453125 0.6203125 0.040625 0.0625
1 0.5015625 0.628125 0.0421875 0.0953125
1 0.496875 0.6171875 0.0421875 0.065625
1 0.4890625 0.609375 0.028125 0.0859375
1 0.471875 0.609375 0.021875 0.06875
1 0.453125 0.6109375 0.0234375 0.0671875
1 0.4265625 0.6109375 0.021875 0.0640625
1 0.4046875 0.621875 0.0375 0.1109375
1 0.375 0.6203125 0.0375 0.10625
1 0.35 0.6171875 0.0359375 0.1
1 0.3421875 0.6203125 0.0546875 0.1140625
1 0.33125 0.6171875 0.0484375 0.0859375
1 0.284375 0.6171875 0.0328125 0.090625
1 0.246875 0.6171875 0.034375 0.0890625
1 0.2 0.6125 0.034375 0.0859375
1 0.1875 0.5953125 0.0265625 0.065625
1 0.1515625 0.6 0.0203125 0.0609375
1 0.134375 0.6 0.0203125 0.0640625
1 0.125 0.6546875 0.0625 0.178125
1 0.0828125 0.6671875 0.059375 0.1390625
1 0.0328125 0.6625 0.0640625 0.125
1 0.059375 0.6234375 0.084375 0.1234375
1 0.0328125 0.6125 0.0421875 0.1078125
1 0.0078125 0.615625 0.0140625 0.084375
1 0.21875 0.6671875 0.075 0.2
1 0.1734375 0.6671875 0.075 0.196875
1 0.790625 0.6546875 0.0484375 0.13125
1 0.7984375 0.6328125 0.04375 0.1328125
1 0.8921875 0.6546875 0.0453125 0.1125
1 0.825 0.6078125 0.0296875 0.053125
1 0.8625 0.6125 0.0359375 0.078125
1 0.9125 0.6140625 0.0296875 0.075
1 0.9765625 0.6515625 0.0421875 0.1671875
1 0.54375 0.5984375 0.009375 0.034375
1 0.5546875 0.6078125 0.0296875 0.06875
1 0.625 0.596875 0.0125 0.034375
1 0.640625 0.6046875 0.0140625 0.04375
1 0.65 0.6015625 0.0125 0.0390625
1 0.8625 0.6125 0.021875 0.075
