1 0.0984375 0.7375 0.1953125 0.26875
1 0.0296875 0.74375 0.05625 0.259375
1 0.1140625 0.6625 0.0359375 0.1375
1 0.15 0.746875 0.0859375 0.253125
1 0.2078125 0.696875 0.0640625 0.184375
1 0.26875 0.7515625 0.065625 0.2421875
1 0.259375 0.64375 0.028125 0.11875
1 0.33125 0.6890625 0.071875 0.2296875
1 0.3671875 0.6921875 0.065625 0.1953125
1 0.3859375 0.6671875 0.0375 0.153125
1 0.4078125 0.7046875 0.0703125 0.2171875
1 0.459375 0.6875 0.053125 0.1828125
1 0.46875 0.709375 0.075 0.2125
1 0.5234375 0.703125 0.075 0.190625
1 0.5265625 0.684375 0.053125 0.1921875
1 0.5828125 0.6984375 0.0609375 0.20625
1 0.6 0.740625 0.075 0.265625
1 0.659375 0.73125 0.084375 0.28125
1 0.6203125 0.634375 0.0375 0.128125
1 0.7296875 0.7203125 0.08125 0.2484375
1 0.8 0.7375 0.146875 0.2703125
1 0.7890625 0.696875 0.05625 0.203125
1 0.8515625 0.709375 0.078125 0.259375
