1 0.1890625 0.6578125 0.165625 0.4109375
1 0 0.13125 0 0
1 0.6609375 0.709375 0.1703125 0.3078125
1 0.0328125 0.6390625 0.0625 0.1484375
1 0.9 0.628125 0.040625 0.0984375
1 0.984375 0.6203125 0.025 0.08125
1 0.78125 0.6515625 0.0359375 0.1421875
1 0.7375 0.65 0.046875 0.1453125
1 0.4734375 0.671875 0.0578125 0.159375
1 0.4234375 0.6453125 0.0671875 0.1421875
1 0.415625 0.6546875 0.0484375 0.10625
1 0.5296875 0.6578125 0.0453125 0.0921875
1 0.565625 0.628125 0.0421875 0.13125
1 0.6015625 0.653125 0.046875 0.1359375
1 0.93125 0.628125 0.0203125 0.034375
1 0.390625 0.6046875 0.0203125 0.0796875
1 0.375 0.65 0.025 0.0796875
1 0.3453125 0.6046875 0.025 0.065625
1 0.2265625 0.6234375 0.028125 0.0515625
1 0.1125 0.54375 0.0484375 0.184375
1 0.6796875 0.7078125 0.121875 0.3109375
1 0.8953125 0.6203125 0.0234375 0.0875
1 0.8859375 0.63125 0.0296875 0.090625
1 0.9734375 0.615625 0.0234375 0.075
1 0.021875 0.615625 0.0296875 0.084375
1 0.878125 0.6171875 0.0234375 0.0734375
1 0.3375 0.621875 0.0296875 0.09375
