1 0.7015625 0.575 0.3078125 0.36875
1 0.915625 0.4421875 0.0796875 0.1765625
1 0.821875 0.45625 0.0875 0.1828125
1 0.7546875 0.3671875 0.0578125 0.15625
1 0.6046875 0.4640625 0.159375 0.2015625
1 0.5015625 0.4390625 0.1484375 0.19375
1 0.596875 0.3375 0.03125 0.0515625
1 0.56875 0.334375 0.0265625 0.046875
1 0.55 0.3296875 0.0234375 0.04375
1 0.525 0.328125 0.0359375 0.0765625
1 0.4703125 0.3453125 0.0515625 0.1125
1 0.446875 0.3453125 0.04375 0.1046875
1 0.39375 0.3359375 0.0265625 0.09375
1 0.38125 0.3375 0.025 0.0859375
1 0.3609375 0.35625 0.0484375 0.1515625
1 0.3296875 0.4546875 0.190625 0.2359375
1 0.1953125 0.5140625 0.26875 0.3078125
1 0.2328125 0.39375 0.1046875 0.1296875
1 0.2125 0.3375 0.0328125 0.0796875
1 0.171875 0.3578125 0.0515625 0.1359375
1 0.1171875 0.346875 0.040625 0.1203125
1 0.1 0.334375 0.025 0.0875
1 0.075 0.340625 0.0265625 0.0484375
1 0.040625 0.35625 0.04375 0.146875
