1 0.132500 0.549375 0.047667 0.070417
1 0.051000 0.462292 0.044667 0.064583
1 0.194500 0.486250 0.041667 0.066667
1 0.137667 0.362083 0.040000 0.065000
1 0.285500 0.529375 0.054333 0.077917
1 0.256333 0.385000 0.038000 0.059167
1 0.290167 0.333125 0.031000 0.051250
1 0.383333 0.370417 0.040667 0.066667
1 0.466000 0.466042 0.040000 0.075417
1 0.548000 0.576042 0.049333 0.084583
1 0.590833 0.470625 0.041000 0.066250
1 0.711333 0.553958 0.056000 0.097083
1 0.872667 0.563125 0.044667 0.076250
1 0.866833 0.465208 0.046333 0.071250
1 0.941500 0.414167 0.046333 0.069167
1 0.863667 0.377917 0.040667 0.057500
1 0.751667 0.360625 0.040667 0.068750
1 0.738833 0.295833 0.031000 0.051667
1 0.795167 0.276875 0.027000 0.048750
1 0.610833 0.347083 0.041000 0.069167
1 0.650500 0.268125 0.035000 0.051250
1 0.570167 0.272292 0.029000 0.053750
1 0.562500 0.233958 0.029000 0.045417
1 0.487000 0.276042 0.036000 0.057917
1 0.504167 0.218542 0.027000 0.050417
1 0.438167 0.251458 0.029000 0.047917
1 0.364333 0.278125 0.035333 0.061250
1 0.330000 0.199167 0.032667 0.055000
1 0.405667 0.210625 0.024667 0.044583
