1 0.75 0.6015625 0.1140625 0.253125
0 0.753125 0.4984375 0.0234375 0.03125
1 0.59375 0.6265625 0.1171875 0.2890625
0 0.571875 0.5078125 0.0296875 0.0375
1 0.6265625 0.5359375 0.0578125 0.121875
0 0.6328125 0.4859375 0.0109375 0.015625
1 0.6859375 0.5375 0.0375 0.1
0 0.690625 0.496875 0.0125 0.0140625
1 0.890625 0.5 0.0125 0.0328125
0 0.89375 0.4875 0.003125 0.0046875
1 0.903125 0.503125 0.015625 0.0328125
0 0.903125 0.490625 0.003125 0.0046875
1 0.915625 0.5 0.009375 0.03125
0 0.9171875 0.4890625 0.003125 0.003125
1 0.921875 0.5015625 0.009375 0.0296875
0 0.921875 0.490625 0.0046875 0.0046875
1 0.653125 0.5078125 0.01875 0.0578125
0 0.653125 0.4859375 0.0078125 0.0078125
1 0.678125 0.50625 0.015625 0.0546875
0 0.678125 0.4859375 0.00625 0.0046875