1 0.6828125 0.63125 0.2203125 0.66875
0 0.646875 0.35 0.0625 0.090625
1 0.715625 0.5203125 0.1953125 0.5375
0 0.69375 0.2890625 0.059375 0.0703125
1 0.6828125 0.465625 0.1421875 0.465625
0 0.6609375 0.271875 0.0515625 0.0703125
1 0.515625 0.628125 0.2 0.5859375
0 0.5 0.384375 0.0609375 0.0890625
1 0.575 0.5328125 0.1421875 0.5046875
0 0.5671875 0.321875 0.053125 0.071875
1 0.5625 0.4765625 0.146875 0.45625
0 0.5625 0.28125 0.05 0.0546875
1 0.4703125 0.4875 0.1421875 0.4578125
0 0.465625 0.290625 0.046875 0.059375
1 0.4125 0.5453125 0.2078125 0.425
0 0.4390625 0.371875 0.053125 0.0671875
1 0.33125 0.61875 0.20625 0.5828125
0 0.3328125 0.3703125 0.0625 0.0828125
1 0.3859375 0.4640625 0.1078125 0.375
0 0.3890625 0.309375 0.046875 0.0625