1 0.7578125 0.7125 0.2328125 0.5421875
1 0.265625 0.715625 0.28125 0.5640625
1 0.3328125 0.6546875 0.259375 0.484375
1 0.6953125 0.56875 0.20625 0.3109375
1 0.6453125 0.525 0.15 0.259375
1 0.35625 0.5671875 0.3515625 0.39375
1 0.428125 0.496875 0.190625 0.2578125
1 0.575 0.525 0.1703125 0.296875
1 0.290625 0.459375 0.178125 0.3296875
1 0.1984375 0.4375 0.146875 0.2390625
1 0.2171875 0.3953125 0.1234375 0.1875
1 0.4421875 0.4359375 0.121875 0.1921875
1 0.4609375 0.421875 0.121875 0.225
1 0.6125 0.425 0.115625 0.175
1 0.7421875 0.3796875 0.0578125 0.134375
1 0.7390625 0.3359375 0.0453125 0.128125
1 0.675 0.3390625 0.046875 0.13125
1 0.6296875 0.33125 0.04375 0.1109375
1 0.578125 0.3390625 0.0390625 0.1
1 0.53125 0.328125 0.04375 0.125
1 0.45625 0.3390625 0.078125 0.1328125
1 0.4796875 0.325 0.0453125 0.121875
1 0.5375 0.2921875 0.034375 0.084375
1 0.275 0.290625 0.040625 0.0796875
