1 0.939141 0.617827 0.027844 0.061050
1 0.881066 0.620269 0.032617 0.061050
1 0.807478 0.620269 0.031822 0.056166
1 0.721559 0.609890 0.035004 0.067155
1 0.630867 0.626984 0.033413 0.064713
1 0.556086 0.601343 0.031822 0.057387
1 0.488067 0.612332 0.031026 0.067155
1 0.415672 0.601954 0.032617 0.063492
1 0.347653 0.595238 0.035004 0.062271
1 0.282816 0.580586 0.034208 0.072039
1 0.227128 0.588523 0.032617 0.061050
1 0.186158 0.576313 0.028640 0.061050
1 0.156722 0.579976 0.033413 0.053724
1 0.132856 0.575702 0.023866 0.050061
1 0.070008 0.581807 0.027049 0.045177
1 0.068417 0.581197 0.028640 0.048840
