1 0.828646 0.050000 0.040625 0.092000
1 0.731771 0.073000 0.040625 0.090000
1 0.673958 0.066000 0.043750 0.092000
1 0.610938 0.139000 0.048958 0.098000
1 0.754167 0.194000 0.039583 0.096000
1 0.845833 0.175000 0.056250 0.130000
1 0.588021 0.230000 0.071875 0.180000
1 0.750521 0.450000 0.069792 0.168000
1 0.944792 0.525000 0.081250 0.178000
1 0.424479 0.288000 0.032292 0.100000
1 0.448958 0.408000 0.041667 0.112000
1 0.328125 0.272000 0.047917 0.104000
1 0.176042 0.145000 0.150000 0.258000
1 0.157292 0.803000 0.175000 0.370000
