1 0.0328125 0.525 0.059375 0.3
1 0.0546875 0.53125 0.0921875 0.3390625
1 0.1484375 0.55625 0.096875 0.2671875
1 0.2125 0.509375 0.1 0.284375
1 0.2375 0.51875 0.1046875 0.3
1 0.1015625 0.609375 0.184375 0.4421875
1 0.2671875 0.61875 0.190625 0.4234375
1 0.340625 0.5828125 0.1546875 0.4875
1 0.4515625 0.5640625 0.11875 0.4875
1 0.459375 0.59375 0.2296875 0.471875
1 0.5796875 0.6 0.1265625 0.4375
1 0.6734375 0.6046875 0.16875 0.45
1 0.703125 0.603125 0.1453125 0.446875
1 0.7671875 0.5609375 0.1 0.3421875
1 0.9140625 0.5828125 0.13125 0.43125
1 0.9 0.6140625 0.153125 0.4328125
1 0.9703125 0.5203125 0.05 0.1984375
1 0.4265625 0.5234375 0.1046875 0.371875
1 0.8765625 0.55625 0.090625 0.3078125
1 0.634375 0.546875 0.1046875 0.3140625
1 0.71875 0.5234375 0.0640625 0.2109375
1 0.7828125 0.5265625 0.0828125 0.2546875
1 0.8421875 0.4921875 0.0421875 0.1640625
1 0.8203125 0.4828125 0.04375 0.134375
1 0.7734375 0.5546875 0.0875 0.275
