1 0.149231 0.867556 0.036923 0.092402
1 0.122308 0.802875 0.010769 0.012320
1 0.049231 0.812115 0.009231 0.014374
1 0.361538 0.831622 0.015385 0.020534
1 0.934615 0.907598 0.084615 0.184805
1 0.834615 0.829569 0.026154 0.032854
1 0.766923 0.838809 0.023077 0.034908
1 0.770000 0.788501 0.013846 0.016427
1 0.828462 0.788501 0.020000 0.028747
1 0.860769 0.795688 0.016923 0.026694
1 0.886154 0.793634 0.018462 0.026694
1 0.906923 0.793634 0.020000 0.026694
1 0.940000 0.778234 0.021538 0.028747
1 0.916923 0.773101 0.018462 0.026694
