1 0.79375 0.66875 0.0453125 0.11875
0 0.79375 0.621875 0.0140625 0.01875
1 0.84375 0.65 0.021875 0.05
0 0.8453125 0.63125 0.00625 0.00625
1 0.84375 0.6484375 0.015625 0.04375
0 0.84375 0.63125 0.0046875 0.0046875
1 0.0546875 0.6546875 0.034375 0.1046875
0 0.0578125 0.6140625 0.0171875 0.015625
1 0.0265625 0.646875 0.046875 0.1125
0 0.0328125 0.6 0.0140625 0.015625
1 0.45625 0.628125 0.028125 0.059375
0 0.4578125 0.6078125 0.0125 0.0125
1 0.4046875 0.603125 0.040625 0.06875
0 0.409375 0.5796875 0.0125 0.0140625
1 0.6171875 0.615625 0.025 0.053125
0 0.6171875 0.5984375 0.009375 0.0109375
1 0.7546875 0.6453125 0.0171875 0.0359375
0 0.7546875 0.63125 0.0046875 0.0046875