1 0.771875 0.484375 0.184375 0.559375
0 0.7171875 0.25625 0.0578125 0.078125
1 0.6796875 0.4875 0.128125 0.453125
0 0.65 0.3015625 0.046875 0.0578125
1 0.6140625 0.571875 0.1515625 0.2703125
0 0.584375 0.46875 0.040625 0.05
1 0.53125 0.5046875 0.1359375 0.3921875
0 0.50625 0.346875 0.040625 0.0484375
1 0.271875 0.5328125 0.1109375 0.3421875
0 0.2625 0.3890625 0.0375 0.046875
1 0.1796875 0.528125 0.1359375 0.365625
0 0.175 0.378125 0.0359375 0.0484375
1 0.1171875 0.55 0.153125 0.375
0 0.1 0.3984375 0.0375 0.05