1 0.118750 0.616105 0.040000 0.076779
1 0.222812 0.630150 0.035625 0.074906
1 0.179375 0.536049 0.036250 0.064607
1 0.236250 0.568820 0.030000 0.051498
1 0.299063 0.534644 0.030625 0.056180
1 0.310937 0.625468 0.034375 0.063670
1 0.389688 0.625936 0.030625 0.066479
1 0.368437 0.542603 0.028125 0.051498
1 0.436563 0.537921 0.029375 0.053371
1 0.472500 0.626404 0.035000 0.061798
1 0.518437 0.544007 0.031875 0.059925
1 0.578125 0.620318 0.031250 0.064607
1 0.593437 0.553839 0.031875 0.057116
1 0.640000 0.604869 0.035000 0.061798
1 0.679063 0.554775 0.028125 0.055243
1 0.729062 0.586142 0.034375 0.059925
1 0.770938 0.551966 0.031875 0.060861
1 0.808125 0.619850 0.033750 0.061798
1 0.852187 0.535581 0.028125 0.061798
1 0.832187 0.508427 0.010625 0.016854
1 0.931250 0.558989 0.010000 0.014981
1 0.906875 0.556180 0.010000 0.014981
1 0.910000 0.537453 0.011250 0.014981
1 0.883437 0.559457 0.009375 0.014045
