1 0.0953125 0.5984375 0.125 0.546875
1 0.18125 0.59375 0.09375 0.44375
1 0.2671875 0.5859375 0.1109375 0.425
1 0.375 0.559375 0.1140625 0.415625
1 0.4765625 0.565625 0.1046875 0.3625
1 0.55 0.5671875 0.09375 0.3703125
1 0.6296875 0.5671875 0.0953125 0.3875
1 0.7078125 0.5671875 0.0984375 0.36875
1 0.7984375 0.5765625 0.1140625 0.3875
1 0.3828125 0.684375 0.165625 0.3609375
1 0.4578125 0.6796875 0.19375 0.34375
1 0.590625 0.6765625 0.2109375 0.33125
1 0.7078125 0.65625 0.215625 0.3765625
1 0.8 0.659375 0.175 0.3640625
1 0.859375 0.4515625 0.01875 0.0609375
1 0.8734375 0.453125 0.0203125 0.065625
1 0.9390625 0.4515625 0.0265625 0.078125
1 0.915625 0.45 0.021875 0.05625
