1 0.028125 0.6671875 0.0265625 0.1234375
1 0.065625 0.671875 0.0296875 0.1015625
1 0.1046875 0.6765625 0.0578125 0.1140625
1 0.178125 0.70625 0.071875 0.1765625
1 0.15625 0.6765625 0.01875 0.1
1 0.296875 0.6890625 0.04375 0.109375
1 0.35 0.7078125 0.0515625 0.1734375
1 0.4078125 0.703125 0.0234375 0.103125
1 0.446875 0.69375 0.025 0.0859375
1 0.503125 0.7046875 0.0890625 0.15
1 0.259375 0.6921875 0.028125 0.1078125
1 0.2421875 0.6796875 0.021875 0.0828125
1 0.2140625 0.6671875 0.0140625 0.078125
1 0.321875 0.6796875 0.025 0.0953125
1 0.0578125 0.6671875 0.025 0.1125
1 0.1234375 0.665625 0.0234375 0.1
1 0.1390625 0.66875 0.021875 0.0828125
1 0.2359375 0.6890625 0.034375 0.1046875
1 0.371875 0.7015625 0.05 0.1265625
1 0.3390625 0.7 0.021875 0.11875
1 0.41875 0.671875 0.0203125 0.071875
1 0.0203125 0.653125 0.0390625 0.0921875
1 0.0140625 0.66875 0.0265625 0.1078125
