1 0.90625 0.5546875 0.1453125 0.31875
1 0.94375 0.525 0.10625 0.271875
1 0.959375 0.5 0.0765625 0.3109375
1 0.8171875 0.6 0.15 0.3640625
1 0.80625 0.509375 0.0875 0.2578125
1 0.6265625 0.6375 0.15 0.4015625
1 0.5921875 0.5546875 0.1125 0.353125
1 0.6421875 0.421875 0.0203125 0.0453125
1 0.6921875 0.4296875 0.0203125 0.059375
1 0.7125 0.428125 0.0203125 0.0578125
1 0.73125 0.4265625 0.0203125 0.0578125
1 0.740625 0.4234375 0.021875 0.05625
1 0.746875 0.40625 0.0125 0.05
1 0.75625 0.4109375 0.015625 0.04375
1 0.775 0.415625 0.0234375 0.0421875
1 0.5546875 0.471875 0.0640625 0.2078125
1 0.503125 0.5078125 0.0671875 0.20625
1 0.3390625 0.6546875 0.2125 0.4203125
1 0.2703125 0.6140625 0.1171875 0.36875
1 0.428125 0.6078125 0.1546875 0.384375
1 0.4265625 0.4953125 0.0859375 0.225
1 0.15 0.5546875 0.1265625 0.2953125
1 0.228125 0.5328125 0.1015625 0.2953125
1 0.29375 0.478125 0.059375 0.175
1 0.3375 0.4734375 0.0390625 0.134375
1 0.325 0.465625 0.040625 0.128125
1 0.1828125 0.515625 0.075 0.2390625
1 0.021875 0.4984375 0.0421875 0.146875
1 0.0359375 0.490625 0.0328125 0.1078125
1 0.06875 0.49375 0.0453125 0.1140625
1 0.0890625 0.4984375 0.059375 0.171875
1 0.1078125 0.4875 0.0453125 0.1546875
1 0.3578125 0.534375 0.0890625 0.2421875
