1 0.2234375 0.4796875 0.1703125 0.2171875
1 0.1859375 0.43125 0.090625 0.2375
1 0.53125 0.521875 0.30625 0.3171875
1 0.5390625 0.49375 0.2046875 0.234375
1 0.58125 0.4546875 0.1390625 0.221875
1 0.334375 0.4390625 0.059375 0.1578125
1 0.271875 0.4578125 0.0625 0.0859375
1 0.6546875 0.4453125 0.0859375 0.1859375
1 0.7359375 0.4796875 0.0671875 0.10625
1 0.7015625 0.4546875 0.0375 0.1046875
1 0.803125 0.4640625 0.05 0.1
1 0.8875 0.465625 0.065625 0.1078125
1 0.978125 0.4671875 0.0390625 0.1234375
1 0.940625 0.4671875 0.0828125 0.1015625
1 0.88125 0.4609375 0.046875 0.1015625
1 0.728125 0.4484375 0.03125 0.1015625
1 0.75 0.4578125 0.0453125 0.0984375
1 0.6109375 0.440625 0.046875 0.1078125
1 0.4765625 0.4546875 0.0578125 0.1296875
1 0.6875 0.4578125 0.0296875 0.1015625
1 0.0546875 0.4703125 0.04375 0.1078125
