1 0.1390625 0.5421875 0.2421875 0.4390625
0 0.1953125 0.2953125 0.1 0.1265625
1 0.3140625 0.5515625 0.1859375 0.4203125
0 0.340625 0.384375 0.053125 0.071875
1 0.39375 0.4625 0.053125 0.1625
0 0.396875 0.3953125 0.0234375 0.021875
1 0.4390625 0.4796875 0.0578125 0.1875
0 0.4421875 0.4046875 0.0265625 0.0265625
1 0.459375 0.5765625 0.190625 0.371875
0 0.49375 0.44375 0.0703125 0.09375
1 0.6390625 0.5546875 0.1265625 0.3625
0 0.6359375 0.4015625 0.0390625 0.05
1 0.5671875 0.521875 0.1078125 0.31875
0 0.58125 0.3890625 0.0390625 0.0484375
1 0.684375 0.54375 0.1 0.3296875
0 0.68125 0.4046875 0.0375 0.0453125
1 0.825 0.5265625 0.0796875 0.209375
0 0.8296875 0.4453125 0.03125 0.0359375
1 0.9625 0.4890625 0.0625 0.146875
0 0.9671875 0.428125 0.01875 0.01875
1 0.8890625 0.525 0.078125 0.234375
0 0.8734375 0.428125 0.0296875 0.0328125