1 0.5734375 0.675 0.1125 0.2296875
1 0.49375 0.6125 0.0625 0.13125
1 0.60625 0.6 0.040625 0.1078125
1 0.6828125 0.596875 0.046875 0.0828125
1 0.796875 0.609375 0.04375 0.1046875
1 0.8640625 0.6125 0.0609375 0.10625
1 0.896875 0.628125 0.040625 0.1078125
1 0.928125 0.61875 0.059375 0.125
1 0.9640625 0.625 0.0484375 0.13125
1 0.784375 0.5875 0.0296875 0.0671875
1 0.7171875 0.5828125 0.0171875 0.0515625
1 0.440625 0.60625 0.05 0.1359375
1 0.31875 0.6125 0.0546875 0.1265625
1 0.303125 0.5984375 0.0515625 0.11875
1 0.3453125 0.584375 0.0234375 0.0578125
1 0.40625 0.578125 0.01875 0.0390625
1 0.4171875 0.5765625 0.01875 0.040625
