1 0.1109375 0.625 0.125 0.353125
1 0.128125 0.6140625 0.153125 0.346875
1 0.20625 0.6234375 0.096875 0.3515625
1 0.2359375 0.6015625 0.0859375 0.30625
1 0.2578125 0.6390625 0.1296875 0.3609375
1 0.3125 0.6203125 0.084375 0.3140625
1 0.334375 0.59375 0.0921875 0.2875
1 0.3890625 0.6359375 0.1359375 0.3140625
1 0.41875 0.584375 0.096875 0.275
1 0.4609375 0.6640625 0.10625 0.3265625
1 0.5078125 0.5953125 0.103125 0.3109375
1 0.5546875 0.6578125 0.1078125 0.3421875
1 0.6078125 0.6015625 0.1125 0.3
1 0.64375 0.628125 0.109375 0.3328125
1 0.6984375 0.6046875 0.10625 0.3328125
1 0.728125 0.6484375 0.109375 0.365625
1 0.7875 0.6296875 0.1015625 0.3546875
1 0.81875 0.65 0.1296875 0.3625
1 0.9171875 0.65 0.109375 0.3625
