1 0.791329 0.296830 0.039904 0.076849
1 0.816982 0.285062 0.033003 0.058117
1 0.829133 0.253842 0.026703 0.044669
1 0.872037 0.251441 0.006901 0.009126
1 0.870837 0.236792 0.005701 0.009606
1 0.760576 0.273535 0.015602 0.028338
1 0.694419 0.241595 0.029103 0.058598
1 0.671017 0.241114 0.035704 0.069164
1 0.599610 0.252402 0.039904 0.074448
1 0.487549 0.296350 0.037804 0.068204
1 0.472547 0.311479 0.028803 0.064841
1 0.393489 0.288665 0.031503 0.056676
1 0.337534 0.304755 0.023402 0.041787
1 0.313081 0.287224 0.033303 0.060519
1 0.257876 0.250720 0.051905 0.091258
1 0.184218 0.257925 0.048605 0.082613
1 0.037204 0.304995 0.055206 0.096061
1 0.116712 0.263689 0.057606 0.107589
1 0.067357 0.312920 0.034503 0.063881
