1 0.0046875 0.609375 0.0078125 0.028125
1 0.025 0.60625 0.0203125 0.0359375
1 0.0390625 0.6015625 0.0078125 0.015625
1 0.0546875 0.6078125 0.0125 0.028125
1 0.0671875 0.6078125 0.009375 0.03125
1 0.1015625 0.609375 0.0125 0.028125
1 0.1265625 0.6078125 0.0125 0.03125
1 0.1625 0.60625 0.0125 0.021875
1 0.165625 0.6078125 0.00625 0.0203125
1 0.1984375 0.6421875 0.0671875 0.1203125
1 0.215625 0.65 0.065625 0.121875
1 0.240625 0.6078125 0.0078125 0.0203125
1 0.2546875 0.6078125 0.0078125 0.0296875
1 0.271875 0.6546875 0.0859375 0.159375
1 0.3734375 0.6078125 0.0078125 0.0265625
1 0.4390625 0.6453125 0.0421875 0.1484375
1 0.4578125 0.615625 0.0265625 0.0625
1 0.4828125 0.6078125 0.00625 0.021875
1 0.5171875 0.6609375 0.0625 0.178125
1 0.5546875 0.6328125 0.0453125 0.1203125
1 0.571875 0.6515625 0.0578125 0.1765625
1 0.5921875 0.6078125 0.0078125 0.025
1 0.6046875 0.6078125 0.0078125 0.025
1 0.6109375 0.6078125 0.0078125 0.021875
1 0.615625 0.6078125 0.009375 0.021875
1 0.6171875 0.60625 0.0078125 0.021875
1 0.65 0.60625 0.0078125 0.021875
1 0.6890625 0.609375 0.009375 0.0265625
1 0.7078125 0.6078125 0.0078125 0.034375
1 0.7078125 0.609375 0.0171875 0.034375
1 0.7421875 0.64375 0.0546875 0.2
1 0.8171875 0.609375 0.0265625 0.0359375
1 0.825 0.6078125 0.009375 0.028125
1 0.8203125 0.6671875 0.0953125 0.1578125
1 0.8375 0.6640625 0.0859375 0.2078125
1 0.89375 0.6828125 0.140625 0.225
1 0.95 0.675 0.0828125 0.3015625
1 0.9625 0.6703125 0.06875 0.265625
