1 0.315625 0.571875 0.0171875 0.0453125
1 0.321875 0.5859375 0.0234375 0.0703125
1 0.3015625 0.59375 0.0359375 0.0921875
1 0.1609375 0.5875 0.028125 0.08125
1 0 0.165625 0 0
1 0.9703125 0.55625 0.0453125 0.11875
1 0.946875 0.5859375 0.034375 0.1109375
1 0.884375 0.5828125 0.04375 0.1203125
1 0.89375 0.5796875 0.034375 0.10625
1 0.8609375 0.5796875 0.0375 0.1171875
1 0.821875 0.578125 0.028125 0.1109375
1 0.7859375 0.578125 0.0578125 0.1390625
1 0.8078125 0.5765625 0.0421875 0.125
1 0.853125 0.6640625 0.2890625 0.33125
1 0.34375 0.6625 0.1109375 0.3359375
1 0.3625 0.6765625 0.11875 0.3078125
1 0.4859375 0.653125 0.3953125 0.3546875
1 0.7390625 0.69375 0.3671875 0.2734375
1 0.078125 0.65625 0.1546875 0.3484375
1 0.2421875 0.5984375 0.0296875 0.0828125
