1 0.775 0.5546875 0.2203125 0.553125
0 0.7515625 0.334375 0.0921875 0.125
1 0.6796875 0.5546875 0.184375 0.553125
0 0.671875 0.3328125 0.075 0.0984375
1 0.5953125 0.55625 0.203125 0.55
0 0.5921875 0.3390625 0.065625 0.103125
1 0.490625 0.5484375 0.1828125 0.565625
0 0.496875 0.321875 0.075 0.0921875
1 0.365625 0.5546875 0.1640625 0.5515625
0 0.375 0.3375 0.071875 0.0953125
1 0.465625 0.5796875 0.2296875 0.503125
0 0.465625 0.3921875 0.084375 0.10625
1 0.290625 0.55625 0.2359375 0.5484375
0 0.296875 0.346875 0.075 0.1078125
1 0.1515625 0.565625 0.2859375 0.53125
0 0.1703125 0.321875 0.090625 0.109375