1 0.3796875 0.525 0.0203125 0.0671875
1 0.6296875 0.5 0.0203125 0.059375
1 0.621875 0.4921875 0.015625 0.05
1 0.7734375 0.446875 0.025 0.0515625
1 0.8109375 0.4640625 0.025 0.0609375
1 0.83125 0.4484375 0.021875 0.05
1 0.8453125 0.44375 0.0234375 0.046875
1 0.85625 0.45 0.0328125 0.0546875
1 0 0.165625 0 0
1 0.9671875 0.4546875 0.028125 0.0703125
1 0.95 0.453125 0.025 0.05625
1 0.8140625 0.484375 0.028125 0.0640625
1 0.7875 0.5 0.025 0.0546875
1 0.8765625 0.4828125 0.0234375 0.059375
1 0.8828125 0.50625 0.028125 0.0796875
1 0.8625 0.4765625 0.021875 0.0609375
1 0.85 0.4796875 0.025 0.065625
1 0.834375 0.4875 0.025 0.0546875
1 0.85 0.5390625 0.05625 0.1265625
1 0.8078125 0.5359375 0.0359375 0.0703125
1 0.78125 0.5609375 0.046875 0.078125
1 0.84375 0.571875 0.0484375 0.0828125
1 0.965625 0.56875 0.0625 0.259375
1 0.9 0.55625 0.1640625 0.3265625
1 0.6015625 0.5125 0.13125 0.2421875
1 0.65625 0.503125 0.2546875 0.4328125
1 0.41875 0.496875 0.0671875 0.2515625
1 0.428125 0.49375 0.134375 0.340625
1 0.2546875 0.48125 0.1046875 0.28125
1 0.7390625 0.5375 0.0828125 0.215625
1 0.8296875 0.4390625 0.01875 0.0390625
