1 0.2765625 0.66875 0.171875 0.1875
0 0.334375 0.6078125 0.05 0.0625
1 0.496875 0.6375 0.015625 0.0375
0 0.5 0.6234375 0.003125 0.003125
1 0.5140625 0.6390625 0.015625 0.0421875
0 0.515625 0.6234375 0.003125 0.0046875
1 0.5328125 0.6359375 0.0171875 0.0421875
0 0.5328125 0.6203125 0.00625 0.00625
1 0.571875 0.6359375 0.0140625 0.034375
0 0.5734375 0.6234375 0.003125 0.003125
1 0.5796875 0.634375 0.0140625 0.0359375
0 0.5796875 0.61875 0.003125 0.003125
1 0.2 0.5671875 0.009375 0.01875
0 0.2 0.559375 0.003125 0.003125