1 0.046250 0.747655 0.015000 0.020638
1 0.025625 0.832083 0.011250 0.020638
1 0.057500 0.762664 0.010000 0.020638
1 0.079375 0.767355 0.011250 0.018762
1 0.079375 0.795497 0.008750 0.015009
1 0.126875 0.762664 0.008750 0.016886
1 0.140000 0.781426 0.007500 0.013133
1 0.151875 0.774859 0.008750 0.015009
1 0.205625 0.770169 0.008750 0.013133
1 0.237500 0.793621 0.007500 0.011257
1 0.246875 0.786116 0.008750 0.015009
1 0.280000 0.788931 0.007500 0.013133
1 0.290625 0.828330 0.021250 0.084428
1 0.306875 0.791745 0.008750 0.015009
1 0.335000 0.797373 0.007500 0.011257
1 0.521250 0.825516 0.022500 0.101313
1 0.622500 0.790807 0.007500 0.013133
1 0.640625 0.795497 0.006250 0.011257
1 0.667500 0.790807 0.007500 0.013133
1 0.683125 0.792683 0.008750 0.013133
1 0.706875 0.787992 0.008750 0.015009
1 0.723750 0.787992 0.010000 0.015009
1 0.752500 0.774859 0.012500 0.018762
1 0.856250 0.772983 0.010000 0.018762
1 0.871250 0.771107 0.012500 0.022514
1 0.950000 0.761726 0.012500 0.022514
1 0.818125 0.826454 0.013750 0.039400
