1 0.121875 0.5546875 0.24375 0.55
0 0.1328125 0.3375 0.0796875 0.1125
1 0.209375 0.5796875 0.25625 0.4984375
0 0.203125 0.3734375 0.096875 0.121875
1 0.346875 0.5703125 0.25 0.51875
0 0.35 0.3296875 0.0890625 0.1125
1 0.43125 0.6203125 0.2921875 0.4171875
0 0.45 0.425 0.1 0.1296875
1 0.53125 0.575 0.1953125 0.509375
0 0.53125 0.3796875 0.0796875 0.10625
1 0.7125 0.6 0.35625 0.4578125
0 0.725 0.378125 0.103125 0.1328125
1 0.79375 0.621875 0.40625 0.415625
0 0.925 0.3671875 0.1328125 0.1703125
1 0.778125 0.565625 0.2828125 0.5296875
0 0.80625 0.365625 0.0765625 0.115625
1 0.178125 0.334375 0.10625 0.2484375
0 0.15 0.2375 0.0375 0.0421875