1 0.7671875 0.8046875 0.08125 0.2171875
1 0.6953125 0.821875 0.0859375 0.209375
1 0.6671875 0.8734375 0.1625 0.246875
1 0.546875 0.8703125 0.096875 0.253125
1 0.4828125 0.859375 0.1 0.2765625
1 0.359375 0.8390625 0.0625 0.1828125
1 0.4046875 0.8453125 0.0625 0.1984375
1 0.4578125 0.8359375 0.04375 0.215625
1 0.43125 0.821875 0.034375 0.1546875
1 0.515625 0.7859375 0.040625 0.125
1 0.5890625 0.8265625 0.0625 0.2109375
1 0.55625 0.75 0.0171875 0.05
1 0.6328125 0.7421875 0.0171875 0.0625
1 0.6453125 0.7421875 0.0171875 0.059375
1 0.6625 0.7390625 0.01875 0.0609375
1 0.678125 0.7328125 0.028125 0.053125
1 0.53125 0.7515625 0.0140625 0.0515625
1 0.315625 0.7796875 0.01875 0.0546875
1 0.321875 0.7765625 0.0171875 0.053125
1 0.3453125 0.771875 0.0171875 0.046875
1 0.209375 0.771875 0.0125 0.0359375
