1 0.2875 0.615625 0.190625 0.5015625
0 0.325 0.41875 0.065625 0.0921875
1 0.284375 0.559375 0.303125 0.5015625
0 0.3734375 0.375 0.0578125 0.0765625
1 0.4421875 0.5203125 0.11875 0.38125
0 0.453125 0.3765625 0.046875 0.0578125
1 0.4640625 0.603125 0.1890625 0.315625
0 0.46875 0.4875 0.05625 0.0765625
1 0.559375 0.503125 0.11875 0.46875
0 0.5421875 0.375 0.0515625 0.0609375
1 0.696875 0.53125 0.2640625 0.434375
0 0.609375 0.3625 0.0453125 0.0671875
1 0.7453125 0.5421875 0.2140625 0.509375
0 0.7078125 0.3296875 0.065625 0.0765625
1 0.6078125 0.665625 0.159375 0.275
0 0.5765625 0.5765625 0.053125 0.06875