1 0.1015625 0.5046875 0.1625 0.6015625
0 0.10625 0.2453125 0.0640625 0.0796875
1 0.240625 0.5046875 0.146875 0.5734375
0 0.25 0.2625 0.0625 0.0765625
1 0.409375 0.5078125 0.215625 0.5671875
0 0.3875 0.2671875 0.0609375 0.078125
1 0.5328125 0.4984375 0.1796875 0.55625
0 0.5296875 0.26875 0.0578125 0.071875
1 0.6359375 0.5015625 0.196875 0.5515625
0 0.6578125 0.2640625 0.0546875 0.071875
1 0.775 0.5046875 0.1359375 0.54375
0 0.7671875 0.275 0.0546875 0.0734375
1 0.9078125 0.4859375 0.175 0.6328125
0 0.89375 0.2125 0.0625 0.0765625
1 0.15 0.6078125 0.1890625 0.4171875
0 0.1734375 0.4421875 0.06875 0.078125
1 0.3046875 0.5921875 0.15625 0.428125
0 0.3109375 0.4390625 0.05625 0.0796875
1 0.45 0.59375 0.18125 0.4171875
0 0.4546875 0.43125 0.065625 0.0859375
1 0.584375 0.590625 0.15 0.4078125
0 0.5953125 0.4296875 0.059375 0.075
1 0.7515625 0.60625 0.228125 0.41875
0 0.6984375 0.440625 0.0609375 0.08125
1 0.81875 0.615625 0.21875 0.4265625
0 0.7890625 0.453125 0.0625 0.0828125