1 0.859375 0.840625 0.0359375 0.1125
1 0.9171875 0.79375 0.025 0.0828125
1 0.9359375 0.790625 0.0234375 0.0578125
1 0.9765625 0.775 0.025 0.0859375
1 0.903125 0.784375 0.0234375 0.08125
1 0.840625 0.7765625 0.028125 0.08125
1 0.8640625 0.778125 0.028125 0.08125
1 0.8125 0.7546875 0.0234375 0.08125
1 0.8890625 0.7734375 0.0234375 0.06875
1 0.846875 0.74375 0.021875 0.0703125
1 0.8765625 0.7484375 0.0234375 0.06875
1 0.775 0.7609375 0.0296875 0.0796875
1 0.753125 0.75625 0.025 0.0765625
1 0.740625 0.76875 0.0296875 0.0890625
1 0.7078125 0.7671875 0.0265625 0.090625
1 0.66875 0.759375 0.025 0.08125
1 0.596875 0.6796875 0.0171875 0.046875
1 0.609375 0.678125 0.01875 0.053125
1 0.6828125 0.7453125 0.021875 0.0875
1 0.6296875 0.7265625 0.01875 0.0796875
1 0.615625 0.746875 0.021875 0.0765625
1 0.484375 0.6734375 0.021875 0.0625
1 0.5015625 0.653125 0.0171875 0.05
1 0.484375 0.653125 0.01875 0.0484375
1 0.46875 0.64375 0.0140625 0.0390625
1 0.0875 0.7515625 0.03125 0.06875
1 0.05 0.728125 0.0265625 0.0734375
