1 0.2171875 0.5890625 0.234375 0.565625
0 0.26875 0.3421875 0.09375 0.11875
1 0.4140625 0.5859375 0.19375 0.571875
0 0.4203125 0.3484375 0.09375 0.125
1 0.5734375 0.5921875 0.2015625 0.559375
0 0.5765625 0.371875 0.0859375 0.10625
1 0.68125 0.59375 0.353125 0.5578125
0 0.728125 0.3578125 0.090625 0.10625
1 0.859375 0.509375 0.0484375 0.096875
0 0.8578125 0.4703125 0.0125 0.0109375
1 0.9234375 0.5078125 0.0375 0.109375
0 0.9234375 0.465625 0.0125 0.0125
1 0.94375 0.5109375 0.03125 0.103125
0 0.94375 0.471875 0.0109375 0.0125
1 0.971875 0.503125 0.040625 0.06875
0 0.9640625 0.475 0.009375 0.009375