1 0.8390625 0.6640625 0.3171875 0.33125
0 0.8890625 0.334375 0.21875 0.2421875
1 0.1265625 0.659375 0.2515625 0.340625
0 0.1265625 0.3171875 0.253125 0.303125
1 0.234375 0.6140625 0.1875 0.4328125
0 0.23125 0.446875 0.0734375 0.0875
1 0.3453125 0.615625 0.165625 0.4296875
0 0.3296875 0.446875 0.05625 0.0734375
1 0.5296875 0.6640625 0.35625 0.33125
0 0.590625 0.4125 0.10625 0.140625
1 0.753125 0.60625 0.1796875 0.4484375
0 0.7765625 0.4234375 0.059375 0.059375
1 0.6765625 0.6015625 0.1375 0.396875
0 0.6828125 0.4359375 0.0453125 0.05625
1 0.48125 0.5875 0.10625 0.328125
0 0.484375 0.4484375 0.046875 0.0453125
1 0.4671875 0.5515625 0.06875 0.23125
0 0.4625 0.453125 0.0265625 0.0296875
1 0.3796875 0.60625 0.0875 0.3828125
0 0.375 0.44375 0.0359375 0.0453125