1 0.1921875 0.8109375 0.015625 0.040625
0 0.196875 0.79375 0.003125 0.003125
1 0.18125 0.815625 0.0125 0.0375
0 0.184375 0.8 0.003125 0.0046875
1 0.1671875 0.7953125 0.015625 0.034375
0 0.16875 0.78125 0.003125 0.0046875
1 0.153125 0.8140625 0.015625 0.040625
0 0.1578125 0.7984375 0.00625 0.00625
1 0.1484375 0.8125 0.0140625 0.0421875
0 0.1515625 0.7953125 0.0046875 0.0046875
1 0.1125 0.815625 0.0171875 0.0359375
0 0.11875 0.8 0.003125 0.003125
1 0.090625 0.8265625 0.025 0.0671875
0 0.0953125 0.796875 0.0109375 0.009375
1 0.06875 0.825 0.0296875 0.0703125
0 0.075 0.7921875 0.0078125 0.00625
1 0.01875 0.8234375 0.0265625 0.053125
0 0.028125 0.8015625 0.00625 0.0078125
1 0.0140625 0.809375 0.0140625 0.03125
0 0.01875 0.796875 0.003125 0.003125