1 0.0203125 0.6515625 0.034375 0.15625
1 0.0953125 0.6078125 0.0140625 0.05
1 0.0890625 0.60625 0.0140625 0.053125
1 0.1375 0.6265625 0.028125 0.09375
1 0.1734375 0.6546875 0.04375 0.1546875
1 0.2046875 0.6359375 0.0375 0.121875
1 0.2734375 0.6625 0.059375 0.19375
1 0.315625 0.6328125 0.0328125 0.128125
1 0.378125 0.628125 0.0328125 0.1046875
1 0.3375 0.6140625 0.021875 0.0734375
1 0.4125 0.609375 0.0203125 0.0734375
1 0.4453125 0.6203125 0.028125 0.096875
1 0.5 0.6171875 0.028125 0.084375
1 0.5640625 0.6671875 0.1046875 0.209375
1 0.6546875 0.6640625 0.0671875 0.20625
1 0.8328125 0.640625 0.065625 0.1328125
1 0.8921875 0.625 0.0453125 0.121875
1 0.909375 0.6140625 0.05625 0.09375
1 0.9390625 0.6234375 0.0328125 0.115625
1 0.6 0.6125 0.040625 0.090625
1 0.534375 0.61875 0.0421875 0.1109375
1 0.4546875 0.6046875 0.01875 0.06875
1 0.3609375 0.6 0.0140625 0.0453125
1 0.25625 0.609375 0.021875 0.0671875
1 0.2375 0.6046875 0.0109375 0.0421875
1 0.228125 0.5953125 0.0125 0.0453125
1 0.215625 0.603125 0.0125 0.0453125
