1 0.00625 0.721875 0.0109375 0.1078125
1 0.015625 0.728125 0.0234375 0.096875
1 0.0328125 0.71875 0.028125 0.1
1 0.0296875 0.73125 0.0375 0.1015625
1 0.05 0.7265625 0.0390625 0.1046875
1 0.08125 0.728125 0.03125 0.1015625
1 0.1 0.728125 0.0421875 0.115625
1 0.134375 0.728125 0.0375 0.096875
1 0.15 0.7234375 0.0375 0.1140625
1 0.171875 0.7265625 0.0515625 0.1203125
1 0.2015625 0.725 0.0453125 0.1
1 0.25 0.728125 0.0234375 0.1046875
1 0.278125 0.7359375 0.0609375 0.15625
1 0.2921875 0.753125 0.059375 0.1546875
1 0.3140625 0.7296875 0.0296875 0.115625
1 0.3375 0.721875 0.0328125 0.11875
1 0.346875 0.725 0.0421875 0.121875
1 0.3828125 0.725 0.0375 0.13125
1 0.384375 0.7171875 0.0296875 0.1203125
1 0.4046875 0.725 0.0296875 0.1171875
1 0.4234375 0.725 0.0375 0.1296875
1 0.4578125 0.725 0.0421875 0.1234375
1 0.48125 0.721875 0.0328125 0.115625
1 0.50625 0.7265625 0.053125 0.1296875
1 0.5265625 0.7171875 0.05 0.1296875
1 0.5640625 0.725 0.0515625 0.1265625
1 0.571875 0.7125 0.0484375 0.128125
1 0.625 0.715625 0.0453125 0.1375
1 0.6546875 0.71875 0.0578125 0.15
1 0.6734375 0.7171875 0.0484375 0.1328125
1 0.703125 0.71875 0.0671875 0.14375
1 0.715625 0.7078125 0.0421875 0.14375
1 0.746875 0.7109375 0.0515625 0.14375
1 0.7953125 0.734375 0.0828125 0.171875
1 0.815625 0.715625 0.0484375 0.1328125
1 0.85625 0.70625 0.05625 0.1296875
1 0.909375 0.7046875 0.0625 0.140625
1 0.8109375 0.7015625 0.0375 0.115625
