1 0.8984375 0.6359375 0.2 0.2859375
0 0.8625 0.534375 0.05625 0.0703125
1 0.7546875 0.6234375 0.1484375 0.309375
0 0.7515625 0.509375 0.059375 0.071875
1 0.6875 0.60625 0.1515625 0.3453125
0 0.675 0.471875 0.046875 0.0625
1 0.59375 0.6359375 0.1 0.2859375
0 0.590625 0.521875 0.0390625 0.053125
1 0.6625 0.615625 0.10625 0.3265625
0 0.6453125 0.484375 0.0375 0.05625
1 0.4921875 0.6390625 0.121875 0.28125
0 0.484375 0.5296875 0.040625 0.0515625
1 0.5546875 0.6234375 0.10625 0.3109375
0 0.553125 0.496875 0.04375 0.0515625
1 0.3703125 0.63125 0.1359375 0.296875
0 0.3890625 0.5109375 0.0421875 0.05
1 0.4328125 0.6234375 0.1015625 0.309375
0 0.440625 0.496875 0.0390625 0.05
1 0.246875 0.6359375 0.1265625 0.2859375
0 0.2765625 0.5265625 0.0390625 0.05625
1 0.3125 0.63125 0.096875 0.2953125
0 0.3171875 0.5140625 0.0375 0.05
1 0.1875 0.625 0.1125 0.3078125
0 0.184375 0.503125 0.0375 0.05
1 0.096875 0.646875 0.1625 0.2625
0 0.103125 0.5484375 0.0484375 0.059375