1 0.3421875 0.265625 0.1421875 0.440625
0 0.3453125 0.090625 0.0765625 0.08125
1 0.58125 0.30625 0.25625 0.54375
0 0.5484375 0.0734375 0.06875 0.0765625
1 0.6890625 0.2953125 0.175 0.515625
0 0.6953125 0.084375 0.0859375 0.0890625
1 0.7109375 0.24375 0.1390625 0.4796875
0 0.728125 0.0546875 0.0671875 0.08125
1 0.640625 0.215625 0.0953125 0.33125
0 0.6359375 0.08125 0.0375 0.05625
1 0.7890625 0.19375 0.0640625 0.1875
0 0.803125 0.1140625 0.021875 0.021875
1 0.8171875 0.2171875 0.0234375 0.1671875
0 0.825 0.1453125 0.00625 0.0171875
1 0.5265625 0.58125 0.603125 0.8296875
0 0.41875 0.26875 0.134375 0.1625
1 0.659375 0.5890625 0.3390625 0.7828125
0 0.596875 0.2859375 0.1296875 0.1671875