1 0.1578125 0.528125 0.1859375 0.6734375
0 0.1625 0.253125 0.0828125 0.096875
1 0.25625 0.5171875 0.1734375 0.6265625
0 0.2546875 0.2625 0.071875 0.0921875
1 0.3515625 0.51875 0.16875 0.59375
0 0.3453125 0.2734375 0.0671875 0.0828125
1 0.4375 0.503125 0.171875 0.5515625
0 0.4421875 0.278125 0.0671875 0.078125
1 0.5578125 0.4796875 0.175 0.6171875
0 0.5609375 0.2203125 0.0640625 0.078125
1 0.665625 0.4859375 0.178125 0.5921875
0 0.6671875 0.2359375 0.0609375 0.075
1 0.7890625 0.4875 0.175 0.571875
0 0.8 0.2453125 0.0625 0.0828125
1 0.9109375 0.5046875 0.16875 0.6375
0 0.921875 0.2359375 0.071875 0.0921875
1 0.5546875 0.73125 0.5625 0.2359375
0 0.7609375 0.671875 0.075 0.0921875