1 0.0828125 0.5828125 0.1609375 0.5265625
0 0.0734375 0.375 0.0671875 0.0984375
1 0.1359375 0.51875 0.14375 0.5234375
0 0.125 0.309375 0.065625 0.0875
1 0.2109375 0.5234375 0.2421875 0.5796875
0 0.2171875 0.2875 0.08125 0.0953125
1 0.2546875 0.603125 0.278125 0.50625
0 0.221875 0.4125 0.0984375 0.1140625
1 0.33125 0.553125 0.2359375 0.60625
0 0.3421875 0.2921875 0.08125 0.121875
1 0.3828125 0.5328125 0.228125 0.6296875
0 0.40625 0.265625 0.0625 0.08125
1 0.46875 0.5203125 0.165625 0.528125
0 0.471875 0.2921875 0.05625 0.0640625
1 0.534375 0.5765625 0.209375 0.5625
0 0.540625 0.35 0.08125 0.09375
1 0.6046875 0.5515625 0.1921875 0.5875
0 0.5953125 0.3125 0.075 0.0859375
1 0.7203125 0.521875 0.2 0.66875
0 0.728125 0.2171875 0.084375 0.109375
1 0.8921875 0.5375 0.165625 0.6359375
0 0.9171875 0.2953125 0.0796875 0.09375
1 0.934375 0.525 0.121875 0.6625
0 0.9703125 0.259375 0.05 0.096875