1 0.0140625 0.6609375 0.025 0.1015625
1 0.0140625 0.6234375 0.021875 0.05625
1 0.0171875 0.6453125 0.021875 0.0734375
1 0.0359375 0.7 0.0671875 0.1453125
1 0.04375 0.6625 0.028125 0.1109375
1 0.059375 0.65625 0.028125 0.10625
1 0.08125 0.6578125 0.025 0.0984375
1 0.09375 0.6578125 0.0328125 0.1015625
1 0.096875 0.665625 0.0375 0.103125
1 0.125 0.64375 0.01875 0.078125
1 0.1390625 0.646875 0.028125 0.0765625
1 0.146875 0.6609375 0.040625 0.1015625
1 0.1765625 0.653125 0.028125 0.0859375
1 0.184375 0.6625 0.0265625 0.09375
1 0.2015625 0.646875 0.025 0.075
1 0.221875 0.65625 0.025 0.075
1 0.2375 0.6640625 0.03125 0.1140625
1 0.2484375 0.6875 0.0390625 0.128125
1 0.2375 0.7171875 0.06875 0.1203125
1 0.2640625 0.6234375 0.021875 0.0671875
1 0.2796875 0.6453125 0.025 0.071875
1 0.2796875 0.6125 0.0203125 0.0515625
1 0.2953125 0.621875 0.021875 0.05625
1 0.2921875 0.678125 0.0390625 0.1328125
1 0.3109375 0.65625 0.025 0.0875
1 0.33125 0.671875 0.0484375 0.1203125
1 0.33125 0.6109375 0.0125 0.0390625
1 0.3265625 0.5984375 0.0125 0.0390625
1 0.3421875 0.60625 0.0125 0.04375
1 0.3609375 0.7109375 0.0828125 0.1328125
1 0.3625 0.709375 0.046875 0.1375
1 0.4296875 0.725 0.0640625 0.10625
1 0.48125 0.73125 0.071875 0.0921875
1 0.421875 0.70625 0.0578125 0.1421875
1 0.446875 0.6765625 0.0390625 0.1109375
1 0.465625 0.7109375 0.0421875 0.1296875
1 0.496875 0.721875 0.0515625 0.109375
1 0.4796875 0.6375 0.021875 0.0734375
1 0.459375 0.640625 0.025 0.0734375
1 0.5 0.621875 0.01875 0.0546875
1 0.5203125 0.640625 0.03125 0.0765625
1 0.5390625 0.628125 0.021875 0.0609375
1 0.553125 0.653125 0.0296875 0.09375
1 0.5640625 0.6796875 0.040625 0.109375
1 0.575 0.7140625 0.046875 0.1265625
1 0.6 0.7265625 0.0640625 0.1015625
1 0.5921875 0.6515625 0.0234375 0.0796875
1 0.6015625 0.6484375 0.0234375 0.078125
1 0.6296875 0.7 0.0390625 0.134375
1 0.6640625 0.7203125 0.09375 0.1125
1 0.6796875 0.7140625 0.0546875 0.1265625
1 0.7234375 0.7 0.0625 0.153125
1 0.68125 0.6546875 0.0359375 0.078125
1 0.646875 0.625 0.0171875 0.05625
1 0.634375 0.621875 0.0171875 0.0546875
1 0.609375 0.621875 0.01875 0.0546875
1 0.665625 0.6265625 0.0171875 0.0625
1 0.6765625 0.63125 0.0203125 0.059375
1 0.6921875 0.61875 0.0171875 0.05625
1 0.7328125 0.6546875 0.0296875 0.090625
1 0.75 0.65 0.021875 0.0734375
1 0.7625 0.6328125 0.021875 0.0640625
1 0.784375 0.6515625 0.028125 0.078125
1 0.7984375 0.6578125 0.025 0.0890625
1 0.8171875 0.653125 0.025 0.08125
1 0.81875 0.6703125 0.05 0.1015625
1 0.8328125 0.628125 0.025 0.06875
1 0.8296875 0.615625 0.0203125 0.0640625
1 0.8515625 0.7109375 0.071875 0.1234375
1 0.8703125 0.6671875 0.0515625 0.1109375
1 0.9 0.6703125 0.0265625 0.078125
1 0.9015625 0.6546875 0.0328125 0.0890625
1 0.915625 0.646875 0.028125 0.090625
1 0.9375 0.6609375 0.028125 0.090625
1 0.9171875 0.7109375 0.05 0.1328125
1 0.9765625 0.66875 0.0390625 0.121875
1 0.6140625 0.5078125 0.0078125 0.021875
1 0.4890625 0.628125 0.015625 0.05625
1 0.4453125 0.6140625 0.0203125 0.0484375
1 0.43125 0.6328125 0.01875 0.05625
1 0.309375 0.6140625 0.01875 0.04375
1 0.309375 0.6265625 0.01875 0.0484375
1 0.2125 0.6390625 0.025 0.0734375
1 0.23125 0.6375 0.025 0.075
1 0.1609375 0.6453125 0.0265625 0.0859375
1 0.1109375 0.6484375 0.025 0.0796875
1 0.8828125 0.6359375 0.0203125 0.059375
