1 0.0109375 0.4921875 0.0171875 0.096875
1 0.0265625 0.4953125 0.0390625 0.09375
1 0.0859375 0.5 0.0375 0.1015625
1 0.04375 0.453125 0.08125 0.2296875
1 0.1359375 0.5328125 0.10625 0.4140625
1 0.2328125 0.5453125 0.1171875 0.3375
1 0.321875 0.584375 0.1171875 0.3375
1 0.4125 0.5796875 0.1171875 0.4546875
1 0.4765625 0.5828125 0.1015625 0.3375
1 0.528125 0.6359375 0.134375 0.3984375
1 0.5515625 0.5578125 0.1890625 0.559375
1 0.6359375 0.5625 0.0875 0.2390625
1 0.6953125 0.6359375 0.1140625 0.4
1 0.7234375 0.56875 0.09375 0.253125
1 0.7984375 0.63125 0.134375 0.4140625
1 0.9203125 0.5875 0.15625 0.278125
