1 0.2359375 0.80625 0.0703125 0.184375
0 0.253125 0.73125 0.021875 0.025
1 0.284375 0.809375 0.05625 0.171875
0 0.29375 0.7390625 0.01875 0.0203125
1 0.284375 0.8109375 0.0546875 0.153125
0 0.2984375 0.7453125 0.0140625 0.01875
1 0.3671875 0.8109375 0.05625 0.1546875
0 0.378125 0.746875 0.0203125 0.0234375
1 0.3953125 0.821875 0.065625 0.1765625
0 0.4 0.7484375 0.01875 0.0234375
1 0.453125 0.825 0.059375 0.1828125
0 0.4453125 0.75 0.025 0.03125
1 0.5296875 0.815625 0.075 0.2171875
0 0.5234375 0.7234375 0.0234375 0.03125
1 0.56875 0.825 0.059375 0.16875
0 0.5828125 0.7546875 0.0203125 0.0234375
1 0.815625 0.8546875 0.1125 0.2828125
0 0.8125 0.7421875 0.04375 0.0484375