1 0.888077 0.340230 0.019231 0.032184
1 0.838462 0.320115 0.016923 0.033333
1 0.808077 0.339080 0.019231 0.032184
1 0.646538 0.339080 0.025385 0.041379
1 0.599615 0.345402 0.025385 0.047126
1 0.574231 0.378161 0.022308 0.034483
1 0.531154 0.327586 0.022308 0.034483
1 0.476538 0.332184 0.017692 0.032184
1 0.437308 0.371839 0.026923 0.042529
1 0.342692 0.342529 0.031538 0.052874
1 0.328077 0.393103 0.033077 0.055172
1 0.304231 0.395402 0.031538 0.062069
1 0.279615 0.400575 0.034615 0.056322
1 0.255769 0.363793 0.030000 0.042529
1 0.173077 0.413793 0.041538 0.073563
1 0.080769 0.328161 0.043077 0.070115
1 0.184231 0.374138 0.030000 0.047126
1 0.496923 0.331609 0.012308 0.021839
1 0.522692 0.366092 0.023846 0.037931
1 0.395769 0.389080 0.025385 0.047126
