1 0.834375 0.6375 0.0953125 0.3125
1 0.7625 0.6296875 0.096875 0.2875
1 0.684375 0.6234375 0.09375 0.2703125
1 0.6296875 0.625 0.071875 0.2625
1 0.58125 0.6234375 0.08125 0.2625
1 0.5234375 0.6078125 0.08125 0.28125
1 0.471875 0.6359375 0.0828125 0.26875
1 0.3625 0.63125 0.1125 0.265625
1 0.1734375 0.5953125 0.10625 0.2859375
1 0.253125 0.6 0.1234375 0.2875
1 0.3421875 0.5921875 0.096875 0.2953125
1 0.41875 0.609375 0.0796875 0.2765625
1 0.465625 0.5953125 0.078125 0.26875
1 0.2390625 0.571875 0.08125 0.271875
1 0.3109375 0.58125 0.071875 0.2515625
1 0.5625 0.5890625 0.0734375 0.2421875
1 0.609375 0.6015625 0.06875 0.2375
1 0.6140625 0.584375 0.071875 0.2640625
1 0.6640625 0.596875 0.0703125 0.25625
1 0.7125 0.603125 0.075 0.2609375
1 0.746875 0.5890625 0.071875 0.25625
1 0.8296875 0.6015625 0.0796875 0.2671875
1 0.7875 0.61875 0.08125 0.278125
1 0.4015625 0.5703125 0.071875 0.2296875
