1 0.346875 0.609375 0.19375 0.446875
0 0.39375 0.4296875 0.0625 0.0828125
1 0.0984375 0.5609375 0.175 0.475
0 0.06875 0.3625 0.065625 0.0734375
1 0.2140625 0.46875 0.0765625 0.2265625
0 0.2109375 0.3734375 0.028125 0.03125
1 0.30625 0.4921875 0.1125 0.2875
0 0.3234375 0.3703125 0.0390625 0.040625
1 0.196875 0.4328125 0.03125 0.13125
0 0.20625 0.3734375 0.0125 0.0140625
1 0.2625 0.44375 0.0375 0.178125
0 0.2671875 0.36875 0.0203125 0.0265625
1 0.2734375 0.4328125 0.034375 0.1421875
0 0.2765625 0.375 0.0171875 0.0203125
1 0.0640625 0.5109375 0.121875 0.4015625
0 0.05625 0.3421875 0.0515625 0.0625
1 0.1109375 0.421875 0.0453125 0.1546875
0 0.109375 0.3625 0.021875 0.0234375
1 0.01875 0.45625 0.0375 0.2390625
0 0.00625 0.35625 0.0125 0.03125
1 0.15625 0.4828125 0.0828125 0.3078125
0 0.1578125 0.3546875 0.0421875 0.046875