1 0.128125 0.5578125 0.2359375 0.4359375
0 0.140625 0.3703125 0.06875 0.0828125
1 0.3109375 0.5734375 0.175 0.40625
0 0.296875 0.421875 0.06875 0.0828125
1 0.5125 0.5828125 0.2125 0.3875
0 0.49375 0.4359375 0.06875 0.0828125
1 0.5125 0.6703125 0.2046875 0.2109375
0 0.5140625 0.6078125 0.05625 0.0828125
1 0.6859375 0.5796875 0.1828125 0.3953125
0 0.6828125 0.428125 0.065625 0.0828125
1 0.7640625 0.6078125 0.3015625 0.3359375
0 0.765625 0.4796875 0.0734375 0.0828125
1 0.8828125 0.5640625 0.2140625 0.4234375
0 0.859375 0.4015625 0.0671875 0.0828125