1 0.8015625 0.4640625 0.0203125 0.0484375
1 0.7265625 0.58125 0.103125 0.3828125
1 0.678125 0.5828125 0.1640625 0.3453125
1 0.540625 0.603125 0.103125 0.375
1 0.496875 0.6234375 0.10625 0.390625
1 0.528125 0.565625 0.1140625 0.3609375
1 0.4796875 0.4828125 0.1078125 0.3265625
1 0.4484375 0.5828125 0.1015625 0.390625
1 0.390625 0.625 0.1265625 0.4046875
1 0.359375 0.5578125 0.125 0.41875
1 0.2890625 0.625 0.1515625 0.48125
1 0.2015625 0.621875 0.146875 0.49375
1 0.2640625 0.578125 0.121875 0.446875
