1 0.05625 0.6703125 0.109375 0.2515625
1 0.0671875 0.65625 0.128125 0.246875
1 0.159375 0.6578125 0.1078125 0.2703125
1 0.23125 0.659375 0.14375 0.2375
1 0.284375 0.6703125 0.1359375 0.25
1 0.4265625 0.6703125 0.1390625 0.2578125
1 0.578125 0.6828125 0.1359375 0.234375
1 0.7015625 0.653125 0.1359375 0.2609375
1 0.7328125 0.6796875 0.1015625 0.2328125
1 0.8625 0.6625 0.103125 0.26875
1 0.94375 0.6609375 0.1078125 0.2953125
1 0.9671875 0.6671875 0.059375 0.2546875
1 0.0421875 0.6578125 0.0796875 0.2390625
