1 0.1 0.515625 0.0078125 0.0234375
1 0.1 0.5171875 0.0109375 0.01875
1 0.128125 0.5328125 0.0140625 0.0171875
1 0.1359375 0.53125 0.0171875 0.05
1 0.1546875 0.525 0.0109375 0.03125
1 0.1875 0.5234375 0.0078125 0.025
1 0.228125 0.5265625 0.015625 0.034375
1 0.2421875 0.51875 0.0203125 0.0375
1 0.334375 0.521875 0.0109375 0.0359375
1 0.3421875 0.51875 0.0125 0.0328125
1 0.45 0.5921875 0.2265625 0.3734375
1 0.521875 0.5015625 0.00625 0.0140625
1 0.5453125 0.5234375 0.021875 0.0515625
1 0.5578125 0.525 0.021875 0.0375
1 0.6 0.5 0.0046875 0.0140625
1 0.6328125 0.51875 0.0515625 0.0546875
1 0.6296875 0.525 0.0265625 0.0421875
1 0.665625 0.5234375 0.0203125 0.0359375
1 0.6796875 0.5375 0.025 0.028125
1 0.6890625 0.525 0.0125 0.04375
1 0.696875 0.5234375 0.0140625 0.046875
1 0.7203125 0.534375 0.0203125 0.028125
1 0.63125 0.56875 0.025 0.0734375
1 0.6546875 0.5828125 0.0265625 0.0421875
1 0.6484375 0.578125 0.03125 0.059375
1 0.76875 0.5234375 0.0140625 0.0453125
1 0.7890625 0.5328125 0.021875 0.0234375
1 0.790625 0.53125 0.034375 0.0234375
1 0.8828125 0.5421875 0.0171875 0.065625
1 0.909375 0.540625 0.025 0.0515625
1 0.93125 0.528125 0.0390625 0.0796875
1 0.9875 0.5140625 0.021875 0.046875
1 0.9515625 0.525 0.021875 0.0265625
1 0.2671875 0.528125 0.0140625 0.0375
1 0.2671875 0.5203125 0.0140625 0.0375
