1 0.25 0.51875 0.478125 0.6671875
0 0.1765625 0.2703125 0.128125 0.1390625
1 0.3359375 0.490625 0.3015625 0.6703125
0 0.34375 0.253125 0.0984375 0.1171875
1 0.4125 0.440625 0.1828125 0.546875
0 0.415625 0.2265625 0.0671875 0.103125
1 0.5328125 0.65 0.190625 0.3984375
0 0.565625 0.5265625 0.09375 0.0765625
1 0.646875 0.50625 0.19375 0.5140625
0 0.6046875 0.3234375 0.0859375 0.121875
1 0.875 0.5703125 0.171875 0.5359375
0 0.88125 0.3578125 0.0828125 0.1015625
1 0.8171875 0.5078125 0.14375 0.5125
0 0.815625 0.3046875 0.0703125 0.0921875
1 0.753125 0.421875 0.196875 0.5078125
0 0.7734375 0.2171875 0.0625 0.0734375
1 0.696875 0.40625 0.1296875 0.5
0 0.690625 0.190625 0.0484375 0.0625
1 0.8609375 0.334375 0.0671875 0.2015625
0 0.8640625 0.25 0.021875 0.0296875
1 0.5015625 0.43125 0.1328125 0.390625
0 0.4875 0.2734375 0.059375 0.0671875