1 0.3171875 0.534375 0.346875 0.4875
0 0.2921875 0.378125 0.08125 0.103125
1 0.440625 0.5421875 0.2265625 0.475
0 0.4234375 0.3625 0.0875 0.1171875
1 0.3984375 0.5171875 0.2265625 0.521875
0 0.359375 0.28125 0.08125 0.1015625
1 0.5703125 0.55625 0.2515625 0.446875
0 0.615625 0.3515625 0.1046875 0.1078125
1 0.6625 0.55 0.346875 0.459375
0 0.759375 0.3390625 0.13125 0.1234375
1 0.6375 0.5375 0.3 0.48125
0 0.7140625 0.29375 0.0953125 0.1078125
1 0.609375 0.5328125 0.2203125 0.490625
0 0.6671875 0.3046875 0.071875 0.0890625
1 0.915625 0.33125 0.059375 0.1203125
0 0.925 0.284375 0.0171875 0.0171875
1 0.890625 0.3265625 0.0515625 0.1125
0 0.9046875 0.2828125 0.0125 0.0140625
1 0.86875 0.328125 0.0421875 0.103125
0 0.8765625 0.2890625 0.0140625 0.0140625
1 0.85625 0.3234375 0.04375 0.1078125
0 0.8671875 0.2765625 0.0140625 0.015625
1 0.815625 0.3125 0.0515625 0.1515625
0 0.8171875 0.25 0.0171875 0.021875
1 0.75625 0.3171875 0.0578125 0.1515625
0 0.7625 0.2546875 0.01875 0.021875