1 0.0234375 0.4421875 0.04375 0.0859375
0 0.0171875 0.409375 0.0125 0.0125
1 0.0671875 0.4390625 0.015625 0.0609375
0 0.0671875 0.415625 0.0078125 0.009375
1 0.0484375 0.465625 0.06875 0.1625
0 0.0375 0.396875 0.021875 0.0234375
1 0.0890625 0.4546875 0.0390625 0.1015625
0 0.09375 0.415625 0.0125 0.015625
1 0.1109375 0.453125 0.0515625 0.103125
0 0.115625 0.4125 0.0140625 0.015625
1 0.1359375 0.4390625 0.0125 0.04375
0 0.134375 0.421875 0.0046875 0.00625
1 0.146875 0.4390625 0.0171875 0.053125
0 0.1453125 0.41875 0.00625 0.0078125
1 0.1546875 0.4484375 0.03125 0.09375
0 0.1515625 0.409375 0.0125 0.015625
1 0.15625 0.4453125 0.046875 0.11875
0 0.15625 0.39375 0.0140625 0.015625
1 0.184375 0.45 0.034375 0.0578125
0 0.1765625 0.4265625 0.00625 0.009375
1 0.2140625 0.4484375 0.0296875 0.0984375
0 0.2109375 0.4078125 0.0125 0.015625
1 0.21875 0.4453125 0.0171875 0.0671875
0 0.2203125 0.415625 0.00625 0.0078125
1 0.234375 0.4421875 0.021875 0.0671875
0 0.234375 0.415625 0.0078125 0.009375
1 0.253125 0.446875 0.05625 0.1078125
0 0.246875 0.403125 0.0125 0.0171875
1 0.2796875 0.4453125 0.025 0.0671875
0 0.284375 0.41875 0.00625 0.0078125
1 0.3046875 0.4390625 0.0171875 0.0671875
0 0.3046875 0.4140625 0.009375 0.009375
1 0.3140625 0.440625 0.0390625 0.0796875
0 0.31875 0.4109375 0.0125 0.0125
1 0.3421875 0.44375 0.025 0.09375
0 0.34375 0.40625 0.0125 0.0125
1 0.334375 0.440625 0.0171875 0.0640625
0 0.3328125 0.4125 0.0046875 0.0046875
1 0.35625 0.440625 0.015625 0.0671875
0 0.35625 0.4125 0.00625 0.009375
1 0.3671875 0.44375 0.015625 0.0609375
0 0.3640625 0.4203125 0.00625 0.009375
1 0.3921875 0.440625 0.0421875 0.1046875
0 0.3953125 0.396875 0.0125 0.015625
1 0.396875 0.440625 0.04375 0.1015625
0 0.4 0.4015625 0.009375 0.0140625
1 0.4015625 0.44375 0.0390625 0.0984375
0 0.409375 0.4015625 0.0125 0.0140625
1 0.4234375 0.4421875 0.0265625 0.0609375
0 0.4234375 0.41875 0.0046875 0.0078125
1 0.44375 0.4390625 0.025 0.0671875
0 0.44375 0.4125 0.00625 0.009375
1 0.446875 0.4421875 0.025 0.0609375
0 0.4421875 0.41875 0.009375 0.009375
1 0.459375 0.440625 0.0296875 0.0671875
0 0.459375 0.4125 0.009375 0.0109375
1 0.4828125 0.440625 0.0453125 0.1359375
0 0.4765625 0.3859375 0.015625 0.0171875
1 0.521875 0.4453125 0.0296875 0.1078125
0 0.521875 0.3984375 0.0125 0.0125
1 0.5296875 0.4375 0.0390625 0.121875
0 0.528125 0.3859375 0.015625 0.015625
1 0.553125 0.440625 0.01875 0.0640625
0 0.5546875 0.4171875 0.0078125 0.009375
1 0.5828125 0.44375 0.05 0.1046875
0 0.578125 0.403125 0.0171875 0.0203125
1 0.59375 0.4453125 0.0546875 0.11875
0 0.5984375 0.39375 0.0125 0.015625
1 0.6375 0.440625 0.059375 0.1171875
0 0.634375 0.3921875 0.0171875 0.0171875
1 0.6421875 0.4359375 0.0421875 0.1109375
0 0.6390625 0.3890625 0.0125 0.015625
1 0.6578125 0.446875 0.0515625 0.0984375
0 0.6578125 0.40625 0.0125 0.0140625
1 0.6578125 0.43125 0.0328125 0.1078125
0 0.6578125 0.3875 0.0140625 0.015625
1 0.684375 0.440625 0.0390625 0.0703125
0 0.6890625 0.4125 0.009375 0.009375
1 0.70625 0.4359375 0.059375 0.1171875
0 0.703125 0.3890625 0.0125 0.015625
1 0.734375 0.4375 0.046875 0.1078125
0 0.7328125 0.39375 0.0125 0.015625
1 0.746875 0.44375 0.0578125 0.1109375
0 0.75 0.3984375 0.0140625 0.0171875
1 0.775 0.4390625 0.0484375 0.1015625
0 0.7734375 0.396875 0.0125 0.015625
1 0.7953125 0.4375 0.0421875 0.115625
0 0.796875 0.3890625 0.0125 0.015625
1 0.81875 0.4390625 0.021875 0.0484375
0 0.81875 0.41875 0.00625 0.00625
1 0.8375 0.4375 0.01875 0.0484375
0 0.8390625 0.41875 0.0046875 0.00625
1 0.8375 0.4359375 0.0171875 0.046875
0 0.8375 0.41875 0.0046875 0.00625
1 0.8546875 0.43125 0.046875 0.1046875
0 0.8609375 0.3875 0.0125 0.0140625
1 0.8828125 0.4421875 0.025 0.0796875
0 0.884375 0.4109375 0.009375 0.0140625
1 0.90625 0.4359375 0.021875 0.0640625
0 0.90625 0.409375 0.0078125 0.009375
1 0.915625 0.4375 0.0234375 0.0609375
0 0.9203125 0.415625 0.0046875 0.0078125
1 0.9203125 0.4390625 0.025 0.0625
0 0.9203125 0.4125 0.00625 0.009375
1 0.9296875 0.4375 0.025 0.078125
0 0.9328125 0.40625 0.0125 0.0109375
1 0.94375 0.4453125 0.0171875 0.078125
0 0.9421875 0.4125 0.009375 0.009375
1 0.9609375 0.440625 0.0265625 0.075
0 0.95625 0.409375 0.009375 0.0109375
1 0.971875 0.4328125 0.025 0.0734375
0 0.971875 0.40625 0.009375 0.009375
1 0.984375 0.440625 0.025 0.075
0 0.98125 0.409375 0.009375 0.0109375