1 0.3375 0.4765625 0.0390625 0.11875
0 0.3359375 0.43125 0.0125 0.0171875
1 0.3640625 0.4875 0.05625 0.146875
0 0.3625 0.43125 0.0140625 0.0234375
1 0.3703125 0.4921875 0.1109375 0.1453125
0 0.3859375 0.4375 0.01875 0.0296875
1 0.446875 0.5046875 0.071875 0.184375
0 0.4515625 0.43125 0.0203125 0.0234375
1 0.48125 0.5125 0.06875 0.2015625
0 0.4828125 0.43125 0.0234375 0.03125
1 0.5421875 0.515625 0.090625 0.215625
0 0.546875 0.4328125 0.025 0.028125
1 0.6828125 0.5734375 0.115625 0.265625
0 0.6859375 0.4703125 0.034375 0.040625
1 0.56875 0.615625 0.11875 0.3671875
0 0.55625 0.465625 0.040625 0.0484375
1 0.6234375 0.753125 0.203125 0.4546875
0 0.63125 0.5828125 0.05625 0.053125