1 0.0640625 0.6125 0.11875 0.434375
0 0.0921875 0.4296875 0.0515625 0.0609375
1 0.125 0.625 0.090625 0.3890625
0 0.14375 0.4609375 0.046875 0.0578125
1 0.19375 0.6234375 0.084375 0.3625
0 0.19375 0.46875 0.0390625 0.05
1 0.24375 0.609375 0.09375 0.3578125
0 0.246875 0.4578125 0.0421875 0.05
1 0.2671875 0.6046875 0.0734375 0.3359375
0 0.2703125 0.4609375 0.034375 0.046875
1 0.3328125 0.6140625 0.1046875 0.3171875
0 0.325 0.48125 0.034375 0.0421875
1 0.3515625 0.60625 0.06875 0.3125
0 0.3484375 0.4734375 0.0296875 0.0421875
1 0.3765625 0.5796875 0.0859375 0.35625
0 0.3890625 0.46875 0.0296875 0.0390625
1 0.45625 0.603125 0.096875 0.303125
0 0.4546875 0.475 0.0296875 0.04375
1 0.509375 0.596875 0.06875 0.31875
0 0.5109375 0.4609375 0.0296875 0.0390625
1 0.571875 0.6 0.075 0.296875
0 0.5671875 0.4734375 0.03125 0.0390625
1 0.628125 0.6 0.0875 0.303125
0 0.621875 0.4734375 0.0296875 0.040625
1 0.696875 0.59375 0.096875 0.33125
0 0.6734375 0.4546875 0.0296875 0.04375