1 0.0875 0.5203125 0.0765625 0.18125
1 0.103125 0.5265625 0.065625 0.1671875
1 0.203125 0.5296875 0.065625 0.175
1 0.25 0.528125 0.09375 0.20625
1 0.2796875 0.546875 0.175 0.4609375
1 0.38125 0.5359375 0.1046875 0.2546875
1 0.4375 0.525 0.09375 0.2734375
1 0.496875 0.5328125 0.0671875 0.23125
1 0.540625 0.5109375 0.071875 0.23125
1 0.5640625 0.5765625 0.1453125 0.33125
1 0.5921875 0.540625 0.103125 0.303125
1 0.63125 0.5171875 0.0578125 0.1984375
1 0.6859375 0.51875 0.04375 0.184375
1 0.70625 0.5234375 0.078125 0.2109375
1 0.803125 0.528125 0.09375 0.265625
1 0.7921875 0.528125 0.0609375 0.2078125
1 0.4359375 0.5125 0.071875 0.2265625
