1 0.8078125 0.5515625 0.309375 0.425
1 0.8828125 0.371875 0.05 0.09375
1 0.8375 0.3828125 0.071875 0.0875
1 0.775 0.3640625 0.0484375 0.1265625
1 0.684375 0.346875 0.05 0.109375
1 0.646875 0.3796875 0.08125 0.08125
1 0.665625 0.4421875 0.0953125 0.1265625
1 0.5921875 0.35 0.0421875 0.1171875
1 0.5578125 0.3515625 0.053125 0.1171875
1 0.590625 0.4859375 0.184375 0.1765625
1 0.4296875 0.5640625 0.2875 0.3796875
1 0.55 0.403125 0.0734375 0.075
1 0.48125 0.4265625 0.1 0.1046875
1 0.465625 0.3765625 0.075 0.0765625
1 0.4234375 0.40625 0.0875 0.18125
1 0.365625 0.375 0.0921875 0.15625
1 0.2515625 0.45625 0.1796875 0.1953125
1 0.275 0.4171875 0.103125 0.1125
1 0.1015625 0.4484375 0.0984375 0.109375
1 0.14375 0.3765625 0.053125 0.0890625
1 0.1203125 0.3375 0.028125 0.065625
1 0.1015625 0.3609375 0.0421875 0.1140625
1 0.053125 0.371875 0.04375 0.121875
1 0.0171875 0.3421875 0.034375 0.0859375
1 0.021875 0.403125 0.0421875 0.1734375
