1 0.153125 0.5671875 0.096875 0.271875
0 0.1703125 0.4515625 0.025 0.0359375
1 0.1890625 0.5734375 0.103125 0.303125
0 0.2 0.4453125 0.0375 0.0390625
1 0.2359375 0.565625 0.078125 0.2578125
0 0.259375 0.459375 0.03125 0.0390625
1 0.3 0.5578125 0.0703125 0.2375
0 0.29375 0.4578125 0.028125 0.0296875
1 0.3625 0.5625 0.1171875 0.3203125
0 0.3734375 0.425 0.040625 0.0453125
1 0.396875 0.5703125 0.0921875 0.2546875
0 0.3875 0.4609375 0.025 0.0328125
1 0.4828125 0.5625 0.103125 0.296875
0 0.46875 0.4375 0.03125 0.0421875
1 0.6 0.571875 0.0953125 0.3140625
0 0.5921875 0.440625 0.040625 0.0453125
1 0.653125 0.5890625 0.10625 0.3296875
0 0.6515625 0.45 0.040625 0.046875
1 0.7390625 0.6125 0.078125 0.24375
0 0.7375 0.515625 0.034375 0.0390625