1 0.034375 0.49375 0.025 0.0515625
0 0.0375 0.471875 0.00625 0.00625
1 0.01875 0.5328125 0.0203125 0.046875
0 0.01875 0.5140625 0.00625 0.0078125
1 0.075 0.5390625 0.0234375 0.034375
0 0.0734375 0.528125 0.0078125 0.0078125
1 0.0140625 0.5546875 0.0203125 0.0375
0 0.0171875 0.540625 0.00625 0.0078125
1 0.078125 0.56875 0.03125 0.053125
0 0.0796875 0.5484375 0.0078125 0.0109375
1 0.134375 0.5296875 0.009375 0.0359375
0 0.134375 0.515625 0.0046875 0.0046875
1 0.2 0.5328125 0.01875 0.03125
0 0.2 0.525 0.0078125 0.009375
1 0.2421875 0.5359375 0.0171875 0.03125
0 0.2421875 0.5265625 0.0046875 0.00625
1 0.5828125 0.546875 0.021875 0.0375
0 0.5828125 0.534375 0.0078125 0.0078125
1 0.6375 0.5421875 0.0203125 0.0328125
0 0.6390625 0.53125 0.0078125 0.0078125
1 0.6765625 0.55625 0.0265625 0.0375
0 0.68125 0.5421875 0.0078125 0.0078125
1 0.696875 0.55625 0.0171875 0.0375
0 0.69375 0.54375 0.00625 0.0078125
1 0.725 0.5546875 0.01875 0.040625
0 0.725 0.5390625 0.0046875 0.0046875
1 0.603125 0.615625 0.0234375 0.04375
0 0.60625 0.6 0.0078125 0.009375
1 0.6875 0.60625 0.0234375 0.046875
0 0.6875 0.5890625 0.0078125 0.009375
1 0.8359375 0.5375 0.025 0.03125
0 0.834375 0.5296875 0.00625 0.00625
1 0.8484375 0.5609375 0.0265625 0.0484375
0 0.8453125 0.5421875 0.0078125 0.009375
1 0.803125 0.56875 0.021875 0.03125
0 0.803125 0.559375 0.0078125 0.009375
1 0.828125 0.6125 0.040625 0.075
0 0.8265625 0.5859375 0.009375 0.0109375
1 0.978125 0.58125 0.0265625 0.04375
0 0.9765625 0.565625 0.009375 0.009375
1 0.990625 0.5765625 0.0125 0.05
0 0.9953125 0.5578125 0.003125 0.009375
1 0.046875 0.665625 0.0890625 0.2703125
0 0.0421875 0.5484375 0.0296875 0.03125
1 0.0421875 0.6625 0.0796875 0.2125
0 0.05625 0.5734375 0.0234375 0.0265625
1 0 0.165625 0 0
0 0.2421875 0.571875 0.028125 0.040625
1 0.2328125 0.6671875 0.0890625 0.16875
0 0.2375 0.5984375 0.028125 0.0265625
1 0.3078125 0.5640625 0.25625 0.5125
0 0.2953125 0.375 0.0546875 0.053125
1 0.346875 0.6796875 0.028125 0.0828125
0 0.35 0.6453125 0.009375 0.009375
1 0.4328125 0.684375 0.1078125 0.2921875
0 0.4328125 0.5546875 0.0265625 0.03125
1 0.496875 0.5078125 0.1609375 0.5703125
0 0.534375 0.365625 0.0421875 0.0375
1 0.5453125 0.7 0.0828125 0.1421875
0 0.5296875 0.64375 0.0171875 0.0203125
1 0.634375 0.6890625 0.0703125 0.2125
0 0.6265625 0.596875 0.01875 0.0234375
1 0.678125 0.6875 0.0765625 0.1859375
0 0.678125 0.609375 0.015625 0.01875
1 0.775 0.7 0.140625 0.259375
0 0.7421875 0.5890625 0.028125 0.0265625
1 0.78125 0.70625 0.075 0.1953125
0 0.7734375 0.625 0.0203125 0.025
1 0.9796875 0.703125 0.034375 0.18125
0 0.984375 0.625 0.0203125 0.0234375
1 0.7015625 0.6203125 0.01875 0.040625
0 0.7015625 0.60625 0.0078125 0.009375