1 0.3078125 0.5734375 0.171875 0.3921875
0 0.3125 0.425 0.065625 0.0796875
1 0.4265625 0.5671875 0.140625 0.4046875
0 0.4375 0.4015625 0.0546875 0.0703125
1 0.5296875 0.5578125 0.140625 0.4234375
0 0.528125 0.3859375 0.053125 0.075
1 0.60625 0.5609375 0.1140625 0.41875
0 0.6125 0.3875 0.05 0.0625
1 0.6734375 0.578125 0.1546875 0.3828125
0 0.671875 0.4234375 0.05 0.0671875
1 0.74375 0.5734375 0.1359375 0.3921875
0 0.740625 0.4125 0.05 0.0625
1 0.8359375 0.590625 0.153125 0.359375
0 0.8375 0.4453125 0.0546875 0.059375
1 0.9078125 0.5765625 0.15 0.3859375
0 0.890625 0.4171875 0.04375 0.0625