1 0.0140625 0.6171875 0.0203125 0.053125
0 0.015625 0.59375 0.00625 0.00625
1 0.0515625 0.6046875 0.0140625 0.0390625
0 0.0515625 0.590625 0.0046875 0.00625
1 0.115625 0.6171875 0.0109375 0.053125
0 0.1171875 0.5953125 0.00625 0.00625
1 0.3109375 0.603125 0.0078125 0.0296875
0 0.3140625 0.590625 0.0046875 0.0046875
1 0.2625 0.6484375 0.04375 0.11875
0 0.265625 0.5984375 0.015625 0.015625
1 0.4546875 0.6 0.015625 0.0265625
0 0.4578125 0.590625 0.0046875 0.0046875
1 0.890625 0.6109375 0.0109375 0.040625
0 0.890625 0.59375 0.0046875 0.00625
1 0.4703125 0.64375 0.053125 0.1140625
0 0.471875 0.5953125 0.0140625 0.015625
1 0.4828125 0.6484375 0.028125 0.0984375
0 0.478125 0.6078125 0.0125 0.0125
1 0.5109375 0.6421875 0.0359375 0.10625
0 0.51875 0.596875 0.0109375 0.0109375
1 0.5359375 0.6484375 0.03125 0.0953125
0 0.53125 0.609375 0.0125 0.0140625
1 0.5453125 0.64375 0.0296875 0.10625
0 0.54375 0.6 0.0140625 0.015625