1 0.053125 0.5 0.0875 0.3
1 0.0953125 0.49375 0.0828125 0.3125
1 0.14375 0.4953125 0.096875 0.309375
1 0.2015625 0.490625 0.084375 0.30625
1 0.2359375 0.490625 0.0921875 0.3171875
1 0.2796875 0.4921875 0.1 0.3203125
1 0.328125 0.4828125 0.09375 0.321875
1 0.3640625 0.4953125 0.09375 0.30625
1 0.40625 0.478125 0.08125 0.3328125
1 0.4296875 0.4890625 0.0984375 0.31875
1 0.5 0.484375 0.0921875 0.3203125
1 0.5609375 0.490625 0.1046875 0.31875
1 0.58125 0.465625 0.10625 0.359375
1 0.6578125 0.478125 0.109375 0.3375
1 0.721875 0.4765625 0.0921875 0.353125
1 0.775 0.4515625 0.14375 0.4015625
1 0.8 0.4625 0.11875 0.384375
1 0.890625 0.465625 0.1 0.390625
1 0.9515625 0.4734375 0.090625 0.3875
