1 0.8671875 0.6359375 0.015625 0.046875
0 0.8671875 0.615625 0.0046875 0.0046875
1 0.8546875 0.6359375 0.015625 0.04375
0 0.8578125 0.615625 0.0046875 0.0046875
1 0.9484375 0.6453125 0.0125 0.053125
0 0.946875 0.625 0.0078125 0.009375
1 0.940625 0.65625 0.009375 0.0296875
0 0.940625 0.64375 0.00625 0.00625
1 0.971875 0.628125 0.0125 0.0390625
0 0.971875 0.609375 0.0046875 0.00625
1 0.046875 0.6390625 0.0375 0.0703125
0 0.053125 0.6125 0.0109375 0.0125
1 0.1859375 0.6296875 0.025 0.053125
0 0.190625 0.6109375 0.00625 0.009375
1 0.2078125 0.6375 0.0359375 0.0625
0 0.2109375 0.6140625 0.0078125 0.0109375
1 0.3984375 0.6375 0.034375 0.0640625
0 0.3984375 0.6125 0.0125 0.0125
1 0.534375 0.6171875 0.0125 0.0203125
0 0.5359375 0.6109375 0.003125 0.003125
1 0.6734375 0.6234375 0.0109375 0.025
0 0.6734375 0.615625 0.003125 0.003125