1 0.1984375 0.5828125 0.1578125 0.5375
1 0.3375 0.5875 0.1484375 0.525
1 0.46875 0.584375 0.14375 0.5328125
1 0.590625 0.5859375 0.1484375 0.540625
1 0.7234375 0.5796875 0.153125 0.55
1 0.85625 0.4703125 0.153125 0.48125
1 0.7453125 0.478125 0.1109375 0.4578125
1 0.6234375 0.4703125 0.1390625 0.4796875
1 0.4875 0.4796875 0.1390625 0.4671875
1 0.365625 0.4765625 0.1234375 0.4625
1 0.2625 0.48125 0.1203125 0.478125
1 0.1296875 0.4796875 0.153125 0.4671875
1 0.2890625 0.3546875 0.14375 0.4046875
1 0.434375 0.38125 0.1390625 0.3546875
1 0.575 0.3625 0.146875 0.3765625
1 0.725 0.35625 0.1359375 0.3921875
