1 0.1953125 0.821875 0.0453125 0.1390625
0 0.190625 0.76875 0.021875 0.025
1 0.3234375 0.865625 0.0625 0.1578125
0 0.325 0.8 0.01875 0.0234375
1 0.4125 0.9 0.05625 0.171875
0 0.3984375 0.8296875 0.0203125 0.0265625
1 0.4421875 0.940625 0.0546875 0.1125
0 0.4484375 0.903125 0.025 0.0328125
1 0.7546875 0.915625 0.05625 0.15
0 0.7515625 0.8546875 0.01875 0.025
1 0.7671875 0.86875 0.05625 0.1671875
0 0.7703125 0.7984375 0.021875 0.0234375
1 0.690625 0.840625 0.0515625 0.1421875
0 0.6875 0.784375 0.015625 0.0203125
1 0.64375 0.834375 0.0484375 0.1375
0 0.6546875 0.78125 0.01875 0.025
1 0.525 0.6890625 0.0484375 0.09375
0 0.5203125 0.65 0.0140625 0.0140625
1 0.478125 0.66875 0.0375 0.0875
0 0.471875 0.6328125 0.0109375 0.009375
1 0.4546875 0.61875 0.025 0.0640625
0 0.45 0.59375 0.0109375 0.009375
1 0.46875 0.5859375 0.01875 0.0515625
0 0.4703125 0.565625 0.00625 0.0078125