1 0.090625 0.553125 0.18125 0.5546875
1 0.55625 0.534375 0.271875 0.5921875
1 0.9703125 0.50625 0.0578125 0.2109375
1 0.925 0.5 0.0953125 0.2171875
1 0.8625 0.5109375 0.109375 0.209375
1 0.7875 0.503125 0.1234375 0.2421875
1 0.740625 0.525 0.0953125 0.2046875
1 0.6765625 0.525 0.1109375 0.2125
1 0.6828125 0.5140625 0.1125 0.2328125
1 0.7609375 0.259375 0.1046875 0.178125
1 0.69375 0.290625 0.09375 0.1765625
1 0.709375 0.2578125 0.0984375 0.1765625
1 0.6125 0.321875 0.125 0.175
1 0.56875 0.278125 0.115625 0.1578125
1 0.56875 0.240625 0.0671875 0.1515625
1 0.4765625 0.234375 0.1296875 0.1375
1 0.515625 0.2296875 0.096875 0.1296875
1 0.45 0.534375 0.115625 0.2265625
1 0.3703125 0.528125 0.1109375 0.2421875
1 0.2984375 0.5265625 0.1453125 0.25625
1 0.4046875 0.3875 0.1 0.1453125
1 0.34375 0.3859375 0.1046875 0.1890625
1 0.2828125 0.3859375 0.10625 0.165625
1 0.3484375 0.325 0.090625 0.1765625
1 0.2859375 0.325 0.1078125 0.175
1 0.2046875 0.325 0.1125 0.1796875
1 0.2796875 0.2125 0.1296875 0.0921875
1 0.2421875 0.2421875 0.09375 0.1515625
1 0.1703125 0.240625 0.09375 0.15
1 0.05625 0.325 0.1125 0.215625
1 0.103125 0.2421875 0.1125 0.153125
1 0.1 0.2390625 0.0890625 0.1484375
