1 0.83125 0.5109375 0.2 0.5640625
0 0.8328125 0.271875 0.065625 0.08125
1 0.5671875 0.5171875 0.3265625 0.4578125
0 0.5828125 0.328125 0.065625 0.0734375
1 0.584375 0.4921875 0.2171875 0.546875
0 0.5953125 0.2625 0.059375 0.071875
1 0.2078125 0.540625 0.3890625 0.6703125
0 0.2421875 0.265625 0.0875 0.10625
1 0.8578125 0.3625 0.0765625 0.24375
0 0.853125 0.265625 0.021875 0.0265625
1 0.7890625 0.3671875 0.06875 0.2390625
0 0.7890625 0.2640625 0.025 0.0296875
1 0.725 0.365625 0.08125 0.2515625
0 0.71875 0.259375 0.021875 0.03125
1 0.64375 0.35625 0.1 0.278125
0 0.640625 0.2515625 0.03125 0.034375
1 0.56875 0.3640625 0.084375 0.271875
0 0.56875 0.2515625 0.0265625 0.0390625
1 0.5 0.3640625 0.084375 0.2828125
0 0.4953125 0.2421875 0.0328125 0.0421875
1 0.4359375 0.3625 0.0828125 0.2875
0 0.4390625 0.246875 0.028125 0.0390625
1 0.359375 0.378125 0.0828125 0.2734375
0 0.3546875 0.26875 0.0265625 0.0375
1 0.2734375 0.3671875 0.0953125 0.3015625
0 0.26875 0.24375 0.034375 0.040625
1 0.1984375 0.3703125 0.090625 0.296875
0 0.2 0.2453125 0.0328125 0.04375
1 0.1375 0.3875 0.1015625 0.2765625
0 0.1359375 0.2734375 0.034375 0.04375
1 0.06875 0.3875 0.0828125 0.2796875
0 0.0640625 0.2671875 0.03125 0.0375
1 0.0203125 0.39375 0.0375 0.2734375
0 0.0078125 0.2828125 0.0140625 0.028125
1 0.028125 0.3296875 0.0546875 0.2890625
0 0.015625 0.20625 0.03125 0.04375
1 0.08125 0.3453125 0.08125 0.271875
0 0.0796875 0.23125 0.03125 0.0390625
1 0.1515625 0.3453125 0.0859375 0.2703125
0 0.146875 0.23125 0.028125 0.034375
1 0.296875 0.340625 0.0625 0.2578125
0 0.3 0.234375 0.03125 0.0375
1 0.3578125 0.3390625 0.0859375 0.25625
0 0.35 0.23125 0.03125 0.034375
1 0.4109375 0.3375 0.078125 0.2609375
0 0.403125 0.2234375 0.0296875 0.0296875
1 0.503125 0.3359375 0.09375 0.259375
0 0.5046875 0.225 0.025 0.0328125
1 0.5625 0.328125 0.0765625 0.275
0 0.5625 0.209375 0.0296875 0.0328125
1 0.634375 0.33125 0.0640625 0.2421875
0 0.640625 0.2484375 0.0265625 0.0359375
1 0.7078125 0.3203125 0.08125 0.271875
0 0.7109375 0.2046875 0.0296875 0.0375
1 0.7859375 0.328125 0.078125 0.2390625
0 0.78125 0.228125 0.0265625 0.03125
1 0.803125 0.271875 0.0671875 0.2390625
0 0.796875 0.175 0.025 0.03125
1 0.478125 0.296875 0.06875 0.2578125
0 0.4703125 0.1875 0.0265625 0.034375
1 0.3015625 0.303125 0.0765625 0.25625
0 0.29375 0.1984375 0.0296875 0.028125
1 0.225 0.2890625 0.0765625 0.284375
0 0.234375 0.1765625 0.0296875 0.0390625
1 0.1359375 0.3046875 0.096875 0.259375
0 0.1296875 0.19375 0.0296875 0.0375
1 0.059375 0.3046875 0.06875 0.259375
0 0.05625 0.1984375 0.0296875 0.0375
1 0.040625 0.2296875 0.0796875 0.2203125
0 0.034375 0.125 0.025 0.0109375
1 0.071875 0.228125 0.0765625 0.215625
0 0.071875 0.1359375 0.028125 0.0328125
1 0.1484375 0.225 0.084375 0.209375
0 0.1515625 0.1328125 0.0296875 0.0265625
1 0.2203125 0.215625 0.0765625 0.1921875
0 0.2140625 0.13125 0.028125 0.0234375
1 0.3015625 0.2140625 0.0734375 0.1890625
0 0.3015625 0.1265625 0.025 0.0140625
1 0.3546875 0.203125 0.0640625 0.1671875
0 0.3453125 0.125 0.021875 0.0109375
1 0.5328125 0.2453125 0.0765625 0.234375
0 0.5375 0.146875 0.03125 0.03125
1 0.6078125 0.2484375 0.0828125 0.2375
0 0.603125 0.146875 0.028125 0.0328125
1 0.68125 0.25625 0.0765625 0.225
0 0.675 0.1625 0.025 0.03125