1 0.031915 0.490431 0.023404 0.039872
1 0.099468 0.217703 0.020213 0.036683
1 0.186702 0.635566 0.024468 0.033493
1 0.184574 0.575758 0.020213 0.031898
1 0.260106 0.600478 0.020213 0.033493
1 0.282447 0.558214 0.022340 0.035088
1 0.322872 0.496810 0.020213 0.036683
1 0.402128 0.225678 0.021277 0.030303
1 0.405851 0.165072 0.020213 0.030303
1 0.491489 0.354067 0.023404 0.041467
1 0.540957 0.287081 0.020213 0.031898
1 0.259043 0.960128 0.020213 0.038278
1 0.334043 0.850080 0.019149 0.031898
1 0.380851 0.949761 0.023404 0.036683
1 0.473404 0.901914 0.021277 0.033493
1 0.507447 0.845295 0.023404 0.035088
1 0.609043 0.783094 0.024468 0.035088
1 0.566489 0.629984 0.022340 0.041467
1 0.619681 0.510367 0.020213 0.035088
1 0.744149 0.787879 0.024468 0.038278
1 0.770213 0.694577 0.021277 0.033493
1 0.779255 0.566986 0.020213 0.039872
1 0.812234 0.981659 0.022340 0.036683
1 0.805319 0.929027 0.023404 0.030303
1 0.817021 0.829346 0.021277 0.038278
1 0.892021 0.916268 0.022340 0.033493
1 0.939362 0.964115 0.025532 0.036683
1 0.978723 0.928230 0.023404 0.035088
1 0.987234 0.849282 0.023404 0.036683
1 0.932447 0.725678 0.024468 0.041467
1 0.876064 0.484051 0.022340 0.039872
1 0.994149 0.463317 0.011702 0.039872
1 0.994149 0.369219 0.011702 0.039872
1 0.985106 0.318979 0.021277 0.035088
1 0.878191 0.255981 0.022340 0.039872
1 0.765957 0.352472 0.021277 0.038278
1 0.663298 0.302233 0.022340 0.036683
1 0.666489 0.078150 0.018085 0.038278
1 0.625000 0.025518 0.020213 0.041467
1 0.566489 0.019936 0.024468 0.039872
