1 0.2546875 0.609375 0.0921875 0.3421875
0 0.259375 0.4609375 0.034375 0.040625
1 0.2796875 0.6 0.0921875 0.36875
0 0.2875 0.446875 0.0453125 0.05625
1 0.328125 0.61875 0.0921875 0.365625
0 0.340625 0.4671875 0.046875 0.05625
1 0.3859375 0.596875 0.1171875 0.3390625
0 0.39375 0.4609375 0.0375 0.0546875
1 0.503125 0.6046875 0.1234375 0.3296875
0 0.4890625 0.4671875 0.0359375 0.0515625
1 0.609375 0.521875 0.0390625 0.0953125
0 0.609375 0.484375 0.0109375 0.0140625
1 0.6421875 0.6109375 0.1203125 0.346875
0 0.6484375 0.4640625 0.0359375 0.0484375
1 0.7109375 0.6328125 0.1953125 0.315625
0 0.6453125 0.509375 0.046875 0.0640625
1 0.7578125 0.7953125 0.14375 0.4046875
0 0.7625 0.6359375 0.0609375 0.0828125
1 0.7 0.60625 0.1 0.296875
0 0.678125 0.4875 0.040625 0.0484375
1 0.66875 0.6359375 0.0796875 0.24375
0 0.653125 0.5375 0.034375 0.0390625