1 0.2015625 0.521875 0.1015625 0.153125
1 0.2625 0.5953125 0.171875 0.196875
1 0.3390625 0.590625 0.153125 0.2
1 0.3921875 0.584375 0.0984375 0.1875
1 0.4421875 0.5890625 0.1046875 0.1921875
1 0.490625 0.5796875 0.13125 0.2125
1 0.5203125 0.5875 0.1671875 0.190625
1 0.6421875 0.4046875 0.0359375 0.0796875
1 0.665625 0.4046875 0.0296875 0.075
1 0.7125 0.4109375 0.0296875 0.0671875
1 0.73125 0.3984375 0.034375 0.0828125
1 0.7609375 0.3875 0.040625 0.1
1 0.8046875 0.409375 0.065625 0.125
1 0.8265625 0.484375 0.0875 0.2015625
1 0.75625 0.3921875 0.0390625 0.0859375
1 0.81875 0.3875 0.0375 0.09375
