1 0.1 0.6875 0.1421875 0.3234375
0 0.10625 0.553125 0.0453125 0.046875
1 0.2703125 0.7 0.153125 0.296875
0 0.2546875 0.5796875 0.0453125 0.05
1 0.365625 0.703125 0.1203125 0.2921875
0 0.353125 0.5828125 0.04375 0.046875
1 0.4546875 0.6875 0.10625 0.3234375
0 0.459375 0.55625 0.04375 0.0515625
1 0.55625 0.6953125 0.1578125 0.3078125
0 0.565625 0.56875 0.0453125 0.046875
1 0.6765625 0.69375 0.1359375 0.3109375
0 0.66875 0.5671875 0.0515625 0.0515625
1 0.6796875 0.684375 0.1 0.303125
0 0.6625 0.559375 0.0375 0.0515625
1 0.753125 0.6859375 0.115625 0.3203125
0 0.74375 0.5484375 0.04375 0.0421875
1 0.8671875 0.703125 0.13125 0.290625
0 0.865625 0.5921875 0.053125 0.0515625
1 0.915625 0.7015625 0.0859375 0.29375
0 0.90625 0.5828125 0.0453125 0.046875
1 0.9265625 0.7015625 0.140625 0.29375
0 0.9078125 0.58125 0.04375 0.0421875
1 0 0.1453125 0 0
0 0.9765625 0.534375 0.0234375 0.0265625