1 0.24375 0.6921875 0.0390625 0.0484375
0 0.2484375 0.678125 0.009375 0.015625
1 0.321875 0.715625 0.0640625 0.1484375
0 0.309375 0.65625 0.01875 0.021875
1 0.375 0.696875 0.0546875 0.1546875
0 0.371875 0.6328125 0.015625 0.0125
1 0.4921875 0.7203125 0.0828125 0.2046875
0 0.465625 0.6375 0.0234375 0.028125
1 0.61875 0.71875 0.075 0.15625
0 0.6359375 0.6546875 0.021875 0.025
1 0.6578125 0.703125 0.10625 0.2421875
0 0.6609375 0.6015625 0.0328125 0.0328125
1 0.8 0.7046875 0.171875 0.246875
0 0.7609375 0.6140625 0.046875 0.053125
1 0.8515625 0.703125 0.1046875 0.2515625
0 0.825 0.60625 0.0390625 0.0484375
1 0.8984375 0.7171875 0.1375 0.2234375
0 0.875 0.6328125 0.046875 0.05