1 0.9640625 0.59375 0.0671875 0.184375
1 0.921875 0.5421875 0.040625 0.115625
1 0.90625 0.5953125 0.0640625 0.178125
1 0.928125 0.4875 0.0265625 0.0703125
1 0.884375 0.490625 0.0375 0.0671875
1 0.8546875 0.4890625 0.021875 0.065625
1 0.834375 0.4890625 0.0296875 0.06875
1 0.8734375 0.5328125 0.0328125 0.0953125
1 0.84375 0.5921875 0.0703125 0.2078125
1 0.771875 0.5890625 0.0921875 0.2125
1 0.809375 0.6109375 0.046875 0.146875
1 0.7265625 0.53125 0.0328125 0.09375
1 0.74375 0.4921875 0.0265625 0.0640625
1 0.68125 0.4796875 0.0265625 0.065625
1 0.6375 0.484375 0.0265625 0.065625
1 0.6703125 0.590625 0.0609375 0.1578125
1 0.609375 0.5140625 0.03125 0.10625
1 0.5921875 0.4765625 0.01875 0.0609375
1 0.54375 0.5703125 0.046875 0.1796875
1 0.496875 0.56875 0.053125 0.1890625
1 0.465625 0.565625 0.05 0.16875
1 0.30625 0.5640625 0.103125 0.1921875
1 0.1953125 0.48125 0.0234375 0.078125
1 0.16875 0.4703125 0.0296875 0.0734375
1 0.1421875 0.50625 0.0421875 0.10625
1 0.1109375 0.5375 0.0828125 0.1984375
1 0.0890625 0.4984375 0.0421875 0.103125
1 0.0609375 0.5046875 0.0453125 0.0984375
1 0.05625 0.4859375 0.028125 0.0890625
1 0.0265625 0.5390625 0.05 0.184375
