1 0.2 0.5890625 0.071875 0.1921875
0 0.1984375 0.50625 0.0234375 0.021875
1 0.40625 0.6265625 0.1265625 0.24375
0 0.375 0.525 0.0375 0.0375
1 0.5109375 0.6328125 0.1015625 0.31875
0 0.509375 0.4984375 0.0375 0.040625
1 0.68125 0.603125 0.1203125 0.2484375
0 0.6765625 0.4984375 0.028125 0.0375
1 0.653125 0.58125 0.0921875 0.215625
0 0.6578125 0.4890625 0.025 0.028125
1 0.69375 0.51875 0.0875 0.26875
0 0.684375 0.4484375 0.0359375 0.028125
1 0.7578125 0.5078125 0.071875 0.2828125
0 0.7734375 0.434375 0.0390625 0.0328125