1 0.275 0.5078125 0.084375 0.284375
0 0.2765625 0.39375 0.0328125 0.040625
1 0.321875 0.484375 0.0953125 0.296875
0 0.3234375 0.3578125 0.0296875 0.0390625
1 0.359375 0.525 0.0875 0.2796875
0 0.3734375 0.4078125 0.03125 0.04375
1 0.36875 0.5625 0.084375 0.228125
0 0.3609375 0.471875 0.028125 0.0390625
1 0.43125 0.5109375 0.09375 0.296875
0 0.4265625 0.3890625 0.028125 0.04375
1 0.50625 0.51875 0.109375 0.303125
0 0.5 0.39375 0.0296875 0.040625
1 0.61875 0.5171875 0.075 0.246875
0 0.621875 0.4171875 0.0265625 0.040625
1 0.64375 0.4875 0.0796875 0.246875
0 0.640625 0.3875 0.025 0.0328125
1 0.6828125 0.5125 0.0734375 0.25625
0 0.6796875 0.4078125 0.0296875 0.0359375
1 0.734375 0.4890625 0.0984375 0.2921875
0 0.7265625 0.365625 0.0328125 0.0421875
1 0.5671875 0.4921875 0.071875 0.2640625
0 0.559375 0.3859375 0.028125 0.040625
1 0.3921875 0.490625 0.0671875 0.253125
0 0.396875 0.3875 0.0296875 0.0375