1 0.05703125 0.4890625 0.1140625 0.528125
1 0.1296875 0.6328125 0.1875 0.340625
1 0.2796875 0.6265625 0.1515625 0.340625
1 0.6921875 0.6375 0.21875 0.34375
1 0.7453125 0.66875 0.2640625 0.4078125
1 0.13125 0.4765625 0.146875 0.4046875
1 0.221875 0.4484375 0.1171875 0.3828125
1 0.24375 0.4875 0.134375 0.384375
1 0.3265625 0.4625 0.103125 0.43125
1 0.4 0.4671875 0.171875 0.4578125
1 0.4875 0.4265625 0.1078125 0.3609375
1 0.5296875 0.4828125 0.1390625 0.41875
1 0.5921875 0.4515625 0.1015625 0.375
1 0.6375 0.478125 0.096875 0.3953125
1 0.70625 0.475 0.1046875 0.4
1 0.7828125 0.471875 0.15 0.4359375
1 0.828125 0.5828125 0.2140625 0.46875
1 0.8546875 0.484375 0.1671875 0.4703125
1 0.90625 0.5484375 0.18125 0.515625
