1 0.0734375 0.278125 0.14375 0.171875
0 0.0703125 0.2 0.0375 0.015625
1 0.690625 0.646875 0.28125 0.31875
0 0.6125 0.5484375 0.084375 0.109375
1 0.4546875 0.675 0.23125 0.2625
0 0.446875 0.603125 0.078125 0.1078125
1 0.34375 0.646875 0.146875 0.3171875
0 0.33125 0.5359375 0.0625 0.0875
1 0.225 0.6578125 0.1921875 0.2953125
0 0.2125 0.5703125 0.075 0.103125
1 0.66875 0.5328125 0.2640625 0.5453125
0 0.61875 0.2796875 0.0953125 0.121875
1 0.4703125 0.55625 0.1921875 0.4984375
0 0.4625 0.3546875 0.059375 0.078125
1 0.3265625 0.478125 0.16875 0.428125
0 0.3625 0.309375 0.059375 0.0859375
1 0.753125 0.534375 0.2 0.54375
0 0.715625 0.3125 0.078125 0.0875
1 0.5484375 0.525 0.1515625 0.5140625
0 0.546875 0.3140625 0.06875 0.0859375
1 0.3609375 0.384375 0.13125 0.325
0 0.3875 0.2625 0.05625 0.078125
1 0.4390625 0.50625 0.16875 0.54375
0 0.4390625 0.2859375 0.0625 0.08125