1 0.05625 0.5375 0.10625 0.515625
1 0.096875 0.5234375 0.121875 0.4625
1 0.1515625 0.54375 0.13125 0.4671875
1 0.2015625 0.5609375 0.16875 0.4859375
1 0.21875 0.5390625 0.11875 0.4703125
1 0.328125 0.5609375 0.1390625 0.4265625
1 0.325 0.5234375 0.1390625 0.41875
1 0.3859375 0.5453125 0.171875 0.51875
1 0.459375 0.578125 0.134375 0.4109375
1 0.4984375 0.5375 0.10625 0.40625
1 0.5421875 0.534375 0.121875 0.4328125
1 0.5640625 0.5609375 0.134375 0.41875
1 0.61875 0.5390625 0.1125 0.3734375
1 0.6453125 0.571875 0.1515625 0.4921875
1 0.7125 0.5796875 0.1171875 0.4328125
1 0.79375 0.5765625 0.1625 0.4890625
1 0.8875 0.571875 0.1671875 0.515625
