1 0.7609375 0.49375 0.0359375 0.0703125
0 0.75 0.465625 0.009375 0.0125
1 0.6859375 0.5359375 0.0921875 0.26875
0 0.6875 0.4234375 0.03125 0.034375
1 0.5984375 0.54375 0.1015625 0.2421875
0 0.5921875 0.44375 0.028125 0.028125
1 0.5375 0.54375 0.06875 0.2296875
0 0.5484375 0.44375 0.0265625 0.025
1 0.575 0.528125 0.04375 0.20625
0 0.575 0.440625 0.021875 0.0234375
1 0.5171875 0.528125 0.0625 0.2125
0 0.50625 0.4390625 0.0234375 0.0234375
1 0.4734375 0.5296875 0.078125 0.2140625
0 0.46875 0.4421875 0.0234375 0.0265625
1 0.403125 0.54375 0.10625 0.234375
0 0.4015625 0.4484375 0.025 0.03125
1 0.009375 0.49375 0.015625 0.103125
0 0.003125 0.45 0.003125 0.0125