1 0.921875 0.65625 0.0359375 0.0984375
1 0.865625 0.6578125 0.05 0.0890625
1 0.8359375 0.6546875 0.0421875 0.0890625
1 0.7546875 0.66875 0.0515625 0.071875
1 0.7359375 0.65 0.0375 0.090625
1 0.54375 0.6703125 0.0484375 0.140625
1 0.5328125 0.665625 0.040625 0.1421875
1 0.5015625 0.6671875 0.04375 0.128125
1 0.4453125 0.6671875 0.0578125 0.146875
1 0.43125 0.6625 0.046875 0.1328125
1 0.4078125 0.6671875 0.040625 0.134375
1 0.3640625 0.675 0.046875 0.13125
1 0.3765625 0.6359375 0.01875 0.071875
1 0.3640625 0.6546875 0.0328125 0.121875
1 0.3390625 0.6578125 0.03125 0.1109375
1 0.315625 0.6578125 0.0296875 0.1140625
1 0.3265625 0.65625 0.025 0.115625
1 0.296875 0.6578125 0.0359375 0.11875
1 0.2734375 0.659375 0.0328125 0.11875
1 0.2765625 0.65 0.040625 0.1296875
