1 0.1046875 0.8 0.0390625 0.0609375
0 0.109375 0.775 0.01875 0.0171875
1 0.1109375 0.7953125 0.040625 0.0703125
0 0.1125 0.7734375 0.0109375 0.0109375
1 0.2203125 0.7953125 0.0234375 0.06875
0 0.225 0.76875 0.0109375 0.0125
1 0.259375 0.8 0.0296875 0.059375
0 0.2671875 0.7796875 0.009375 0.0125
1 0.371875 0.80625 0.028125 0.0484375
0 0.371875 0.7875 0.0078125 0.0125
1 0.4015625 0.8015625 0.0453125 0.0578125
0 0.4015625 0.7859375 0.0125 0.0125
1 0.553125 0.8078125 0.040625 0.04375
0 0.553125 0.796875 0.0125 0.0078125
1 0.5921875 0.803125 0.0375 0.053125
0 0.5921875 0.7953125 0.009375 0.0125
1 0.621875 0.8109375 0.0203125 0.0390625
0 0.61875 0.8 0.0109375 0.0125
1 0.63125 0.8109375 0.03125 0.0375
0 0.6296875 0.8 0.0109375 0.0125
1 0.646875 0.809375 0.0296875 0.040625
0 0.646875 0.80625 0.0125 0.0125
1 0.6640625 0.809375 0.028125 0.040625
0 0.6640625 0.796875 0.0078125 0.0078125
1 0.6828125 0.8125 0.0296875 0.034375
0 0.68125 0.8078125 0.009375 0.009375
1 0.7203125 0.809375 0.028125 0.0421875
0 0.715625 0.7953125 0.0109375 0.009375
1 0.734375 0.8109375 0.0234375 0.0375
0 0.7328125 0.803125 0.00625 0.0078125
1 0.75 0.809375 0.0328125 0.040625
0 0.7515625 0.8046875 0.009375 0.009375
1 0.7765625 0.8046875 0.0375 0.0515625
0 0.7703125 0.8015625 0.0109375 0.0109375