1 0.228125 0.6640625 0.1609375 0.3296875
1 0.4578125 0.6484375 0.1921875 0.3609375
1 0.7109375 0.6703125 0.1765625 0.3140625
1 0.865625 0.6375 0.209375 0.3796875
1 0.9359375 0.6515625 0.125 0.3515625
1 0.984375 0.6015625 0.0265625 0.2046875
1 0.7484375 0.6390625 0.1 0.26875
1 0.6515625 0.6328125 0.0953125 0.278125
1 0.5921875 0.6296875 0.084375 0.25
1 0.5 0.646875 0.1265625 0.3453125
1 0.4296875 0.6390625 0.1171875 0.3359375
1 0.590625 0.6 0.0671875 0.21875
1 0.6671875 0.5734375 0.078125 0.228125
1 0.6328125 0.565625 0.0515625 0.1734375
1 0.5390625 0.5703125 0.0640625 0.1828125
1 0.484375 0.5625 0.0671875 0.1828125
1 0.38125 0.553125 0.0546875 0.165625
1 0.3296875 0.5453125 0.071875 0.1625
1 0.2796875 0.5484375 0.0453125 0.140625
1 0.25625 0.5328125 0.046875 0.121875
1 0.2171875 0.5296875 0.0390625 0.10625
1 0.2015625 0.5265625 0.034375 0.090625
1 0.0328125 0.5484375 0.059375 0.1703125
1 0.0765625 0.5234375 0.0359375 0.0890625
1 0.1046875 0.521875 0.0375 0.0953125
1 0.128125 0.5328125 0.0390625 0.0984375
1 0.1703125 0.534375 0.040625 0.10625
1 0.746875 0.5796875 0.0640625 0.1796875
1 0.721875 0.559375 0.0515625 0.1734375
1 0.7421875 0.5453125 0.0421875 0.1625
