1 0.090625 0.5703125 0.1765625 0.2125
1 0.2453125 0.58125 0.18125 0.24375
1 0.115625 0.5390625 0.1140625 0.1921875
1 0.209375 0.5328125 0.1015625 0.18125
1 0.2296875 0.5125 0.1 0.1515625
1 0.3640625 0.4921875 0.053125 0.0921875
1 0.459375 0.5859375 0.1953125 0.234375
1 0.459375 0.5359375 0.1078125 0.1953125
1 0.5171875 0.503125 0.128125 0.109375
1 0.534375 0.5390625 0.1265625 0.175
1 0.634375 0.4625 0.0390625 0.0671875
1 0.665625 0.525 0.0921875 0.1578125
1 0.68125 0.4671875 0.0359375 0.0703125
1 0.709375 0.4703125 0.046875 0.075
1 0.7640625 0.553125 0.1859375 0.18125
1 0.8671875 0.5421875 0.115625 0.1984375
1 0.915625 0.475 0.0515625 0.1640625
1 0.953125 0.4828125 0.0609375 0.1734375
1 0.1515625 0.496875 0.06875 0.1078125
1 0.1625 0.4875 0.0515625 0.08125
1 0.2296875 0.4796875 0.0484375 0.06875
1 0.2609375 0.475 0.0359375 0.0640625
1 0.2765625 0.4859375 0.053125 0.0859375
1 0.2921875 0.4640625 0.040625 0.0578125
1 0.33125 0.48125 0.05 0.08125
1 0.34375 0.478125 0.0453125 0.08125
1 0.38125 0.478125 0.0453125 0.078125
1 0.428125 0.5125 0.0796875 0.1296875
1 0.5953125 0.4671875 0.0421875 0.0671875
1 0.59375 0.478125 0.0390625 0.075
1 0.6203125 0.4828125 0.0515625 0.0828125
1 0.684375 0.496875 0.065625 0.0953125
1 0.678125 0.5171875 0.075 0.15
