1 0.1953125 0.4609375 0.3140625 0.715625
0 0.2046875 0.3140625 0.0796875 0.1046875
1 0.33125 0.465625 0.1953125 0.6203125
0 0.328125 0.3375 0.0703125 0.0984375
1 0.4515625 0.4609375 0.2 0.5359375
0 0.4453125 0.3453125 0.05625 0.0796875
1 0.5125 0.4390625 0.1953125 0.5265625
0 0.534375 0.321875 0.059375 0.0796875
1 0.6796875 0.4 0.2359375 0.55625
0 0.6390625 0.2984375 0.0625 0.075
1 0.8328125 0.484375 0.2984375 0.5828125
0 0.8546875 0.3265625 0.06875 0.09375
1 0.6734375 0.5625 0.340625 0.5078125
0 0.728125 0.3546875 0.075 0.0890625