1 0.8703125 0.54375 0.1328125 0.3296875
1 0.7890625 0.5171875 0.1265625 0.334375
1 0.771875 0.5578125 0.121875 0.2859375
1 0.7296875 0.65 0.1265625 0.3
1 0.73125 0.5078125 0.103125 0.2734375
1 0.6796875 0.4390625 0.10625 0.2984375
1 0.6671875 0.559375 0.146875 0.3609375
1 0.6109375 0.4859375 0.109375 0.3359375
1 0.546875 0.4375 0.1 0.2953125
1 0.553125 0.5375 0.103125 0.3515625
1 0.4859375 0.503125 0.103125 0.3390625
1 0.4859375 0.41875 0.096875 0.3046875
1 0.4546875 0.3953125 0.0921875 0.30625
1 0.396875 0.4875 0.10625 0.3515625
1 0.396875 0.4140625 0.115625 0.3421875
1 0.3359375 0.353125 0.096875 0.309375
1 0.30625 0.4296875 0.096875 0.3515625
1 0.30625 0.48125 0.1125 0.39375
1 0.259375 0.3546875 0.1 0.3140625
1 0.2359375 0.503125 0.1421875 0.378125
1 0.16875 0.4875 0.1203125 0.3453125
