1 0.1265625 0.55625 0.2171875 0.546875
1 0.103125 0.5703125 0.1296875 0.4578125
1 0.1609375 0.5640625 0.0890625 0.3359375
1 0.1875 0.49375 0.053125 0.18125
1 0.2671875 0.5390625 0.125 0.384375
1 0.2984375 0.5671875 0.1484375 0.453125
1 0.365625 0.709375 0.1140625 0.228125
1 0.4265625 0.546875 0.1078125 0.328125
1 0.5265625 0.5546875 0.1015625 0.325
1 0.609375 0.571875 0.153125 0.378125
1 0.6484375 0.54375 0.10625 0.3421875
1 0.7109375 0.56875 0.1046875 0.3421875
1 0.8140625 0.5796875 0.14375 0.4375
1 0.8640625 0.5703125 0.13125 0.3984375
1 0.95 0.5859375 0.096875 0.453125
