1 0.225 0.5625 0.090625 0.4171875
0 0.23125 0.3875 0.05 0.059375
1 0.3015625 0.571875 0.153125 0.3703125
0 0.3015625 0.4171875 0.0453125 0.05625
1 0.375 0.5296875 0.1421875 0.4234375
0 0.3828125 0.353125 0.046875 0.0640625
1 0.459375 0.5875 0.128125 0.390625
0 0.421875 0.4171875 0.046875 0.0453125
1 0.5234375 0.571875 0.140625 0.3953125
0 0.53125 0.4 0.0421875 0.046875
1 0.646875 0.5515625 0.1390625 0.3890625
0 0.646875 0.3921875 0.04375 0.05625
1 0.6828125 0.5671875 0.15 0.4234375
0 0.7046875 0.3875 0.0546875 0.0578125
1 0.759375 0.55625 0.1484375 0.3421875
0 0.725 0.4125 0.0421875 0.053125