1 0.371875 0.7859375 0.4140625 0.4234375
0 0.2109375 0.65 0.090625 0.1515625
1 0.365625 0.734375 0.2875 0.3390625
0 0.2984375 0.6140625 0.071875 0.1
1 0.3890625 0.6765625 0.1890625 0.221875
0 0.3625 0.6015625 0.0578125 0.078125
1 0.3703125 0.6265625 0.134375 0.2078125
0 0.346875 0.5484375 0.0421875 0.05
1 0.41875 0.6 0.1140625 0.1921875
0 0.3984375 0.5390625 0.0421875 0.0546875
1 0.475 0.5984375 0.0875 0.19375
0 0.4765625 0.525 0.0359375 0.04375
1 0.509375 0.621875 0.134375 0.2203125
0 0.534375 0.5484375 0.0421875 0.05625
1 0.525 0.6828125 0.1921875 0.2828125
0 0.55625 0.5796875 0.05625 0.0703125
1 0.6046875 0.6703125 0.221875 0.4171875
0 0.615625 0.50625 0.0703125 0.084375
1 0.6015625 0.775 0.2984375 0.446875
0 0.6296875 0.6171875 0.0953125 0.11875
1 0.74375 0.75 0.171875 0.496875
0 0.771875 0.5828125 0.115625 0.146875