1 0.240625 0.5625 0.1375 0.3453125
1 0.3421875 0.5703125 0.1546875 0.36875
1 0.45625 0.5796875 0.1421875 0.24375
1 0.31875 0.4390625 0.0953125 0.2671875
1 0.378125 0.453125 0.1125 0.3328125
1 0.45625 0.453125 0.1 0.2890625
1 0.521875 0.4390625 0.05625 0.19375
1 0.5546875 0.4 0.0984375 0.2828125
1 0.596875 0.4734375 0.134375 0.3890625
1 0.7 0.4203125 0.14375 0.28125
1 0.7078125 0.5359375 0.1734375 0.3203125
1 0.803125 0.4234375 0.1265625 0.35
1 0.084375 0.5140625 0.009375 0.021875
1 0.05625 0.5015625 0.009375 0.0203125
1 0.8453125 0.45625 0.0125 0.0390625
1 0.88125 0.45625 0.0125 0.04375
1 0.8921875 0.4578125 0.009375 0.0421875
1 0.9 0.45625 0.0125 0.0375
