1 0.8546875 0.5671875 0.05625 0.2875
1 0.815625 0.571875 0.06875 0.2921875
1 0.74375 0.56875 0.06875 0.29375
1 0.6671875 0.5578125 0.06875 0.31875
1 0.609375 0.5671875 0.0921875 0.309375
1 0.5921875 0.5671875 0.0578125 0.290625
1 0.4921875 0.55625 0.0953125 0.3390625
1 0.5421875 0.578125 0.0609375 0.2734375
1 0.421875 0.578125 0.078125 0.3046875
1 0.3109375 0.56875 0.1015625 0.328125
1 0.2703125 0.5703125 0.078125 0.31875
1 0.19375 0.5734375 0.09375 0.30625
1 0.153125 0.565625 0.0953125 0.3
1 0.0484375 0.5640625 0.096875 0.3140625
1 0.9828125 0.6015625 0.03125 0.103125
1 0.953125 0.596875 0.05 0.109375
1 0.9046875 0.603125 0.0515625 0.1
1 0.9125 0.5703125 0.04375 0.084375
1 0.9375 0.54375 0.053125 0.0703125
1 0.9796875 0.5015625 0.0359375 0.084375
1 0.9390625 0.4953125 0.0421875 0.08125
1 0.9078125 0.49375 0.034375 0.0671875
1 0.884375 0.4921875 0.034375 0.078125
1 0.8875 0.5015625 0.0328125 0.0671875
1 0.925 0.5140625 0.0375 0.078125
1 0.9375 0.5234375 0.0328125 0.078125
1 0.89375 0.553125 0.04375 0.0859375
1 0.7859375 0.496875 0.034375 0.065625
1 0.771875 0.5125 0.0359375 0.075
1 0.7984375 0.553125 0.04375 0.08125
1 0.8046875 0.5765625 0.0453125 0.078125
1 0.71875 0.4984375 0.0375 0.0796875
1 0.6859375 0.4953125 0.0328125 0.0734375
1 0.70625 0.5140625 0.0359375 0.0921875
1 0.7 0.5265625 0.0359375 0.0765625
1 0.6890625 0.5515625 0.0390625 0.0796875
1 0.734375 0.6015625 0.0546875 0.1015625
1 0.5796875 0.4921875 0.040625 0.075
1 0.5421875 0.496875 0.0375 0.075
1 0.4609375 0.4984375 0.0421875 0.071875
1 0.4671875 0.5296875 0.0390625 0.0765625
1 0.4671875 0.6 0.05625 0.10625
1 0.4125 0.59375 0.0578125 0.11875
1 0.409375 0.534375 0.0390625 0.078125
1 0.378125 0.5328125 0.034375 0.075
1 0.3703125 0.553125 0.04375 0.08125
1 0.4015625 0.49375 0.03125 0.06875
1 0.39375 0.5125 0.0390625 0.0765625
1 0.375 0.4984375 0.03125 0.071875
1 0.30625 0.496875 0.0359375 0.075
1 0.25 0.5 0.034375 0.075
1 0.1234375 0.4953125 0.034375 0.0640625
1 0.09375 0.4890625 0.0328125 0.06875
1 0.034375 0.496875 0.03125 0.0625
1 0.015625 0.5 0.0296875 0.0703125
1 0.0171875 0.53125 0.0328125 0.084375
1 0.1296875 0.51875 0.0375 0.0765625
1 0.1078125 0.5421875 0.046875 0.08125
1 0.8890625 0.5234375 0.0375 0.075
1 0.7703125 0.6015625 0.05 0.1046875
1 0.29375 0.55625 0.0375 0.0828125
1 0.10625 0.515625 0.0328125 0.0640625
1 0.04375 0.534375 0.0375 0.0796875
