1 0.884375 0.525 0.19375 0.3421875
0 0.8953125 0.39375 0.053125 0.078125
1 0.8015625 0.546875 0.1859375 0.3796875
0 0.771875 0.3921875 0.05 0.065625
1 0.6734375 0.5265625 0.1625 0.3359375
0 0.6515625 0.39375 0.05 0.065625
1 0.5859375 0.5515625 0.221875 0.3828125
0 0.521875 0.3953125 0.05625 0.071875
1 0.48125 0.5546875 0.2375 0.409375
0 0.4609375 0.3953125 0.0796875 0.0875
1 0.3328125 0.540625 0.390625 0.50625
0 0.29375 0.35625 0.1234375 0.1328125
1 0.271875 0.56875 0.540625 0.45
0 0.1484375 0.35 0.1796875 0.1796875
1 0.5546875 0.415625 0.00625 0.0140625
0 0.5546875 0.4109375 0.0015625 0.0015625
1 0.58125 0.415625 0.009375 0.0203125
0 0.5828125 0.4078125 0.0015625 0.003125
1 0.5765625 0.4140625 0.00625 0.0140625
0 0.5765625 0.4109375 0.0015625 0.0015625
1 0.8125 0.396875 0.00625 0.0140625
0 0.8125 0.390625 0.0015625 0.003125
1 0.8109375 0.3921875 0.0078125 0.0203125
0 0.8125 0.3859375 0.0015625 0.003125
1 0.796875 0.3921875 0.0078125 0.01875
0 0.796875 0.3859375 0.0015625 0.003125