1 0.0546875 0.484375 0.090625 0.378125
1 0.0984375 0.4328125 0.08125 0.3171875
1 0.1859375 0.5234375 0.203125 0.3375
1 0.9 0.56875 0.134375 0.4671875
1 0.784375 0.46875 0.096875 0.39375
1 0.6953125 0.421875 0.08125 0.3125
1 0.646875 0.38125 0.0765625 0.2640625
1 0.6078125 0.35625 0.05625 0.2328125
1 0.5546875 0.4265625 0.09375 0.2953125
1 0.546875 0.540625 0.1375 0.384375
1 0.4671875 0.503125 0.1296875 0.36875
1 0.3875 0.53125 0.153125 0.390625
1 0.353125 0.46875 0.1 0.2765625
1 0.35 0.44375 0.1078125 0.29375
1 0.5890625 0.340625 0.0625 0.215625
1 0.5515625 0.33125 0.06875 0.2171875
1 0.5171875 0.4671875 0.103125 0.33125
1 0.4375 0.4671875 0.078125 0.3078125
1 0.45625 0.446875 0.084375 0.3203125
