1 0.5859375 0.5828125 0.190625 0.465625
1 0.46875 0.525 0.1328125 0.3125
1 0.15625 0.58125 0.1296875 0.3421875
1 0.196875 0.5203125 0.0734375 0.275
1 0.065625 0.571875 0.13125 0.4375
1 0.1265625 0.5234375 0.0921875 0.34375
1 0.140625 0.509375 0.0796875 0.3046875
1 0.21875 0.5 0.1125 0.2796875
1 0.24375 0.4671875 0.08125 0.2421875
1 0.21875 0.4765625 0.109375 0.2734375
1 0.2578125 0.4546875 0.0578125 0.2125
1 0.2640625 0.4375 0.0640625 0.2171875
1 0.271875 0.41875 0.0515625 0.1984375
1 0.303125 0.415625 0.0578125 0.1890625
1 0.340625 0.4078125 0.0546875 0.1875
1 0.371875 0.4046875 0.0609375 0.171875
1 0.4 0.384375 0.0421875 0.1703125
1 0.4296875 0.4046875 0.0515625 0.196875
1 0.471875 0.4109375 0.065625 0.190625
1 0.5203125 0.409375 0.059375 0.215625
1 0.5671875 0.4171875 0.06875 0.234375
1 0.625 0.421875 0.0671875 0.2640625
1 0.665625 0.46875 0.0640625 0.2453125
1 0.7171875 0.4640625 0.0921875 0.30625
1 0.7625 0.503125 0.1484375 0.3359375
1 0.7671875 0.5453125 0.1328125 0.328125
1 0.75625 0.496875 0.10625 0.265625
1 0.828125 0.5671875 0.128125 0.3578125
1 0.8625 0.6625 0.265625 0.3828125
1 0.865625 0.6234375 0.175 0.4609375
1 0.8875 0.6453125 0.1359375 0.4171875
1 0.865625 0.4671875 0.1125 0.359375
1 0.796875 0.4453125 0.1265625 0.36875
1 0.0921875 0.4734375 0.06875 0.30625
1 0.153125 0.39375 0.0671875 0.2234375
1 0.05 0.4125 0.071875 0.2421875
1 0.25 0.3765625 0.0609375 0.203125
1 0.2171875 0.384375 0.05625 0.1875
1 0.18125 0.38125 0.0609375 0.2296875
1 0.2984375 0.3875 0.0484375 0.1703125
1 0.353125 0.38125 0.0609375 0.184375
1 0.4109375 0.3625 0.0578125 0.1921875
1 0.453125 0.375 0.0546875 0.190625
1 0.4875 0.38125 0.040625 0.1671875
1 0.484375 0.3515625 0.0484375 0.1890625
1 0.5625 0.35625 0.05625 0.1734375
1 0.6203125 0.3859375 0.0640625 0.2296875
1 0.66875 0.3984375 0.06875 0.24375
1 0.7140625 0.453125 0.0796875 0.3234375
1 0.6890625 0.3984375 0.0640625 0.23125
1 0.1 0.41875 0.0953125 0.2296875
1 0.3359375 0.384375 0.0515625 0.1828125
1 0.421875 0.3875 0.0375 0.1671875
1 0.4515625 0.3859375 0.040625 0.1703125
1 0.9578125 0.575 0.0765625 0.434375
1 0 0.1421875 0 0
1 0.2203125 0.4171875 0.0671875 0.190625
