1 0.8328125 0.55625 0.1296875 0.321875
1 0.7203125 0.565625 0.096875 0.30625
1 0.746875 0.5359375 0.1046875 0.3109375
1 0.6515625 0.575 0.11875 0.34375
1 0.6875 0.5234375 0.0734375 0.2890625
1 0.5078125 0.5875 0.1296875 0.3640625
1 0.5640625 0.5484375 0.09375 0.3265625
1 0.61875 0.5359375 0.0953125 0.2859375
1 0.378125 0.6 0.1359375 0.4015625
1 0.2265625 0.5953125 0.146875 0.403125
1 0.3078125 0.575 0.11875 0.3484375
1 0.4296875 0.5609375 0.1046875 0.35
1 0.49375 0.525 0.1234375 0.340625
1 0.2203125 0.5 0.10625 0.31875
1 0.2734375 0.5328125 0.0984375 0.3328125
1 0.35625 0.5015625 0.0953125 0.309375
1 0.3125 0.4671875 0.0859375 0.29375
1 0.25625 0.4328125 0.0875 0.25625
1 0.184375 0.415625 0.0859375 0.253125
1 0.1796875 0.3734375 0.1 0.2203125
1 0.390625 0.4421875 0.071875 0.24375
1 0.61875 0.4734375 0.071875 0.225
1 0.6734375 0.4609375 0.065625 0.23125
1 0.6015625 0.453125 0.071875 0.2484375
1 0.5265625 0.4265625 0.059375 0.2140625
1 0.4265625 0.465625 0.08125 0.2390625
1 0.484375 0.4640625 0.0796875 0.2609375
1 0.5390625 0.484375 0.071875 0.2328125
1 0.5546875 0.340625 0.046875 0.1375
1 0.521875 0.3453125 0.05625 0.1390625
1 0.41875 0.3921875 0.0578125 0.1859375
1 0.4484375 0.3578125 0.046875 0.15
1 0.475 0.3546875 0.040625 0.15625
1 0.5015625 0.340625 0.0375 0.125
1 0.403125 0.38125 0.053125 0.178125
1 0.3671875 0.35 0.040625 0.1484375
1 0.35 0.4015625 0.0625 0.19375
1 0.2390625 0.3609375 0.0484375 0.171875
1 0.2671875 0.3375 0.059375 0.1578125
1 0.628125 0.459375 0.0609375 0.2671875
1 0.5859375 0.4171875 0.0578125 0.1984375
1 0.565625 0.3984375 0.0453125 0.184375
1 0.53125 0.3953125 0.0421875 0.19375
1 0.4796875 0.40625 0.053125 0.2078125
1 0.421875 0.371875 0.0375 0.1890625
1 0.4453125 0.4359375 0.0609375 0.221875
1 0.3640625 0.3578125 0.0390625 0.178125
1 0.353125 0.3703125 0.0484375 0.1796875
1 0.3296875 0.3984375 0.05 0.209375
1 0.3140625 0.3765625 0.0421875 0.196875
1 0.3015625 0.3796875 0.053125 0.19375
1 0.278125 0.39375 0.0625 0.2046875
1 0.2171875 0.371875 0.05625 0.203125
