1 0.078125 0.596875 0.153125 0.5984375
0 0.0265625 0.3453125 0.05 0.071875
1 0.175 0.5296875 0.1625 0.48125
0 0.18125 0.325 0.0546875 0.0671875
1 0.2328125 0.4953125 0.14375 0.3625
0 0.25 0.3453125 0.0421875 0.0546875
1 0.2640625 0.4765625 0.0921875 0.2359375
0 0.2609375 0.378125 0.025 0.0265625
1 0.4 0.540625 0.1484375 0.490625
0 0.40625 0.33125 0.05625 0.06875
1 0.53125 0.5078125 0.1359375 0.4296875
0 0.525 0.3265625 0.0453125 0.05625
1 0.6671875 0.515625 0.1640625 0.440625
0 0.6703125 0.3375 0.05 0.0671875
1 0.753125 0.4828125 0.06875 0.19375
0 0.759375 0.4015625 0.0203125 0.0265625
1 0.8515625 0.521875 0.2609375 0.51875
0 0.8328125 0.303125 0.059375 0.078125
1 0.834375 0.615625 0.321875 0.5875
0 0.85625 0.378125 0.096875 0.10625