1 0.8765625 0.5890625 0.1953125 0.48125
1 0.796875 0.5671875 0.0546875 0.178125
1 0.728125 0.53125 0.084375 0.253125
1 0.7546875 0.4890625 0.1015625 0.2015625
1 0.84375 0.4953125 0.08125 0.2203125
1 0.78125 0.4484375 0.0328125 0.0953125
1 0.8 0.4453125 0.021875 0.065625
1 0.909375 0.434375 0.0234375 0.0546875
1 0.7109375 0.48125 0.0421875 0.190625
1 0.671875 0.471875 0.0453125 0.1875
1 0.646875 0.484375 0.0609375 0.2125
1 0.6015625 0.4984375 0.065625 0.225
1 0.578125 0.521875 0.059375 0.2125
1 0.540625 0.5296875 0.146875 0.3046875
1 0.1578125 0.5765625 0.1953125 0.471875
1 0.2953125 0.58125 0.165625 0.496875
1 0.43125 0.6015625 0.1953125 0.4546875
1 0.3859375 0.58125 0.11875 0.4296875
1 0.2390625 0.5703125 0.0796875 0.3625
1 0.290625 0.59375 0.128125 0.4
1 0.4609375 0.5515625 0.1375 0.3515625
