1 0.928125 0.603125 0.1359375 0.45
1 0.8296875 0.60625 0.175 0.446875
1 0.925 0.565625 0.128125 0.4
1 0.821875 0.5859375 0.1015625 0.4
1 0.7921875 0.5625 0.0890625 0.3796875
1 0.8203125 0.4859375 0.06875 0.3015625
1 0.71875 0.584375 0.14375 0.3921875
1 0.634375 0.5640625 0.1296875 0.371875
1 0.559375 0.5484375 0.0984375 0.35
1 0.490625 0.559375 0.0796875 0.2859375
1 0.471875 0.5296875 0.1078125 0.3140625
1 0.375 0.553125 0.103125 0.340625
1 0.2671875 0.5546875 0.1453125 0.384375
1 0.1453125 0.5765625 0.159375 0.4375
1 0.0671875 0.584375 0.13125 0.43125
1 0.6390625 0.5234375 0.09375 0.3484375
1 0.515625 0.5171875 0.09375 0.3140625
1 0.453125 0.5015625 0.0875 0.3234375
1 0.528125 0.49375 0.0984375 0.35
1 0.41875 0.53125 0.0796875 0.3015625
1 0.2890625 0.521875 0.1 0.3265625
1 0.296875 0.5109375 0.0828125 0.2921875
1 0.196875 0.559375 0.1234375 0.3671875
1 0.34375 0.540625 0.0984375 0.3203125
1 0.3703125 0.490625 0.09375 0.3375
1 0.8484375 0.55625 0.1375 0.403125
1 0.69375 0.5546875 0.09375 0.3671875
1 0.73125 0.5265625 0.1046875 0.4
1 0.6078125 0.5421875 0.0828125 0.3203125
