1 0.0921875 0.58125 0.1828125 0.4515625
1 0.18125 0.5859375 0.1234375 0.4421875
1 0.2671875 0.6109375 0.128125 0.39375
1 0.2984375 0.590625 0.1078125 0.3984375
1 0.3703125 0.59375 0.171875 0.4265625
1 0.4265625 0.6 0.140625 0.4140625
1 0.49375 0.6046875 0.16875 0.40625
1 0.5515625 0.584375 0.1609375 0.440625
1 0.6140625 0.609375 0.125 0.396875
1 0.671875 0.596875 0.1484375 0.421875
1 0.70625 0.6203125 0.128125 0.375
1 0.8125 0.596875 0.1578125 0.4203125
1 0.834375 0.5765625 0.1609375 0.4609375
1 0.921875 0.58125 0.1515625 0.453125
