1 0.025 0.4953125 0.0484375 0.328125
1 0.14375 0.396875 0.04375 0.115625
1 0.196875 0.3953125 0.05625 0.159375
1 0.165625 0.375 0.0296875 0.096875
1 0.1703125 0.3609375 0.01875 0.0640625
1 0.271875 0.603125 0.2109375 0.540625
1 0.403125 0.646875 0.1078125 0.3515625
1 0.328125 0.5265625 0.16875 0.3953125
1 0.3921875 0.41875 0.109375 0.1921875
1 0.4625 0.4875 0.121875 0.3890625
1 0.54375 0.5578125 0.15 0.496875
1 0.6515625 0.5734375 0.2265625 0.5234375
1 0.69375 0.578125 0.215625 0.5890625
1 0.865625 0.6609375 0.2515625 0.38125
1 0.871875 0.678125 0.25 0.3890625
