1 0.1796875 0.5671875 0.025 0.109375
1 0.2125 0.5796875 0.0390625 0.125
1 0.221875 0.590625 0.05625 0.1515625
1 0.2 0.7078125 0.0671875 0.2890625
1 0.24375 0.815625 0.140625 0.325
1 0.2484375 0.58125 0.0265625 0.1140625
1 0.2765625 0.55625 0.0328125 0.0796875
1 0.3078125 0.559375 0.0390625 0.090625
1 0.2875 0.6140625 0.065625 0.1640625
1 0.35625 0.565625 0.04375 0.103125
1 0.3421875 0.6296875 0.0484375 0.1765625
1 0.3859375 0.69375 0.0796875 0.2671875
1 0.4171875 0.6546875 0.0765625 0.2125
1 0.30625 0.728125 0.0984375 0.3125
1 0.5421875 0.8375 0.2828125 0.31875
1 0.4703125 0.6421875 0.06875 0.2125
1 0.521875 0.5828125 0.0515625 0.1546875
1 0.5515625 0.640625 0.0546875 0.2046875
1 0.5921875 0.584375 0.0578125 0.146875
1 0.596875 0.5640625 0.0390625 0.125
1 0.6765625 0.5640625 0.04375 0.11875
1 0.7046875 0.5578125 0.0328125 0.1078125
1 0.7265625 0.575 0.0515625 0.1453125
1 0.7625 0.65625 0.0734375 0.2078125
1 0.765625 0.546875 0.03125 0.071875
1 0.7828125 0.5546875 0.028125 0.0921875
1 0.7890625 0.5578125 0.0328125 0.1125
1 0.803125 0.578125 0.0515625 0.1375
1 0.165625 0 0 0
1 0.621875 0.5421875 0.028125 0.075
1 0.3828125 0.809375 0.1578125 0.3546875
