1 0.7109375 0.590625 0.0890625 0.2125
0 0.709375 0.5046875 0.0296875 0.0359375
1 0.6609375 0.55 0.06875 0.1609375
0 0.6578125 0.4890625 0.0234375 0.0296875
1 0.61875 0.428125 0.0265625 0.065625
0 0.621875 0.403125 0.0078125 0.00625
1 0.6265625 0.4265625 0.0203125 0.0578125
0 0.6265625 0.4046875 0.00625 0.00625
1 0.6015625 0.428125 0.0125 0.04375
0 0.6015625 0.4109375 0.00625 0.00625
1 0.5375 0.4296875 0.009375 0.0234375
0 0.5375 0.421875 0.003125 0.003125
1 0.296875 0.471875 0.0171875 0.0234375
0 0.29375 0.4625 0.0046875 0.0046875