1 0.0578125 0.5953125 0.1125 0.3484375
1 0.0234375 0.5859375 0.04375 0.31875
1 0.0953125 0.6 0.0828125 0.3140625
1 0.128125 0.596875 0.0671875 0.28125
1 0.1296875 0.5734375 0.065625 0.3
1 0.1625 0.6046875 0.0921875 0.3125
1 0.196875 0.6828125 0.115625 0.19375
1 0.2171875 0.575 0.1 0.3
1 0.2921875 0.56875 0.103125 0.321875
1 0.2671875 0.584375 0.140625 0.3015625
1 0.3171875 0.578125 0.0921875 0.2921875
1 0.3421875 0.59375 0.1171875 0.340625
1 0.2421875 0.596875 0.115625 0.3203125
1 0.4265625 0.6640625 0.1140625 0.190625
1 0.3890625 0.59375 0.0953125 0.31875
1 0.396875 0.575 0.0890625 0.2828125
1 0.484375 0.5890625 0.103125 0.3015625
1 0.4609375 0.553125 0.1234375 0.2953125
1 0.5484375 0.575 0.1 0.31875
1 0.525 0.66875 0.109375 0.1734375
1 0.5546875 0.65625 0.153125 0.1953125
1 0.6203125 0.5875 0.1 0.3296875
1 0.646875 0.5703125 0.0734375 0.275
1 0.646875 0.5625 0.059375 0.2546875
1 0.6078125 0.66875 0.109375 0.21875
1 0.6875 0.665625 0.096875 0.203125
1 0.6953125 0.5828125 0.0828125 0.3078125
1 0.75625 0.665625 0.0890625 0.190625
1 0.7453125 0.603125 0.0828125 0.2796875
1 0.75 0.5609375 0.0828125 0.2765625
1 0.775 0.578125 0.0796875 0.2890625
1 0.8265625 0.603125 0.103125 0.3125
1 0.834375 0.68125 0.109375 0.1828125
1 0.928125 0.6859375 0.103125 0.16875
1 0.95625 0.696875 0.06875 0.153125
1 0.84375 0.575 0.0828125 0.296875
1 0.8875 0.5796875 0.0859375 0.2859375
1 0.9046875 0.6125 0.0875 0.3046875
1 0.965625 0.5703125 0.0609375 0.265625
1 0.9765625 0.7359375 0.0421875 0.1046875
