1 0.0890625 0.56875 0.1421875 0.440625
0 0.0921875 0.390625 0.046875 0.0578125
1 0.1859375 0.584375 0.125 0.41875
0 0.1890625 0.4109375 0.04375 0.0609375
1 0.2453125 0.5609375 0.1078125 0.41875
0 0.2546875 0.3890625 0.05 0.0640625
1 0.325 0.5796875 0.1359375 0.4234375
0 0.3296875 0.4078125 0.0515625 0.075
1 0.3953125 0.5453125 0.128125 0.4453125
0 0.3984375 0.365625 0.05 0.0640625
1 0.490625 0.565625 0.1171875 0.43125
0 0.4953125 0.3890625 0.0421875 0.0671875
1 0.540625 0.5765625 0.1609375 0.4390625
0 0.5515625 0.4 0.0453125 0.0609375
1 0.6640625 0.5515625 0.146875 0.50625
0 0.659375 0.3296875 0.046875 0.0625
1 0.76875 0.54375 0.1515625 0.459375
0 0.7640625 0.35 0.0484375 0.059375
1 0.809375 0.584375 0.140625 0.425
0 0.8015625 0.4015625 0.046875 0.0578125
1 0.928125 0.5671875 0.11875 0.4578125
0 0.9140625 0.3734375 0.053125 0.0609375