1 0.0203125 0.4234375 0.040625 0.171875
1 0.0578125 0.421875 0.078125 0.1703125
1 0.046875 0.346875 0.0703125 0.16875
1 0.1203125 0.4359375 0.0734375 0.14375
1 0.15625 0.3203125 0.0734375 0.14375
1 0.1765625 0.39375 0.059375 0.159375
1 0.2265625 0.3984375 0.06875 0.153125
1 0.275 0.39375 0.0546875 0.175
1 0.3171875 0.3203125 0.0546875 0.1421875
1 0.3703125 0.303125 0.08125 0.1390625
1 0.328125 0.3875 0.06875 0.1390625
1 0.4078125 0.3390625 0.065625 0.140625
1 0.4703125 0.3390625 0.065625 0.1390625
1 0.4203125 0.415625 0.1 0.1765625
1 0.54375 0.3390625 0.0859375 0.1359375
1 0.60625 0.3046875 0.078125 0.15
1 0.6453125 0.303125 0.08125 0.1375
1 0.771875 0.3046875 0.0859375 0.171875
1 0.8484375 0.3390625 0.0703125 0.146875
1 0.8671875 0.3046875 0.0640625 0.1390625
1 0.9125 0.3046875 0.0609375 0.1359375
1 0.95625 0.303125 0.0578125 0.134375
1 0.81875 0.425 0.08125 0.1734375
1 0.8703125 0.425 0.0765625 0.259375
1 0.9484375 0.4234375 0.0859375 0.175
1 0.9859375 0.4234375 0.025 0.1703125
1 0.640625 0.540625 0.2328125 0.3328125
1 0.4234375 0.5125 0.2421875 0.2671875
1 0.4484375 0.6640625 0.3109375 0.278125
1 0.2546875 0.6203125 0.259375 0.3625
1 0.1203125 0.690625 0.240625 0.28125
