1 0.9421875 0.7171875 0.1125 0.3125
0 0.98125 0.6078125 0.034375 0.08125
1 0.8328125 0.665625 0.2875 0.415625
0 0.890625 0.4578125 0.1046875 0.13125
1 0.6859375 0.634375 0.178125 0.478125
0 0.721875 0.4484375 0.0703125 0.0984375
1 0.7703125 0.5859375 0.240625 0.575
0 0.8015625 0.3390625 0.071875 0.0765625
1 0.5625 0.56875 0.290625 0.6015625
0 0.59375 0.31875 0.071875 0.090625
1 0.359375 0.5390625 0.228125 0.596875
0 0.41875 0.2890625 0.075 0.0859375
1 0.209375 0.5578125 0.1828125 0.528125
0 0.265625 0.3359375 0.0640625 0.0765625
1 0.1171875 0.5640625 0.1734375 0.4640625
0 0.1671875 0.3625 0.05 0.0546875
1 0.0671875 0.5328125 0.134375 0.484375
0 0.1 0.3359375 0.0578125 0.075