1 0.1953125 0.45 0.0296875 0.0515625
0 0.1921875 0.43125 0.009375 0.009375
1 0.2796875 0.5484375 0.075 0.24375
0 0.2875 0.45 0.028125 0.0328125
1 0.34375 0.5421875 0.0421875 0.2015625
0 0.3375 0.45625 0.0234375 0.0265625
1 0.3765625 0.5390625 0.0828125 0.24375
0 0.378125 0.43125 0.0234375 0.0234375
1 0.5 0.55 0.071875 0.24375
0 0.49375 0.4484375 0.025 0.0328125
1 0.3265625 0.575 0.346875 0.5125
0 0.384375 0.35625 0.0765625 0.0640625
1 0.8296875 0.5765625 0.1953125 0.4703125
0 0.7765625 0.3796875 0.0625 0.0625
1 0.946875 0.478125 0.04375 0.19375
0 0.940625 0.396875 0.021875 0.025
1 0.9078125 0.465625 0.0375 0.1484375
0 0.90625 0.4078125 0.0171875 0.0171875
1 0.8796875 0.4640625 0.0390625 0.1640625
0 0.8859375 0.3984375 0.0203125 0.0234375
1 0.971875 0.4671875 0.053125 0.1625
0 0.965625 0.396875 0.01875 0.01875
1 0.9671875 0.45 0.0625 0.1640625
0 0.95625 0.3828125 0.021875 0.025