1 0.145486 0.602315 0.026157 0.034877
1 0.168634 0.608488 0.042361 0.045988
1 0.204861 0.603086 0.034259 0.034568
1 0.247454 0.614506 0.024537 0.033951
1 0.275810 0.603241 0.023843 0.026852
1 0.322801 0.589506 0.021991 0.027778
1 0.305093 0.593519 0.005093 0.007407
1 0.340856 0.594136 0.009491 0.015432
1 0.445833 0.607099 0.024537 0.039506
1 0.413773 0.639506 0.034491 0.060494
1 0.692130 0.610031 0.032870 0.051543
1 0.709491 0.595216 0.020370 0.025000
1 0.732755 0.621605 0.022454 0.030864
1 0.760880 0.611574 0.028704 0.028704
1 0.975926 0.651543 0.039352 0.060494
