1 0.033028 0.580940 0.030530 0.044944
1 0.130724 0.586975 0.023869 0.034540
1 0.157785 0.614232 0.020261 0.039118
1 0.216070 0.575114 0.028587 0.039950
1 0.271996 0.570121 0.019983 0.033292
1 0.297114 0.617561 0.019151 0.036621
1 0.355953 0.606950 0.023036 0.046192
1 0.356231 0.605909 0.019706 0.028298
1 0.400777 0.646900 0.016653 0.032043
1 0.409797 0.669996 0.019151 0.033292
1 0.422426 0.684769 0.021094 0.043695
1 0.480155 0.593217 0.022759 0.032043
1 0.515404 0.630254 0.019983 0.036205
1 0.547738 0.615481 0.019151 0.032459
1 0.587427 0.623179 0.021371 0.034540
1 0.608521 0.623596 0.018041 0.036205
1 0.641132 0.608822 0.021649 0.038285
1 0.709270 0.579276 0.023036 0.038285
1 0.663475 0.611111 0.023036 0.040366
1 0.740355 0.580732 0.021926 0.035372
1 0.780322 0.638993 0.020816 0.036205
1 0.826117 0.614440 0.023591 0.028714
1 0.836386 0.624012 0.020261 0.030379
1 0.912850 0.594881 0.023869 0.034540
