1 0.5703125 0.7265625 0.084375 0.16875
0 0.5984375 0.653125 0.025 0.0265625
1 0.74375 0.715625 0.0859375 0.18125
0 0.7671875 0.640625 0.0296875 0.0296875
1 0.6171875 0.6921875 0.0859375 0.171875
0 0.6171875 0.621875 0.025 0.025
1 0.49375 0.7046875 0.0640625 0.1625
0 0.4953125 0.6390625 0.021875 0.025
1 0.3984375 0.69375 0.078125 0.18125
0 0.4078125 0.6203125 0.0265625 0.028125
1 0.1703125 0.678125 0.06875 0.1734375
0 0.175 0.6078125 0.0203125 0.025
1 0.3453125 0.7015625 0.103125 0.125
0 0.309375 0.6546875 0.0234375 0.025
1 0.0671875 0.69375 0.0609375 0.1125
0 0.0765625 0.6484375 0.0234375 0.0234375
1 0.25 0.6953125 0.0546875 0.1171875
0 0.253125 0.6546875 0.021875 0.0234375
1 0.103125 0.7046875 0.078125 0.125
0 0.1265625 0.6578125 0.021875 0.021875
1 0.309375 0.6921875 0.05625 0.115625
0 0.3109375 0.6515625 0.025 0.0265625
1 0.4078125 0.703125 0.065625 0.1171875
0 0.4078125 0.65 0.01875 0.0203125