1 0.2359375 0.6765625 0.0359375 0.096875
0 0.2390625 0.6390625 0.015625 0.0125
1 0.2640625 0.65625 0.021875 0.059375
0 0.2640625 0.63125 0.009375 0.009375
1 0.2859375 0.665625 0.025 0.078125
0 0.2828125 0.634375 0.0125 0.0109375
1 0.3125 0.64375 0.01875 0.0625
0 0.3140625 0.61875 0.00625 0.00625
1 0.340625 0.6578125 0.028125 0.09375
0 0.3390625 0.61875 0.009375 0.0078125
1 0.3828125 0.6578125 0.0265625 0.078125
0 0.384375 0.6265625 0.0140625 0.0140625
1 0.3984375 0.640625 0.0203125 0.0546875
0 0.4 0.6203125 0.0078125 0.0078125
1 0.409375 0.65625 0.0203125 0.0515625
0 0.4109375 0.6359375 0.0078125 0.0078125
1 0.43125 0.6453125 0.0265625 0.0734375
0 0.43125 0.61875 0.0078125 0.0078125
1 0.4640625 0.675 0.0703125 0.1421875
0 0.4640625 0.621875 0.0171875 0.0171875
1 0.4953125 0.646875 0.0421875 0.0859375
0 0.49375 0.615625 0.009375 0.0109375
1 0.5234375 0.665625 0.0203125 0.0421875
0 0.5234375 0.646875 0.00625 0.00625
1 0.5609375 0.6453125 0.034375 0.08125
0 0.5625 0.6203125 0.009375 0.009375
1 0.6265625 0.6359375 0.0171875 0.05
0 0.6265625 0.61875 0.0078125 0.0078125
1 0.6125 0.6375 0.0171875 0.04375
0 0.6140625 0.6203125 0.0046875 0.0046875
1 0.5875 0.7125 0.08125 0.184375
0 0.5859375 0.6359375 0.025 0.025
1 0.66875 0.7109375 0.0703125 0.190625
0 0.66875 0.6328125 0.0234375 0.021875
1 0.6953125 0.7 0.0546875 0.1609375
0 0.6921875 0.6359375 0.021875 0.01875
1 0.734375 0.6828125 0.0484375 0.125
0 0.7375 0.6328125 0.015625 0.015625
1 0.7765625 0.653125 0.04375 0.1234375
0 0.7796875 0.6 0.015625 0.015625
1 0.803125 0.6984375 0.0515625 0.165625
0 0.8078125 0.6328125 0.0234375 0.0234375
1 0.5078125 0.6328125 0.0234375 0.053125
0 0.50625 0.6109375 0.0078125 0.00625
1 0.328125 0.6484375 0.0234375 0.0671875
0 0.33125 0.621875 0.0078125 0.00625