1 0.036500 0.350402 0.037000 0.098394
1 0.108000 0.363454 0.070000 0.132530
1 0.177000 0.061245 0.050000 0.122490
1 0.272000 0.066265 0.050000 0.132530
1 0.383000 0.108434 0.048000 0.120482
1 0.485500 0.093373 0.045000 0.126506
1 0.638500 0.078313 0.051000 0.128514
1 0.842500 0.058233 0.053000 0.116466
1 0.998000 0.110442 0.004000 0.100402
1 0.264000 0.543173 0.058000 0.150602
1 0.359500 0.531124 0.065000 0.162651
1 0.407000 0.430723 0.058000 0.130522
1 0.536000 0.450803 0.046000 0.122490
1 0.646500 0.439759 0.057000 0.152610
1 0.773500 0.439759 0.059000 0.128514
1 0.924500 0.485944 0.051000 0.120482
1 0.965500 0.688755 0.067000 0.148594
