1 0.0890625 0.5703125 0.175 0.1859375
1 0.1265625 0.5140625 0.178125 0.2625
1 0.175 0.484375 0.096875 0.240625
1 0.2390625 0.4484375 0.1046875 0.246875
1 0.2375 0.4890625 0.0921875 0.203125
1 0.2375 0.55625 0.14375 0.140625
1 0.2703125 0.434375 0.075 0.1890625
1 0.2984375 0.4859375 0.0828125 0.2046875
1 0.3265625 0.453125 0.06875 0.1984375
1 0.3328125 0.4703125 0.06875 0.21875
1 0.3734375 0.4515625 0.0640625 0.175
1 0.3171875 0.5578125 0.0890625 0.159375
1 0.38125 0.4625 0.096875 0.2109375
1 0.428125 0.4640625 0.0890625 0.2171875
1 0.3984375 0.5484375 0.0859375 0.165625
1 0.45 0.44375 0.05 0.1796875
1 0.478125 0.45 0.053125 0.178125
1 0.5 0.4375 0.0390625 0.1578125
1 0.53125 0.421875 0.0390625 0.1328125
1 0.559375 0.4234375 0.0359375 0.140625
1 0.5140625 0.484375 0.0546875 0.2125
1 0.54375 0.4640625 0.0390625 0.19375
1 0.5765625 0.4765625 0.0578125 0.2046875
1 0.603125 0.4453125 0.0375 0.175
1 0.6171875 0.4609375 0.0578125 0.1828125
1 0.6296875 0.434375 0.04375 0.1859375
1 0.6515625 0.45 0.046875 0.1890625
1 0.665625 0.471875 0.0796875 0.1953125
1 0.7046875 0.4453125 0.0546875 0.1859375
1 0.7265625 0.471875 0.065625 0.2
1 0.7765625 0.484375 0.0609375 0.19375
1 0.8125 0.5046875 0.084375 0.225
1 0.8859375 0.496875 0.084375 0.2578125
1 0.4734375 0.553125 0.0703125 0.153125
1 0.54375 0.5453125 0.0734375 0.165625
1 0.6140625 0.5484375 0.0828125 0.1796875
1 0.678125 0.5484375 0.0796875 0.15
1 0.7546875 0.5484375 0.0890625 0.146875
