1 0.0875 0.5859375 0.1546875 0.3921875
0 0.075 0.421875 0.046875 0.0546875
1 0.2015625 0.6125 0.1453125 0.3546875
0 0.184375 0.4671875 0.0421875 0.0546875
1 0.2734375 0.55625 0.1 0.346875
0 0.275 0.415625 0.0375 0.0546875
1 0.3390625 0.5609375 0.096875 0.3734375
0 0.3375 0.403125 0.0390625 0.0546875
1 0.4125 0.5421875 0.0765625 0.29375
0 0.4203125 0.4203125 0.0296875 0.04375
1 0.4890625 0.5421875 0.0921875 0.29375
0 0.4875 0.4234375 0.03125 0.0359375
1 0.5765625 0.53125 0.1015625 0.2765625
0 0.5859375 0.415625 0.034375 0.0421875
1 0.6921875 0.4421875 0.1046875 0.275
0 0.675 0.3296875 0.034375 0.04375
1 0.6015625 0.590625 0.128125 0.2625
0 0.6359375 0.4859375 0.040625 0.046875
1 0.678125 0.6 0.1078125 0.275
0 0.684375 0.49375 0.0421875 0.0546875
1 0.78125 0.515625 0.1625 0.3890625
0 0.7984375 0.3625 0.0453125 0.040625
1 0.91875 0.5453125 0.1375 0.4125
0 0.9234375 0.371875 0.05 0.059375