1 0.084375 0.5 0.115625 0.375
0 0.0765625 0.3453125 0.040625 0.0515625
1 0.0359375 0.5203125 0.0703125 0.421875
0 0.01875 0.3421875 0.0375 0.0578125
1 0.01875 0.5609375 0.0375 0.45
0 0.009375 0.3671875 0.0171875 0.0578125
1 0.296875 0.6265625 0.3578125 0.55625
0 0.303125 0.228125 0.1515625 0.2265625
1 0.66875 0.6140625 0.5328125 0.58125
0 0.6734375 0.29375 0.1390625 0.2
1 0.8265625 0.4625 0.1203125 0.403125
0 0.8203125 0.2984375 0.046875 0.05625
1 0.9109375 0.484375 0.0953125 0.4421875
0 0.925 0.296875 0.0515625 0.06875
1 0.9625 0.5109375 0.071875 0.4359375
0 0.965625 0.33125 0.0640625 0.0625