1 0.15 0.5234375 0.125 0.1703125
0 0.11875 0.45625 0.03125 0.034375
1 0.2109375 0.48125 0.0984375 0.2203125
0 0.1953125 0.390625 0.0296875 0.0375
1 0.284375 0.475 0.096875 0.25
0 0.26875 0.3734375 0.03125 0.0390625
1 0.3375 0.49375 0.1140625 0.2296875
0 0.3484375 0.409375 0.0265625 0.034375
1 0.3984375 0.4953125 0.0875 0.2375
0 0.3984375 0.396875 0.028125 0.034375
1 0.4484375 0.49375 0.0875 0.2390625
0 0.4546875 0.3953125 0.0265625 0.0359375
1 0.5078125 0.5140625 0.1 0.24375
0 0.503125 0.41875 0.0328125 0.0421875
1 0.58125 0.5125 0.1296875 0.265625
0 0.553125 0.403125 0.0265625 0.034375
1 0.6296875 0.5171875 0.1546875 0.25
0 0.6125 0.4140625 0.028125 0.0375
1 0.690625 0.515625 0.153125 0.315625
0 0.675 0.3859375 0.0359375 0.0453125
1 0.7984375 0.525 0.20625 0.315625
0 0.7265625 0.3921875 0.0375 0.04375
1 0.871875 0.525 0.153125 0.2984375
0 0.828125 0.4015625 0.0390625 0.0453125