1 0.9875 0.2921875 0.01875 0.0671875
1 0.96875 0.3390625 0.0578125 0.178125
1 0.9546875 0.33125 0.0484375 0.1703125
1 0.91875 0.390625 0.0921875 0.2578125
1 0.909375 0.4390625 0.14375 0.3984375
1 0.825 0.4640625 0.109375 0.48125
1 0.746875 0.5109375 0.18125 0.4921875
1 0.7171875 0.334375 0.0578125 0.1671875
1 0.6875 0.3125 0.0359375 0.1015625
1 0.628125 0.353125 0.06875 0.2359375
1 0.5875 0.371875 0.1046875 0.346875
1 0.5078125 0.3296875 0.0453125 0.1421875
1 0.459375 0.3234375 0.01875 0.090625
1 0.4546875 0.3109375 0.01875 0.0859375
1 0.4203125 0.3984375 0.109375 0.303125
1 0.3796875 0.3328125 0.0484375 0.1484375
1 0.3203125 0.4609375 0.1328125 0.4953125
1 0.2046875 0.428125 0.10625 0.359375
1 0.1765625 0.4453125 0.13125 0.3953125
1 0.153125 0.3375 0.0375 0.1265625
1 0.128125 0.346875 0.0484375 0.1546875
1 0.0375 0.346875 0.0640625 0.184375
1 0.4859375 0.5046875 0.1796875 0.553125
1 0.7734375 0.4 0.09375 0.3515625
1 0.7109375 0.309375 0.028125 0.090625
1 0.9390625 0.2828125 0.025 0.05
1 0.3265625 0.4203125 0.1 0.325
