1 0.2515625 0.8796875 0.0390625 0.103125
1 0.265625 0.85 0.0515625 0.09375
1 0.35625 0.9609375 0.05 0.0703125
1 0.2859375 0.9671875 0.0453125 0.05625
1 0.178125 0.946875 0.0171875 0.0984375
1 0.671875 0.9578125 0.053125 0.075
1 0.74375 0.9515625 0.053125 0.0875
1 0.74375 0.9453125 0.053125 0.1
1 0.7921875 0.8796875 0.046875 0.125
1 0.7265625 0.884375 0.0578125 0.0796875
1 0.728125 0.85625 0.05 0.1
1 0.7265625 0.8453125 0.05625 0.096875
1 0.765625 0.825 0.0390625 0.0921875
1 0.740625 0.8140625 0.0359375 0.0875
1 0.8046875 0.8296875 0.0375 0.1015625
1 0.2609375 0.6 0.0296875 0.075
1 0.221875 0.603125 0.028125 0.071875
