1 0.3015625 0.646875 0.0859375 0.2734375
0 0.31875 0.534375 0.034375 0.0390625
1 0.384375 0.6578125 0.109375 0.28125
0 0.3890625 0.540625 0.0359375 0.0375
1 0.4703125 0.6578125 0.075 0.2734375
0 0.465625 0.5421875 0.0296875 0.034375
1 0.55625 0.684375 0.165625 0.3265625
0 0.546875 0.55625 0.0546875 0.0625
1 0.5671875 0.6640625 0.0890625 0.2734375
0 0.578125 0.5609375 0.0375 0.04375
1 0.659375 0.6578125 0.09375 0.25625
0 0.6515625 0.55 0.034375 0.0375
1 0.74375 0.665625 0.0890625 0.25
0 0.75 0.5625 0.0296875 0.03125
1 0.7734375 0.6640625 0.121875 0.36875
0 0.7703125 0.5140625 0.05625 0.06875
1 0.8421875 0.6640625 0.08125 0.2578125
0 0.83125 0.559375 0.03125 0.0375