1 0.0984375 0.5328125 0.1953125 0.5921875
1 0.1140625 0.5015625 0.2265625 0.5796875
1 0.265625 0.5375 0.1921875 0.565625
1 0.3234375 0.5015625 0.146875 0.51875
1 0.396875 0.471875 0.1671875 0.4609375
1 0.4640625 0.6484375 0.2046875 0.3390625
1 0.5078125 0.5140625 0.1640625 0.484375
1 0.578125 0.6015625 0.15 0.31875
1 0.6 0.4921875 0.1578125 0.45
1 0.721875 0.4703125 0.1421875 0.453125
1 0.70625 0.5703125 0.1375 0.2921875
1 0.8078125 0.590625 0.121875 0.3015625
1 0.8359375 0.4796875 0.1140625 0.434375
1 0.928125 0.503125 0.134375 0.446875
1 0.9109375 0.60625 0.171875 0.3328125
