1 0.040625 0.5453125 0.0625 0.1125
1 0.3171875 0.5796875 0.3546875 0.5
1 0.34375 0.63125 0.1765625 0.3984375
1 0.471875 0.6328125 0.1421875 0.3953125
1 0.5140625 0.65625 0.2296875 0.3453125
1 0.5078125 0.5765625 0.103125 0.3296875
1 0.6078125 0.63125 0.1640625 0.396875
1 0.6421875 0.65 0.146875 0.3609375
1 0.6484375 0.6609375 0.1890625 0.3375
1 0.8015625 0.6203125 0.2265625 0.4171875
1 0.7921875 0.6703125 0.1796875 0.31875
1 0.9 0.6171875 0.1515625 0.425
1 0.9203125 0.6375 0.1546875 0.3828125
1 0.871875 0.4765625 0.0875 0.16875
1 0.796875 0.4421875 0.0515625 0.121875
1 0.6765625 0.465625 0.0640625 0.121875
1 0.3921875 0.4875 0.0265625 0.084375
