1 0.04375 0.5 0.065625 0.2140625
1 0.1046875 0.5 0.0953125 0.2390625
1 0.1046875 0.55 0.1109375 0.2828125
1 0.046875 0.6328125 0.090625 0.2890625
1 0.1546875 0.5734375 0.096875 0.2484375
1 0.115625 0.6828125 0.171875 0.3
1 0.1671875 0.6703125 0.078125 0.30625
1 0.2390625 0.7125 0.134375 0.3171875
1 0.265625 0.678125 0.1171875 0.29375
1 0.23125 0.609375 0.1171875 0.2671875
1 0.1640625 0.4375 0.0953125 0.215625
1 0.19375 0.5125 0.071875 0.2125
1 0.2890625 0.4109375 0.078125 0.1875
1 0.259375 0.546875 0.0953125 0.24375
1 0.3703125 0.55 0.090625 0.25
1 0.34375 0.565625 0.084375 0.24375
1 0.371875 0.615625 0.1140625 0.309375
1 0.3546875 0.6515625 0.1078125 0.3109375
1 0.3546875 0.7296875 0.121875 0.284375
1 0.471875 0.4640625 0.0921875 0.2234375
1 0.484375 0.4375 0.078125 0.20625
1 0.4578125 0.4859375 0.0796875 0.23125
1 0.4203125 0.4984375 0.0796875 0.234375
1 0.4375 0.5703125 0.09375 0.2734375
1 0.44375 0.596875 0.0875 0.2671875
1 0.4390625 0.6625 0.1046875 0.290625
1 0.4984375 0.63125 0.0859375 0.2578125
1 0.5375 0.4859375 0.0796875 0.221875
1 0.5390625 0.51875 0.0890625 0.234375
1 0.5734375 0.5515625 0.0875 0.2390625
1 0.565625 0.6296875 0.084375 0.2734375
1 0.509375 0.725 0.125 0.2953125
1 0.59375 0.7609375 0.1265625 0.2203125
1 0.625 0.6609375 0.134375 0.328125
1 0.6640625 0.7125 0.1421875 0.3203125
1 0.7296875 0.70625 0.125 0.325
1 0.64375 0.4078125 0.0625 0.2265625
1 0.7015625 0.5359375 0.1 0.2484375
1 0.715625 0.45625 0.0875 0.1875
1 0.75625 0.459375 0.09375 0.1796875
1 0.771875 0.68125 0.1078125 0.315625
1 0.796875 0.60625 0.1171875 0.34375
1 0.8296875 0.5421875 0.0875 0.28125
1 0.8359375 0.48125 0.1046875 0.2671875
1 0.8625 0.5984375 0.084375 0.275
1 0.828125 0.6953125 0.1140625 0.3375
1 0.8890625 0.68125 0.078125 0.3171875
1 0.909375 0.546875 0.0875 0.2546875
1 0.9390625 0.43125 0.0796875 0.2078125
1 0.9546875 0.4453125 0.0671875 0.1921875
1 0.975 0.4859375 0.0453125 0.2140625
1 0.95 0.5609375 0.075 0.2234375
1 0.9578125 0.5921875 0.078125 0.25
1 0.91875 0.725 0.1171875 0.29375
1 0.96875 0.734375 0.0546875 0.275
1 0.021875 0.4296875 0.040625 0.165625
1 0.025 0.4734375 0.0484375 0.1734375
1 0.0203125 0.5265625 0.0359375 0.2421875
1 0.071875 0.43125 0.0546875 0.1796875
1 0.0796875 0.4171875 0.0515625 0.15
1 0.059375 0.4671875 0.05625 0.1640625
1 0.125 0.4234375 0.05 0.1640625
1 0.1640625 0.509375 0.0640625 0.184375
1 0.165625 0.46875 0.0671875 0.171875
1 0.159375 0.4578125 0.0640625 0.1765625
1 0.203125 0.4171875 0.0515625 0.1609375
1 0.2390625 0.409375 0.0625 0.1703125
1 0.253125 0.4203125 0.05625 0.1578125
1 0.3046875 0.3953125 0.0484375 0.153125
1 0.3390625 0.4109375 0.05 0.1515625
1 0.2015625 0.453125 0.0453125 0.159375
1 0.221875 0.459375 0.0625 0.171875
1 0.2484375 0.4828125 0.0640625 0.1859375
1 0.28125 0.471875 0.0546875 0.1875
1 0.278125 0.5296875 0.0625 0.2109375
1 0.309375 0.4796875 0.0640625 0.2
1 0.3328125 0.4921875 0.0625 0.2171875
1 0.35625 0.471875 0.0546875 0.1875
1 0.390625 0.484375 0.0640625 0.2109375
1 0.4171875 0.4515625 0.0625 0.1875
1 0.4453125 0.4 0.06875 0.196875
1 0.46875 0.3984375 0.0671875 0.1875
1 0.525 0.4171875 0.05 0.1640625
1 0.509375 0.5859375 0.09375 0.2359375
1 0.5578125 0.425 0.0515625 0.153125
1 0.60625 0.4203125 0.0671875 0.1609375
1 0.6015625 0.534375 0.0796875 0.21875
1 0.6328125 0.5703125 0.084375 0.2328125
1 0.6109375 0.6109375 0.0796875 0.234375
1 0.6671875 0.3984375 0.046875 0.1421875
1 0.678125 0.3890625 0.046875 0.125
1 0.69375 0.4109375 0.0703125 0.1734375
1 0.734375 0.409375 0.046875 0.1609375
1 0.7625 0.4359375 0.0453125 0.140625
1 0.7609375 0.5484375 0.075 0.2203125
1 0.8515625 0.4078125 0.0515625 0.15
1 0.8765625 0.40625 0.04375 0.1375
1 0.903125 0.4125 0.0671875 0.1765625
1 0.953125 0.3984375 0.0515625 0.1453125
1 0.9390625 0.6953125 0.090625 0.284375
1 0.559375 0.40625 0.0453125 0.1515625
1 0.2890625 0.41875 0.071875 0.1734375
1 0.496875 0.6 0.0703125 0.2234375
1 0.953125 0.71875 0.0796875 0.2765625
1 0.73125 0.6046875 0.0671875 0.2171875
1 0.028125 0.4734375 0.0515625 0.190625
