1 0.1140625 0.509375 0.04375 0.109375
1 0.1875 0.509375 0.0359375 0.1265625
1 0.240625 0.60625 0.15 0.4375
1 0.4046875 0.6078125 0.109375 0.3890625
1 0.4734375 0.6515625 0.14375 0.44375
1 0.5625 0.65 0.13125 0.4453125
1 0.490625 0.6359375 0.15 0.4203125
1 0.5640625 0.6296875 0.103125 0.3984375
1 0.59375 0.60625 0.0984375 0.359375
1 0.653125 0.6140625 0.0796875 0.3984375
1 0.7046875 0.6390625 0.1234375 0.4671875
1 0.7515625 0.6421875 0.1265625 0.4625
1 0.8484375 0.621875 0.146875 0.4765625
1 0.9421875 0.6375 0.0921875 0.4
