1 0.1015625 0.565625 0.1484375 0.61875
0 0.103125 0.309375 0.0765625 0.1046875
1 0.209375 0.5234375 0.2171875 0.7046875
0 0.221875 0.26875 0.075 0.1171875
1 0.359375 0.5421875 0.2015625 0.6671875
0 0.3625 0.2625 0.0796875 0.1015625
1 0.471875 0.5421875 0.140625 0.628125
0 0.478125 0.278125 0.071875 0.0921875
1 0.5984375 0.525 0.178125 0.6640625
0 0.596875 0.2453125 0.0828125 0.0984375
1 0.7046875 0.525 0.159375 0.5859375
0 0.70625 0.2734375 0.05625 0.078125
1 0.85625 0.5140625 0.275 0.7234375
0 0.8171875 0.2109375 0.0875 0.1109375
1 0.9140625 0.55625 0.1671875 0.5921875
0 0.9359375 0.30625 0.075 0.08125