1 0.031538 0.383216 0.026154 0.048122
1 0.053846 0.352700 0.024615 0.043427
1 0.071154 0.379108 0.033077 0.056338
1 0.108846 0.333920 0.040769 0.062207
1 0.154615 0.382042 0.027692 0.050469
1 0.182308 0.349765 0.024615 0.044601
1 0.231923 0.338615 0.028462 0.055164
1 0.276154 0.362089 0.024615 0.045775
1 0.353462 0.362676 0.031538 0.063380
1 0.389615 0.383216 0.030000 0.050469
1 0.426538 0.342136 0.030000 0.045775
1 0.449231 0.352113 0.023077 0.037559
1 0.495385 0.363263 0.021538 0.041080
1 0.512308 0.338615 0.032308 0.059859
1 0.555385 0.348592 0.032308 0.051643
1 0.605385 0.363850 0.024615 0.044601
1 0.623077 0.366784 0.032308 0.052817
1 0.622308 0.311620 0.013846 0.024648
1 0.675769 0.315728 0.016154 0.025822
1 0.707692 0.302817 0.015385 0.023474
1 0.708462 0.324531 0.020000 0.034038
1 0.726154 0.338615 0.018462 0.029343
1 0.743077 0.362089 0.029231 0.041080
1 0.775000 0.312793 0.014615 0.022300
1 0.799231 0.320423 0.030769 0.058685
1 0.834615 0.352700 0.029231 0.050469
1 0.858846 0.329225 0.014615 0.024648
1 0.876923 0.342136 0.021538 0.041080
1 0.891154 0.333920 0.031538 0.059859
1 0.911923 0.315728 0.028462 0.046948
1 0.952308 0.335094 0.020000 0.036385
1 0.960385 0.322770 0.020769 0.037559
1 0.990769 0.323944 0.018462 0.032864
1 0.983846 0.359155 0.029231 0.044601
1 0.341923 0.302817 0.014615 0.021127
1 0.395000 0.299296 0.019231 0.028169
1 0.448462 0.319249 0.010769 0.021127
1 0.430000 0.311033 0.013846 0.023474
1 0.485769 0.319249 0.013077 0.021127
1 0.524615 0.309272 0.013846 0.024648
1 0.573846 0.330399 0.018462 0.026995
1 0.594615 0.345070 0.024615 0.046948
1 0.602692 0.335094 0.028462 0.055164
