1 0.9171875 0.5921875 0.1609375 0.4765625
0 0.9140625 0.3015625 0.1 0.1265625
1 0.7921875 0.6375 0.259375 0.384375
0 0.7890625 0.4 0.0984375 0.1125
1 0.64375 0.65625 0.25625 0.3453125
0 0.6765625 0.4734375 0.0796875 0.1015625
1 0.5609375 0.6375 0.2265625 0.3828125
0 0.571875 0.4578125 0.0796875 0.090625
1 0.678125 0.603125 0.23125 0.4546875
0 0.6515625 0.3640625 0.0703125 0.0953125
1 0.559375 0.540625 0.1921875 0.578125
0 0.55 0.3859375 0.06875 0.0796875
1 0.421875 0.5859375 0.3109375 0.4875
0 0.4484375 0.3734375 0.06875 0.0921875
1 0.2828125 0.6171875 0.2375 0.425
0 0.30625 0.45625 0.0703125 0.0921875
1 0.2 0.5640625 0.184375 0.5296875
0 0.190625 0.3515625 0.0640625 0.078125
1 0.284375 0.5875 0.2375 0.4828125
0 0.278125 0.390625 0.0578125 0.0828125
1 0.3890625 0.5796875 0.159375 0.5
0 0.3875 0.3734375 0.05625 0.0703125
1 0.11875 0.590625 0.2359375 0.478125
0 0.1953125 0.3484375 0.0671875 0.0703125