1 0.703125 0.509375 0.3046875 0.35
1 0.9546875 0.409375 0.0859375 0.25625
1 0.8859375 0.440625 0.0703125 0.1390625
1 0.8921875 0.38125 0.0875 0.2078125
1 0.8078125 0.3921875 0.115625 0.2609375
1 0.7234375 0.3625 0.071875 0.1890625
1 0.6625 0.3953125 0.075 0.1984375
1 0.653125 0.3640625 0.0609375 0.1875
1 0.621875 0.3796875 0.05625 0.1890625
1 0.575 0.3734375 0.0765625 0.2
1 0.5703125 0.3875 0.0875 0.2125
1 0.5109375 0.3796875 0.06875 0.2078125
1 0.45625 0.375 0.05625 0.19375
1 0.3953125 0.359375 0.065625 0.196875
1 0.365625 0.3609375 0.05625 0.1703125
1 0.321875 0.3609375 0.053125 0.1546875
1 0.26875 0.3609375 0.0703125 0.2078125
1 0.2671875 0.3828125 0.0859375 0.23125
1 0.2234375 0.3921875 0.1125 0.2890625
1 0.1828125 0.3703125 0.0921875 0.2109375
1 0.14375 0.390625 0.0796875 0.20625
1 0.103125 0.3625 0.0796875 0.203125
1 0.08125 0.4046875 0.1328125 0.325
1 0.13125 0.4375 0.075 0.2109375
1 0.0609375 0.46875 0.1203125 0.475
1 0.9453125 0.4078125 0.0890625 0.2125
1 0.85 0.384375 0.0515625 0.1859375
1 0.775 0.3796875 0.0546875 0.1890625
1 0.503125 0.3625 0.0390625 0.1359375
1 0.4359375 0.365625 0.040625 0.134375
1 0.0640625 0.4328125 0.128125 0.325
