1 0.5640625 0.7171875 0.0875 0.15
1 0.5390625 0.7046875 0.05 0.14375
1 0.609375 0.69375 0.0453125 0.1234375
1 0.80625 0.6765625 0.053125 0.10625
1 0.79375 0.675 0.040625 0.096875
1 0.9296875 0.6453125 0.015625 0.0484375
1 0.9203125 0.6421875 0.01875 0.0546875
1 0.3734375 0.6953125 0.0546875 0.1328125
1 0.328125 0.6828125 0.040625 0.10625
1 0.3125 0.671875 0.03125 0.08125
1 0.3953125 0.6765625 0.0390625 0.09375
1 0.43125 0.64375 0.0140625 0.04375
1 0.3671875 0.65625 0.021875 0.0640625
1 0.3453125 0.65 0.01875 0.0515625
1 0.3640625 0.6484375 0.0234375 0.0515625
1 0.23125 0.6625 0.0359375 0.0859375
1 0.3203125 0.6421875 0.0140625 0.0390625
1 0.3328125 0.640625 0.0140625 0.0421875
1 0.334375 0.6375 0.009375 0.034375
1 0.340625 0.6359375 0.0109375 0.034375
1 0.35 0.6359375 0.0109375 0.034375
1 0.39375 0.646875 0.015625 0.0515625
1 0.3734375 0.6375 0.0109375 0.0328125
1 0.3875 0.6359375 0.00625 0.025
1 0.38125 0.6359375 0.009375 0.028125
1 0.3765625 0.634375 0.00625 0.0265625
1 0.3609375 0.6375 0.0109375 0.03125
1 0.3609375 0.63125 0.0078125 0.0265625
