1 0.259375 0.628125 0.2234375 0.4015625
1 0.428125 0.6359375 0.175 0.3859375
1 0.540625 0.6390625 0.1515625 0.38125
1 0.6953125 0.646875 0.2015625 0.3671875
1 0.6828125 0.6015625 0.2078125 0.45625
1 0.753125 0.49375 0.0109375 0.028125
1 0.7640625 0.5 0.009375 0.025
1 0.903125 0.5 0.009375 0.0265625
1 0.884375 0.3515625 0.0125 0.021875
1 0.81875 0.353125 0.0078125 0.0171875
1 0.6984375 0.3625 0.0078125 0.0203125
1 0.690625 0.3625 0.0078125 0.0203125
1 0.70625 0.3625 0.0078125 0.015625
1 0.48125 0.3609375 0.0078125 0.015625
1 0.4625 0.3625 0.0078125 0.0140625
1 0.378125 0.359375 0.0078125 0.0171875
1 0.28125 0.353125 0.009375 0.0203125
1 0.3 0.3546875 0.0078125 0.015625
1 0.30625 0.35625 0.009375 0.0171875
1 0.2234375 0.3484375 0.009375 0.0234375
1 0.2140625 0.346875 0.0078125 0.021875
1 0.2046875 0.346875 0.0078125 0.0234375
1 0.2171875 0.35 0.0078125 0.0203125
1 0.15 0.3375 0.0109375 0.0203125
1 0.1359375 0.3375 0.0078125 0.01875
1 0.1296875 0.334375 0.0078125 0.01875
1 0.090625 0.328125 0.009375 0.0203125
1 0.078125 0.3296875 0.0078125 0.0203125
1 0.0390625 0.321875 0.009375 0.01875
1 0.0296875 0.31875 0.009375 0.021875
1 0.01875 0.315625 0.0125 0.0234375
1 0.215625 0.50625 0.009375 0.0265625
1 0.228125 0.50625 0.009375 0.025
1 0.2328125 0.5046875 0.009375 0.025
1 0.3375 0.51875 0.0078125 0.0265625
1 0.3609375 0.525 0.0109375 0.0328125
1 0.365625 0.5234375 0.0078125 0.0328125
1 0.3703125 0.5234375 0.009375 0.0296875
1 0.478125 0.50625 0.0078125 0.0234375
1 0.4890625 0.50625 0.0078125 0.0234375
