1 0.8765625 0.446875 0.240625 0.5046875
0 0.809375 0.2296875 0.05625 0.0640625
1 0.6875 0.490625 0.234375 0.5046875
0 0.625 0.2875 0.0640625 0.06875
1 0.5078125 0.515625 0.2890625 0.55
0 0.496875 0.278125 0.0625 0.0703125
1 0.596875 0.4828125 0.1640625 0.3625
0 0.5640625 0.328125 0.040625 0.040625
1 0.4078125 0.515625 0.1765625 0.40625
0 0.3609375 0.34375 0.0421875 0.0546875
1 0.3203125 0.5671875 0.203125 0.5171875
0 0.278125 0.3453125 0.0578125 0.0625
1 0.259375 0.5703125 0.2328125 0.4578125
0 0.2046875 0.3765625 0.0515625 0.05625
1 0.15625 0.5890625 0.2578125 0.48125
0 0.1078125 0.3921875 0.078125 0.0765625