1 0.115625 0.6515625 0.121875 0.271875
1 0.2171875 0.6390625 0.134375 0.2984375
1 0.8546875 0.6421875 0.215625 0.315625
1 0.7078125 0.6375 0.1796875 0.3234375
1 0.7984375 0.5484375 0.1234375 0.421875
1 0.703125 0.55625 0.1203125 0.3953125
1 0.603125 0.5421875 0.1125 0.365625
1 0.55 0.59375 0.1390625 0.4078125
1 0.503125 0.525 0.109375 0.375
1 0.4359375 0.6078125 0.16875 0.3703125
1 0.4140625 0.525 0.0875 0.328125
1 0.38125 0.578125 0.1234375 0.3921875
1 0.303125 0.525 0.1265625 0.240625
1 0.2109375 0.55 0.1296875 0.3359375
