1 0.121875 0.5625 0.2390625 0.5359375
0 0.1546875 0.3484375 0.1421875 0.1796875
1 0.2734375 0.6046875 0.2703125 0.4484375
0 0.303125 0.4453125 0.1140625 0.153125
1 0.359375 0.6140625 0.13125 0.3609375
0 0.378125 0.475 0.0484375 0.0703125
1 0.49375 0.603125 0.2890625 0.4546875
0 0.5 0.434375 0.1140625 0.1453125
1 0.7109375 0.6015625 0.2953125 0.45625
0 0.70625 0.4140625 0.134375 0.1640625
1 0.7046875 0.634375 0.284375 0.390625
0 0.7640625 0.5125 0.121875 0.1328125
1 0.86875 0.615625 0.25625 0.4265625
0 0.903125 0.45625 0.13125 0.15
1 0.95 0.59375 0.09375 0.4703125
0 0.9609375 0.4234375 0.071875 0.1203125