1 0.0375 0.6921875 0.0703125 0.2703125
1 0.0453125 0.64375 0.0875 0.275
1 0.1765625 0.6625 0.2 0.33125
1 0.159375 0.640625 0.125 0.34375
1 0.2078125 0.4484375 0.06875 0.2
1 0.2578125 0.5015625 0.0984375 0.2453125
1 0.265625 0.3921875 0.0546875 0.1328125
1 0.2859375 0.3703125 0.040625 0.0953125
1 0.3328125 0.390625 0.0453125 0.1046875
1 0.3375 0.41875 0.053125 0.140625
1 0.3765625 0.3859375 0.0375 0.103125
1 0.3890625 0.4203125 0.0421875 0.1203125
1 0.4171875 0.4140625 0.05 0.115625
1 0.3671875 0.484375 0.0671875 0.215625
1 0.4015625 0.5421875 0.08125 0.2078125
1 0.4109375 0.6546875 0.1890625 0.3484375
1 0.459375 0.3890625 0.0375 0.1
1 0.475 0.409375 0.0515625 0.1125
1 0.475 0.4421875 0.0515625 0.1203125
1 0.528125 0.4015625 0.0421875 0.1078125
1 0.5171875 0.40625 0.0484375 0.1046875
1 0.5953125 0.4625 0.0625 0.146875
1 0.5390625 0.5765625 0.125 0.2984375
1 0.640625 0.4953125 0.0890625 0.1703125
1 0.7625 0.6390625 0.1453125 0.3765625
1 0.8390625 0.615625 0.11875 0.2984375
1 0.759375 0.51875 0.053125 0.16875
1 0.790625 0.53125 0.0515625 0.1765625
1 0.890625 0.334375 0.021875 0.0375
1 0.9171875 0.3296875 0.034375 0.0671875
