1 0.025 0.634375 0.046875 0.15
1 0.0640625 0.6265625 0.0515625 0.153125
1 0.09375 0.6453125 0.0921875 0.2171875
1 0.146875 0.6609375 0.0921875 0.2796875
1 0.2234375 0.6640625 0.1 0.3359375
1 0.3 0.66875 0.140625 0.3640625
1 0.3875 0.6671875 0.084375 0.2734375
1 0.459375 0.6796875 0.1109375 0.3328125
1 0.4921875 0.6578125 0.0875 0.2734375
1 0.521875 0.6359375 0.0921875 0.2390625
1 0.5796875 0.6578125 0.0890625 0.2625
1 0.60625 0.615625 0.065625 0.246875
1 0.690625 0.6390625 0.11875 0.2765625
1 0.7171875 0.64375 0.071875 0.278125
1 0.75 0.6234375 0.0828125 0.209375
1 0.7734375 0.615625 0.071875 0.184375
1 0.9625 0.61875 0.0703125 0.234375
