1 0.5859375 0.38125 0.025 0.075
0 0.5859375 0.35 0.0078125 0.0109375
1 0.6265625 0.565625 0.1484375 0.4765625
0 0.6296875 0.359375 0.0515625 0.0640625
1 0.5625 0.58125 0.1484375 0.4453125
0 0.58125 0.4 0.046875 0.06875
1 0.525 0.5515625 0.1015625 0.4453125
0 0.53125 0.36875 0.0484375 0.0609375
1 0.48125 0.5890625 0.11875 0.40625
0 0.5 0.4203125 0.046875 0.0578125
1 0.3890625 0.571875 0.11875 0.4265625
0 0.41875 0.396875 0.0578125 0.071875
1 0.4234375 0.525 0.109375 0.4421875
0 0.415625 0.340625 0.0484375 0.0546875
1 0.3921875 0.553125 0.14375 0.4359375
0 0.36875 0.365625 0.04375 0.0578125
1 0.29375 0.5796875 0.0796875 0.4046875
0 0.3234375 0.415625 0.05 0.0671875
1 0.2234375 0.5875 0.128125 0.378125
0 0.2515625 0.428125 0.046875 0.0609375
1 0.2921875 0.5078125 0.11875 0.409375
0 0.29375 0.3328125 0.046875 0.0578125