1 0.03125 0.61875 0.0609375 0.303125
1 0.075 0.64375 0.1203125 0.359375
1 0.1515625 0.6875 0.1296875 0.3640625
1 0.203125 0.5546875 0.084375 0.0921875
1 0.384375 0.575 0.0625 0.19375
1 0.415625 0.5859375 0.0734375 0.1921875
1 0.4609375 0.578125 0.071875 0.2453125
1 0.49375 0.5859375 0.125 0.253125
1 0.525 0.565625 0.0453125 0.1671875
1 0.65625 0.565625 0.0859375 0.2078125
1 0.6375 0.5125 0.0296875 0.08125
1 0.715625 0.528125 0.0375 0.103125
1 0.7484375 0.5265625 0.0375 0.109375
1 0.7859375 0.5265625 0.0390625 0.1203125
1 0.8078125 0.540625 0.059375 0.1609375
1 0.85 0.55 0.0703125 0.18125
1 0.8703125 0.5515625 0.05 0.175
1 0.9359375 0.5859375 0.0796875 0.2125
1 0.925 0.55625 0.0953125 0.1984375
1 0.9546875 0.5671875 0.0625 0.1671875
1 0.98125 0.521875 0.03125 0.1359375
1 0.965625 0.4890625 0.0234375 0.0609375
