1 0.009375 0.5234375 0.015625 0.025
1 0.040625 0.5328125 0.0265625 0.0421875
1 0.0640625 0.478125 0.015625 0.03125
1 0.0859375 0.475 0.015625 0.034375
1 0.11875 0.525 0.0171875 0.040625
1 0.1359375 0.5203125 0.0203125 0.0421875
1 0.2421875 0.5125 0.01875 0.0421875
1 0.246875 0.50625 0.01875 0.040625
1 0.3125 0.484375 0.0125 0.01875
1 0.321875 0.5125 0.0125 0.01875
1 0.31875 0.521875 0.0171875 0.03125
1 0.33125 0.5234375 0.0125 0.0296875
1 0.378125 0.5109375 0.0125 0.0421875
1 0.38125 0.5125 0.0265625 0.04375
1 0.38125 0.4734375 0.0125 0.034375
1 0.396875 0.475 0.0125 0.0296875
1 0.4125 0.475 0.0171875 0.0296875
1 0.434375 0.4765625 0.0203125 0.0375
1 0.446875 0.471875 0.0125 0.0265625
1 0.509375 0.484375 0.0171875 0.040625
1 0.521875 0.484375 0.0171875 0.0421875
1 0.51875 0.475 0.0140625 0.0421875
1 0.5296875 0.471875 0.009375 0.0328125
1 0.540625 0.465625 0.0125 0.034375
1 0.55 0.465625 0.0125 0.03125
1 0.5546875 0.4671875 0.0125 0.0296875
1 0.56875 0.4625 0.0125 0.0375
1 0.5859375 0.4609375 0.0140625 0.0375
1 0.61875 0.459375 0.0140625 0.0375
1 0.6234375 0.4625 0.0203125 0.0375
1 0.6546875 0.459375 0.0171875 0.0375
1 0.6734375 0.4578125 0.0125 0.0375
1 0.7265625 0.4578125 0.015625 0.0421875
1 0.7640625 0.4609375 0.015625 0.0375
1 0.7921875 0.4546875 0.0171875 0.034375
1 0.8265625 0.4546875 0.025 0.034375
1 0.865625 0.45 0.015625 0.040625
1 0.89375 0.4765625 0.0125 0.0328125
1 0.9125 0.471875 0.0140625 0.040625
1 0.9296875 0.45 0.0171875 0.0328125
1 0.55 0.509375 0.0265625 0.0265625
1 0.5625 0.475 0.0140625 0.0421875
1 0.5765625 0.478125 0.0125 0.0421875
1 0.575 0.48125 0.01875 0.0375
1 0.6640625 0.4859375 0.0125 0.0421875
1 0.7 0.4734375 0.0140625 0.0421875
1 0.721875 0.475 0.0234375 0.0421875
1 0.8375 0.471875 0.025 0.025
1 0.8390625 0.4671875 0.0234375 0.0265625
1 0.8546875 0.46875 0.0171875 0.0234375
1 0.8484375 0.5140625 0.0171875 0.0375
1 0.8765625 0.5140625 0.0234375 0.0484375
1 0.8921875 0.503125 0.021875 0.053125
1 0.9296875 0.484375 0.025 0.0453125
1 0.184375 0.571875 0.0203125 0.05
1 0.3046875 0.55 0.0171875 0.04375
1 0.31875 0.55 0.025 0.05
1 0.715625 0.590625 0.0234375 0.0421875
1 0.7890625 0.584375 0.025 0.0375
1 0.06875 0.65 0.1125 0.184375
1 0.146875 0.6390625 0.08125 0.19375
1 0.2203125 0.64375 0.084375 0.175
1 0.271875 0.640625 0.0625 0.20625
1 0.290625 0.63125 0.0671875 0.16875
1 0.33125 0.6375 0.08125 0.20625
1 0.3734375 0.621875 0.08125 0.175
1 0.4109375 0.6375 0.08125 0.203125
1 0.4265625 0.6171875 0.125 0.1921875
1 0.4828125 0.6828125 0.2265625 0.2125
1 0.503125 0.6203125 0.075 0.2140625
1 0.525 0.64375 0.0796875 0.1875
1 0.58125 0.625 0.059375 0.1828125
1 0.603125 0.6453125 0.0671875 0.1828125
1 0.690625 0.6171875 0.0921875 0.2171875
1 0.7578125 0.6265625 0.075 0.2125
1 0.840625 0.6328125 0.08125 0.2109375
