1 0.03125 0.6765625 0.0609375 0.390625
1 0.065625 0.6609375 0.1296875 0.365625
1 0.0765625 0.50625 0.0359375 0.1
1 0.1296875 0.5125 0.0390625 0.096875
1 0.1703125 0.5078125 0.0421875 0.1
1 0.1828125 0.5078125 0.0375 0.09375
1 0.2015625 0.484375 0.015625 0.040625
1 0.221875 0.5125 0.04375 0.1109375
1 0.2765625 0.5140625 0.0453125 0.1140625
1 0.309375 0.50625 0.0453125 0.090625
1 0.2640625 0.671875 0.2015625 0.4015625
1 0.375 0.5125 0.0328125 0.09375
1 0.396875 0.49375 0.0296875 0.065625
1 0.4359375 0.5109375 0.0375 0.0953125
1 0.4546875 0.53125 0.05 0.15
1 0.5015625 0.4875 0.015625 0.0359375
1 0.51875 0.484375 0.0171875 0.0328125
1 0.5375 0.5078125 0.0375 0.084375
1 0.5546875 0.490625 0.0203125 0.0515625
1 0.609375 0.5453125 0.0546875 0.1796875
1 0.65625 0.5015625 0.0203125 0.0640625
1 0.68125 0.4953125 0.0203125 0.046875
1 0.7671875 0.5 0.0359375 0.0671875
1 0.9640625 0.4984375 0.0296875 0.0515625
1 0.9890625 0.5078125 0.0171875 0.059375
1 0.834375 0.684375 0.1890625 0.3765625
1 0.88125 0.50625 0.0296875 0.0625
