1 0.040234 0.406213 0.016406 0.026964
1 0.098828 0.366940 0.032031 0.053927
1 0.107031 0.394490 0.035937 0.057444
1 0.136328 0.380422 0.030469 0.050410
1 0.141406 0.388628 0.018750 0.029308
1 0.166406 0.412075 0.025000 0.041032
1 0.172266 0.381594 0.024219 0.036342
1 0.203125 0.396835 0.026562 0.043376
1 0.228906 0.389801 0.026562 0.055100
1 0.258594 0.417351 0.023438 0.042204
1 0.273438 0.381008 0.031250 0.051583
1 0.350000 0.445487 0.023438 0.051583
1 0.299609 0.379836 0.024219 0.042204
1 0.327734 0.400938 0.024219 0.037515
1 0.348438 0.407972 0.021875 0.035170
1 0.386719 0.392145 0.025000 0.045721
1 0.408203 0.394490 0.022656 0.038687
1 0.448047 0.401524 0.022656 0.045721
1 0.468359 0.403869 0.025781 0.043376
1 0.498437 0.424971 0.014063 0.029308
1 0.532422 0.436108 0.019531 0.037515
1 0.565234 0.424385 0.035156 0.056272
1 0.547266 0.410317 0.019531 0.035170
1 0.608594 0.437866 0.028125 0.052755
1 0.669141 0.432005 0.021094 0.036342
1 0.702344 0.431419 0.028125 0.046893
1 0.799219 0.452521 0.034375 0.053927
1 0.963281 0.453107 0.034375 0.055100
1 0.374609 0.410903 0.019531 0.031653
