1 0.2421875 0.5765625 0.3421875 0.3234375
1 0.1859375 0.5875 0.365625 0.3015625
1 0.4 0.5578125 0.1875 0.3625
1 0.475 0.5328125 0.165625 0.4109375
1 0.5828125 0.553125 0.153125 0.371875
1 0.5265625 0.54375 0.13125 0.390625
1 0.2421875 0.578125 0.284375 0.321875
1 0.33125 0.565625 0.2046875 0.3484375
1 0.3171875 0.565625 0.353125 0.3484375
1 0.6859375 0.55625 0.1546875 0.365625
1 0.7984375 0.5375 0.2234375 0.4015625
1 0.8578125 0.5765625 0.278125 0.325
1 0.778125 0.553125 0.334375 0.371875
1 0.7578125 0.5546875 0.25625 0.3703125
1 0.7109375 0.540625 0.2328125 0.3984375
