1 0.121875 0.6296875 0.1546875 0.3984375
1 0.08125 0.6375 0.1171875 0.34375
1 0.2625 0.5890625 0.075 0.2
1 0.3296875 0.5296875 0.03125 0.05625
1 0.284375 0.50625 0.025 0.04375
1 0.4609375 0.6 0.0640625 0.2359375
1 0.440625 0.575 0.0640625 0.1921875
1 0.45 0.5546875 0.0578125 0.1875
1 0.4984375 0.5796875 0.0546875 0.2
1 0.5328125 0.6171875 0.134375 0.3703125
1 0.609375 0.56875 0.0515625 0.1890625
1 0.6859375 0.646875 0.1890625 0.3625
1 0.6578125 0.5671875 0.0546875 0.2
1 0.703125 0.5390625 0.028125 0.1015625
1 0.728125 0.55 0.0390625 0.121875
1 0.75 0.5421875 0.0359375 0.1171875
1 0.76875 0.5375 0.0265625 0.10625
1 0.78125 0.5640625 0.04375 0.1453125
1 0.7828125 0.540625 0.034375 0.128125
1 0.815625 0.5671875 0.046875 0.1453125
1 0.834375 0.5515625 0.0359375 0.1203125
1 0.8765625 0.5703125 0.0546875 0.1375
1 0.859375 0.509375 0.025 0.0640625
1 0.8609375 0.54375 0.0359375 0.1140625
1 0.915625 0.5484375 0.046875 0.125
1 0.9375 0.53125 0.0296875 0.0984375
1 0.9578125 0.5484375 0.0359375 0.1125
1 0.9765625 0.5765625 0.0390625 0.1921875
1 0.9765625 0.53125 0.025 0.0859375
1 0.96875 0.5375 0.028125 0.090625
