1 0.1421875 0.565625 0.159375 0.5296875
0 0.1796875 0.346875 0.059375 0.071875
1 0.2453125 0.51875 0.13125 0.5140625
0 0.253125 0.3109375 0.0609375 0.078125
1 0.325 0.4953125 0.4765625 0.5734375
0 0.390625 0.2578125 0.0578125 0.0796875
1 0.415625 0.5359375 0.11875 0.4390625
0 0.43125 0.353125 0.05 0.0640625
1 0.50625 0.50625 0.1421875 0.5109375
0 0.4953125 0.3 0.0515625 0.065625
1 0.6203125 0.51875 0.1671875 0.503125
0 0.6046875 0.3109375 0.059375 0.0765625
1 0.725 0.5328125 0.16875 0.540625
0 0.6828125 0.3109375 0.0640625 0.084375
1 0.8125 0.5609375 0.18125 0.5359375
0 0.7625 0.34375 0.0609375 0.0796875