1 0.034375 0.6984375 0.065625 0.2421875
1 0.053125 0.6125 0.1015625 0.215625
1 0.09375 0.6 0.1375 0.36875
1 0.0609375 0.59375 0.109375 0.3875
1 0.1359375 0.6171875 0.0796875 0.334375
1 0.1796875 0.5734375 0.096875 0.296875
1 0.16875 0.5109375 0.1140625 0.3671875
1 0.215625 0.4828125 0.071875 0.2421875
1 0.2640625 0.4984375 0.0625 0.2328125
1 0.284375 0.4921875 0.059375 0.3
1 0.265625 0.5171875 0.059375 0.2734375
1 0.328125 0.5265625 0.0671875 0.396875
1 0.3796875 0.521875 0.0875 0.378125
1 0.334375 0.525 0.0671875 0.3296875
1 0.43125 0.4578125 0.0890625 0.315625
1 0.459375 0.496875 0.09375 0.296875
1 0.5421875 0.4546875 0.11875 0.265625
1 0.53125 0.4703125 0.1046875 0.2140625
1 0.571875 0.4890625 0.034375 0.1765625
1 0.5953125 0.3640625 0.0484375 0.1796875
1 0.640625 0.33125 0.0640625 0.1453125
1 0.628125 0.3984375 0.10625 0.1953125
1 0.6296875 0.4546875 0.10625 0.2078125
1 0.6875 0.4390625 0.078125 0.25625
1 0.740625 0.375 0.0671875 0.2515625
1 0.7265625 0.4109375 0.071875 0.2421875
1 0.771875 0.415625 0.0671875 0.2390625
1 0.825 0.4375 0.13125 0.2578125
1 0.8578125 0.45 0.0625 0.228125
1 0.946875 0.3421875 0.075 0.2171875
