1 0.24375 0.6703125 0.1640625 0.28125
1 0.3953125 0.6453125 0.1734375 0.25
1 0.4609375 0.6125 0.1359375 0.2671875
1 0.58125 0.621875 0.128125 0.225
1 0.7203125 0.596875 0.1328125 0.2671875
1 0.8890625 0.546875 0.1359375 0.3046875
1 0.7921875 0.5203125 0.0984375 0.3
1 0.71875 0.5203125 0.1140625 0.296875
1 0.6421875 0.5375 0.1265625 0.2875
1 0.5703125 0.54375 0.1203125 0.2703125
1 0.4875 0.525 0.0953125 0.3
1 0.4203125 0.55 0.09375 0.3
1 0.334375 0.5578125 0.1078125 0.3171875
1 0.24375 0.578125 0.1265625 0.3515625
1 0.146875 0.596875 0.1328125 0.3765625
1 0.125 0.54375 0.153125 0.4125
1 0.2046875 0.5265625 0.1203125 0.3796875
1 0.29375 0.5140625 0.121875 0.371875
1 0.39375 0.503125 0.1109375 0.35
1 0.3234375 0.471875 0.1078125 0.3140625
1 0.44375 0.453125 0.0828125 0.290625
1 0.5078125 0.4953125 0.1046875 0.303125
1 0.515625 0.453125 0.0890625 0.2875
1 0.565625 0.4765625 0.1 0.2796875
1 0.58125 0.4375 0.0921875 0.26875
1 0.6015625 0.4796875 0.0828125 0.28125
1 0.6578125 0.478125 0.0765625 0.2953125
1 0.66875 0.43125 0.090625 0.278125
1 0.7125 0.4796875 0.0828125 0.3
1 0.75625 0.4453125 0.0765625 0.271875
1 0.7734375 0.478125 0.084375 0.3203125
1 0.8390625 0.48125 0.090625 0.3140625
1 0.8875 0.4984375 0.10625 0.3234375
1 0.9390625 0.475 0.115625 0.334375
