1 0.2484375 0.64375 0.4015625 0.36875
0 0.25 0.36875 0.18125 0.2125
1 0.7203125 0.6625 0.5515625 0.33125
0 0.715625 0.396875 0.2015625 0.24375
1 0.5109375 0.6625 0.3375 0.33125
0 0.5109375 0.446875 0.13125 0.184375
1 0.1796875 0.5734375 0.171875 0.5109375
0 0.171875 0.340625 0.1015625 0.15
1 0.3625 0.571875 0.1921875 0.5140625
0 0.359375 0.3703125 0.0765625 0.09375
1 0.8796875 0.5640625 0.19375 0.5296875
0 0.8796875 0.3484375 0.134375 0.1421875
1 0.68125 0.55 0.259375 0.55625
0 0.7171875 0.2875 0.1046875 0.11875