1 0.015625 0.584375 0.028125 0.228125
1 0.0671875 0.5828125 0.096875 0.3046875
1 0.075 0.6109375 0.075 0.309375
1 0.10625 0.5640625 0.06875 0.25
1 0.146875 0.553125 0.059375 0.2046875
1 0.165625 0.609375 0.08125 0.2859375
1 0.253125 0.60625 0.08125 0.2671875
1 0.2765625 0.603125 0.059375 0.2375
1 0.3546875 0.6 0.096875 0.24375
1 0.3796875 0.590625 0.065625 0.228125
1 0.4046875 0.59375 0.065625 0.2421875
1 0.4515625 0.5921875 0.06875 0.215625
1 0.4734375 0.60625 0.0765625 0.24375
1 0.5125 0.59375 0.053125 0.21875
1 0.54375 0.5828125 0.0609375 0.209375
1 0.5875 0.584375 0.053125 0.175
1 0.60625 0.59375 0.0625 0.221875
1 0.659375 0.5640625 0.05 0.146875
1 0.6578125 0.6015625 0.0609375 0.184375
1 0.696875 0.56875 0.05 0.146875
1 0.740625 0.5734375 0.05 0.15
1 0.7328125 0.6109375 0.065625 0.2421875
1 0.809375 0.578125 0.065625 0.1671875
1 0.846875 0.58125 0.075 0.2046875
1 0.9140625 0.5953125 0.059375 0.209375
1 0.4859375 0.575 0.053125 0.228125
1 0.4453125 0.5734375 0.046875 0.178125
1 0.4234375 0.5625 0.040625 0.153125
1 0.2375 0.565625 0.0515625 0.18125
1 0.19375 0.546875 0.05 0.1859375
1 0.178125 0.59375 0.075 0.2484375
1 0.1859375 0.5703125 0.0765625 0.209375
1 0.0359375 0.54375 0.0484375 0.1609375
