1 0.0609375 0.4609375 0.1203125 0.3890625
0 0.0125 0.2984375 0.0234375 0.0546875
1 0.2109375 0.4609375 0.2078125 0.415625
0 0.225 0.2984375 0.040625 0.05
1 0.3796875 0.465625 0.1765625 0.3859375
0 0.390625 0.315625 0.04375 0.0546875
1 0.525 0.4640625 0.159375 0.35
0 0.5359375 0.321875 0.0421875 0.05625
1 0.6203125 0.4703125 0.1015625 0.3171875
0 0.61875 0.3421875 0.0328125 0.0515625
1 0.7125 0.5140625 0.125 0.234375
0 0.7359375 0.4296875 0.040625 0.046875
1 0.825 0.5125 0.1234375 0.1984375
0 0.840625 0.4390625 0.0375 0.040625
1 0.8984375 0.5015625 0.075 0.184375
0 0.8875 0.43125 0.0296875 0.034375
1 0.925 0.515625 0.0671875 0.1546875
0 0.9296875 0.4609375 0.0296875 0.0359375