1 0.1453125 0.54375 0.1265625 0.3609375
0 0.140625 0.403125 0.04375 0.04375
1 0.25 0.5046875 0.071875 0.2625
0 0.25625 0.3953125 0.028125 0.0375
1 0.2765625 0.575 0.1171875 0.3984375
0 0.290625 0.4046875 0.040625 0.05
1 0.3125 0.5796875 0.159375 0.4921875
0 0.3265625 0.375 0.0515625 0.0625
1 0.375 0.5109375 0.0796875 0.2578125
0 0.378125 0.4078125 0.028125 0.03125
1 0.4421875 0.5875 0.146875 0.3875
0 0.453125 0.4328125 0.0375 0.05
1 0.5171875 0.55 0.1015625 0.315625
0 0.5234375 0.4203125 0.0359375 0.046875
1 0.4546875 0.521875 0.0875 0.2359375
0 0.4546875 0.415625 0.03125 0.028125
1 0.609375 0.578125 0.15625 0.39375
0 0.6125 0.41875 0.0453125 0.0625