1 0.109375 0.5734375 0.028125 0.059375
0 0.109375 0.5484375 0.00625 0.00625
1 0.2890625 0.625 0.0390625 0.1265625
0 0.2984375 0.5703125 0.0171875 0.0203125
1 0.4578125 0.625 0.059375 0.11875
0 0.4671875 0.578125 0.0171875 0.0203125
1 0.7078125 0.63125 0.053125 0.15
0 0.7046875 0.5703125 0.015625 0.0203125
1 0.7046875 0.615625 0.046875 0.128125
0 0.70625 0.571875 0.0171875 0.0171875
1 0.7296875 0.58125 0.025 0.0703125
0 0.73125 0.553125 0.0078125 0.0109375
1 0.7171875 0.5578125 0.021875 0.0609375
0 0.7171875 0.5328125 0.009375 0.0078125
1 0.878125 0.5765625 0.03125 0.071875
0 0.8703125 0.546875 0.0109375 0.0109375
1 0.946875 0.625 0.0546875 0.1125
0 0.9359375 0.5796875 0.0171875 0.0171875
1 0.98125 0.5828125 0.0328125 0.0765625
0 0.98125 0.55 0.00625 0.00625
1 0.9296875 0.5375 0.01875 0.0421875
0 0.9296875 0.5203125 0.00625 0.0046875