1 0.7875 0.428125 0.0421875 0.140625
0 0.784375 0.3796875 0.0109375 0.015625
1 0.7515625 0.4390625 0.065625 0.2140625
0 0.7546875 0.3625 0.0234375 0.0296875
1 0.7609375 0.3921875 0.0484375 0.1671875
0 0.76875 0.328125 0.021875 0.0296875
1 0.6796875 0.4 0.053125 0.134375
0 0.6765625 0.34375 0.0171875 0.015625
1 0.215625 0.38125 0.053125 0.3171875
0 0.2 0.2453125 0.021875 0.0390625
1 0.215625 0.3921875 0.0578125 0.2328125
0 0.228125 0.2953125 0.028125 0.0375
1 0.2671875 0.378125 0.034375 0.1625
0 0.2671875 0.309375 0.0171875 0.0203125
1 0.2984375 0.38125 0.040625 0.1359375
0 0.2984375 0.3265625 0.0140625 0.01875
1 0.46875 0.4671875 0.3640625 0.8890625
0 0.4734375 0.20625 0.078125 0.1125