1 0.028125 0.725 0.0515625 0.29375
1 0.071875 0.728125 0.096875 0.2875
1 0.1515625 0.7 0.0875 0.3328125
1 0.2578125 0.6203125 0.1296875 0.4578125
1 0.284375 0.7265625 0.16875 0.290625
1 0.3859375 0.65625 0.1421875 0.43125
1 0.5140625 0.6984375 0.1140625 0.3484375
1 0.6265625 0.7453125 0.096875 0.2546875
1 0.4859375 0.596875 0.184375 0.4828125
1 0.6625 0.5984375 0.1640625 0.5484375
1 0.7859375 0.6421875 0.1265625 0.446875
1 0.828125 0.64375 0.0796875 0.371875
1 0.89375 0.640625 0.10625 0.384375
1 0.9609375 0.6515625 0.071875 0.36875
