1 0.2875 0.39375 0.1171875 0.3703125
1 0.371875 0.3875 0.090625 0.2640625
1 0.4078125 0.3921875 0.13125 0.3765625
1 0.58125 0.3828125 0.0921875 0.2578125
1 0.69375 0.446875 0.1296875 0.3390625
1 0.61875 0.4625 0.1078125 0.2578125
1 0.55625 0.465625 0.0859375 0.2484375
1 0.496875 0.4421875 0.090625 0.2453125
1 0.471875 0.4609375 0.084375 0.25625
1 0.4203125 0.4828125 0.103125 0.2671875
1 0.3796875 0.453125 0.0953125 0.2234375
1 0.3421875 0.4890625 0.11875 0.3375
1 0.2296875 0.5328125 0.1421875 0.43125
1 0.3828125 0.6 0.15625 0.3234375
1 0.475 0.5921875 0.109375 0.2953125
1 0.5453125 0.578125 0.11875 0.3171875
1 0.621875 0.5921875 0.11875 0.253125
1 0.6734375 0.621875 0.11875 0.26875
1 0.7375 0.6859375 0.140625 0.3390625
1 0.6203125 0.6875 0.140625 0.284375
1 0.5359375 0.665625 0.14375 0.3578125
1 0.4125 0.66875 0.1546875 0.35625
1 0.303125 0.690625 0.1734375 0.3078125
