1 0.027907 0.251111 0.055814 0.128889
1 0.028682 0.200000 0.057364 0.102222
1 0.117829 0.162222 0.062016 0.120000
1 0.257364 0.192222 0.046512 0.091111
1 0.347287 0.162222 0.062016 0.093333
1 0.349612 0.282222 0.063566 0.142222
1 0.501550 0.156667 0.060465 0.108889
1 0.586822 0.246667 0.082171 0.137778
1 0.582946 0.174444 0.049612 0.091111
1 0.628682 0.220000 0.048062 0.115556
1 0.727132 0.246667 0.077519 0.120000
1 0.740310 0.173333 0.060465 0.102222
1 0.744186 0.136667 0.052713 0.086667
1 0.790698 0.237778 0.058915 0.097778
1 0.910853 0.282222 0.057364 0.106667
1 0.945736 0.214444 0.074419 0.104444
