1 0.65 0.1609375 0.03125 0.0734375
1 0.09375 0.725 0.1296875 0.3359375
1 0.1375 0.51875 0.121875 0.2234375
1 0.2375 0.61875 0.1140625 0.3
1 0.2921875 0.56875 0.090625 0.265625
1 0.209375 0.3796875 0.0609375 0.175
1 0.20625 0.321875 0.034375 0.14375
1 0.2421875 0.321875 0.0453125 0.153125
1 0.2625 0.334375 0.059375 0.1546875
1 0.303125 0.3015625 0.0859375 0.15
1 0.3171875 0.3171875 0.059375 0.1515625
1 0.346875 0.2859375 0.03125 0.15
1 0.3796875 0.28125 0.0609375 0.1296875
1 0.3828125 0.2953125 0.053125 0.1390625
1 0.415625 0.2875 0.0421875 0.134375
1 0.4578125 0.2828125 0.0703125 0.10625
1 0.509375 0.2828125 0.05 0.09375
1 0.4890625 0.296875 0.0625 0.11875
1 0.428125 0.359375 0.0546875 0.1359375
1 0.390625 0.4234375 0.078125 0.209375
1 0.340625 0.446875 0.0578125 0.2046875
1 0.3203125 0.5140625 0.0640625 0.23125
1 0.2296875 0.7328125 0.2171875 0.3515625
1 0.41875 0.44375 0.078125 0.1953125
1 0.4671875 0.415625 0.065625 0.18125
1 0.453125 0.471875 0.065625 0.171875
1 0.4515625 0.546875 0.0625 0.271875
1 0.4296875 0.6046875 0.103125 0.2953125
1 0.48125 0.3625 0.0515625 0.1421875
1 0.5078125 0.3671875 0.0484375 0.1078125
1 0.5203125 0.328125 0.046875 0.0921875
1 0.5484375 0.334375 0.065625 0.1
1 0.5859375 0.2953125 0.0546875 0.1140625
1 0.615625 0.2875 0.0375 0.0953125
1 0.6265625 0.3 0.0640625 0.096875
1 0.6828125 0.284375 0.046875 0.109375
1 0.684375 0.325 0.0640625 0.1609375
1 0.6953125 0.4046875 0.0515625 0.2109375
1 0.653125 0.3671875 0.0640625 0.1625
1 0.6625 0.4078125 0.053125 0.1640625
1 0.665625 0.509375 0.0734375 0.234375
1 0.640625 0.478125 0.0546875 0.209375
1 0.5875 0.428125 0.08125 0.221875
1 0.6046875 0.34375 0.065625 0.1328125
1 0.521875 0.459375 0.0859375 0.1796875
1 0.5328125 0.525 0.0859375 0.1671875
1 0.521875 0.5890625 0.1046875 0.2640625
1 0.5203125 0.7171875 0.1078125 0.3328125
1 0.625 0.7765625 0.1515625 0.3640625
1 0.7 0.725 0.1078125 0.3640625
1 0.7671875 0.3703125 0.103125 0.128125
1 0.76875 0.3578125 0.1046875 0.1234375
1 0.78125 0.5546875 0.0953125 0.278125
1 0.8765625 0.7171875 0.171875 0.3203125
