1 0.0515625 0.584375 0.096875 0.4359375
0 0.028125 0.3984375 0.05 0.0578125
1 0.0625 0.5703125 0.1 0.3421875
0 0.0453125 0.43125 0.040625 0.053125
1 0.10625 0.553125 0.0875 0.3125
0 0.096875 0.425 0.040625 0.0453125
1 0.140625 0.5328125 0.0953125 0.3109375
0 0.1453125 0.4046875 0.040625 0.05
1 0.265625 0.725 0.35625 0.240625
0 0.184375 0.7578125 0.10625 0.1265625
1 0.23125 0.7234375 0.275 0.24375
0 0.1828125 0.6515625 0.078125 0.08125
1 0.51875 0.7328125 0.2953125 0.225
0 0.5109375 0.7328125 0.09375 0.096875
1 0.6 0.7265625 0.2578125 0.2375
0 0.5828125 0.65625 0.084375 0.0890625
1 0.7984375 0.7421875 0.2109375 0.2078125
0 0.8125 0.7 0.075 0.08125
1 0.9328125 0.7296875 0.125 0.2328125
0 0.9796875 0.6859375 0.03125 0.0765625
1 0.5765625 0.496875 0.1234375 0.265625
0 0.565625 0.3890625 0.0359375 0.0421875
1 0.70625 0.4921875 0.090625 0.24375
0 0.7078125 0.390625 0.034375 0.0375
1 0.9421875 0.4359375 0.05 0.1875
0 0.9390625 0.3609375 0.0203125 0.0265625