1 0.021875 0.75625 0.04375 0.0421875
1 0.065625 0.7546875 0.034375 0.0453125
1 0.184375 0.6328125 0.0296875 0.0921875
1 0.2140625 0.634375 0.03125 0.0875
1 0.2703125 0.6140625 0.0328125 0.0875
1 0.3015625 0.61875 0.040625 0.0953125
1 0.3390625 0.6125 0.03125 0.084375
1 0.3640625 0.6078125 0.0296875 0.0921875
1 0.3671875 0.70625 0.05 0.14375
1 0.4265625 0.7046875 0.0453125 0.134375
1 0.45625 0.7140625 0.0578125 0.125
1 0.496875 0.7140625 0.0390625 0.125
1 0.5 0.6765625 0.0421875 0.1
1 0.5140625 0.6453125 0.034375 0.096875
1 0.478125 0.65 0.034375 0.096875
1 0.528125 0.609375 0.03125 0.0859375
1 0.540625 0.584375 0.03125 0.078125
1 0.559375 0.5734375 0.0296875 0.0828125
1 0.5890625 0.578125 0.025 0.071875
1 0.625 0.5796875 0.028125 0.0734375
1 0.6375 0.5703125 0.028125 0.0796875
1 0.6625 0.5546875 0.025 0.071875
1 0.66875 0.565625 0.025 0.071875
1 0.684375 0.559375 0.025 0.0828125
1 0.74375 0.565625 0.028125 0.071875
1 0.44375 0.6 0.0328125 0.096875
1 0.428125 0.621875 0.025 0.1125
1 0.428125 0.621875 0.0375 0.0828125
1 0.4125 0.628125 0.03125 0.0921875
