1 0.0796875 0.671875 0.11875 0.3609375
1 0.1703125 0.653125 0.109375 0.3546875
1 0.2515625 0.68125 0.184375 0.384375
1 0.325 0.7 0.13125 0.3453125
1 0.3484375 0.646875 0.1125 0.29375
1 0.378125 0.6078125 0.090625 0.24375
1 0.421875 0.6546875 0.1109375 0.30625
1 0.4921875 0.6875 0.1140625 0.3703125
1 0.4796875 0.615625 0.084375 0.2640625
1 0.528125 0.64375 0.06875 0.271875
1 0.5671875 0.603125 0.06875 0.240625
1 0.621875 0.684375 0.2328125 0.375
1 0.6375 0.615625 0.075 0.278125
1 0.75 0.690625 0.13125 0.3625
1 0.775 0.6765625 0.103125 0.3609375
1 0.7125 0.6125 0.08125 0.26875
1 0.728125 0.6375 0.090625 0.290625
1 0.83125 0.6546875 0.1375 0.3375
1 0.86875 0.63125 0.0875 0.275
