1 0.4359375 0.9640625 0.0328125 0.0671875
1 0.4734375 0.9375 0.0328125 0.0953125
1 0.428125 0.940625 0.025 0.09375
1 0.3125 0.8421875 0.01875 0.0640625
1 0.3140625 0.834375 0.0234375 0.0671875
1 0.353125 0.825 0.01875 0.0625
1 0.365625 0.8359375 0.0203125 0.0671875
1 0.371875 0.840625 0.0203125 0.0796875
1 0.384375 0.8359375 0.01875 0.059375
1 0.3734375 0.81875 0.0171875 0.059375
1 0.3703125 0.8015625 0.0171875 0.0546875
1 0.3890625 0.796875 0.01875 0.0546875
1 0.4 0.8171875 0.0203125 0.0625
1 0.4046875 0.85625 0.021875 0.071875
1 0.425 0.85625 0.025 0.0671875
1 0.425 0.846875 0.025 0.0703125
1 0.4203125 0.821875 0.021875 0.0625
1 0.434375 0.80625 0.0203125 0.0640625
1 0.4109375 0.7890625 0.01875 0.0515625
1 0.4546875 0.803125 0.021875 0.059375
1 0.4703125 0.8 0.01875 0.059375
1 0.4796875 0.821875 0.01875 0.0640625
1 0.49375 0.8171875 0.0203125 0.0765625
1 0.5078125 0.825 0.021875 0.071875
1 0.5265625 0.81875 0.0234375 0.0765625
1 0.515625 0.7875 0.021875 0.0484375
1 0.4921875 0.7890625 0.0203125 0.05
1 0.55 0.81875 0.0234375 0.05625
1 0.5609375 0.8515625 0.03125 0.071875
1 0.5515625 0.8421875 0.0265625 0.0703125
1 0.5796875 0.790625 0.01875 0.0546875
1 0.60625 0.796875 0.0234375 0.0546875
1 0.628125 0.784375 0.01875 0.0390625
1 0.6265625 0.8265625 0.01875 0.075
1 0.6375 0.825 0.021875 0.0625
1 0.6625 0.8203125 0.025 0.0671875
1 0.65625 0.8125 0.01875 0.0578125
1 0.6546875 0.790625 0.0203125 0.04375
1 0.6578125 0.878125 0.0359375 0.084375
1 0.590625 0.896875 0.0265625 0.09375
1 0.6359375 0.95625 0.028125 0.08125
1 0.6 0.834375 0.021875 0.0671875
1 0.4875 0.8875 0.0359375 0.0796875
1 0.6625 0.634375 0.0078125 0.025
1 0.63125 0.65 0.009375 0.0265625
1 0.6234375 0.6421875 0.009375 0.025
1 0.571875 0.65625 0.0078125 0.025
1 0.5546875 0.659375 0.0078125 0.025
1 0.5375 0.6546875 0.0078125 0.025
1 0.509375 0.6578125 0.0078125 0.021875
1 0.5015625 0.653125 0.0078125 0.0234375
