1 0.3625 0.603125 0.1125 0.225
1 0.45 0.5859375 0.115625 0.2015625
1 0.5578125 0.54375 0.040625 0.115625
1 0.6390625 0.578125 0.1 0.1921875
1 0.675 0.6640625 0.2296875 0.2296875
1 0.825 0.6703125 0.203125 0.2171875
1 0.978125 0.540625 0.03125 0.0953125
1 0.8828125 0.5453125 0.04375 0.103125
1 0.8828125 0.540625 0.0265625 0.090625
1 0.846875 0.528125 0.0171875 0.0640625
1 0.8265625 0.53125 0.021875 0.0421875
1 0.8140625 0.521875 0.0171875 0.053125
1 0.78125 0.528125 0.0171875 0.0578125
1 0.7625 0.5453125 0.059375 0.1421875
1 0.71875 0.528125 0.021875 0.0671875
1 0.6828125 0.5203125 0.0171875 0.053125
1 0.66875 0.5203125 0.021875 0.059375
1 0.6015625 0.525 0.021875 0.059375
1 0.4984375 0.5375 0.05625 0.096875
1 0.4703125 0.546875 0.0390625 0.1015625
1 0.3875 0.5265625 0.0421875 0.075
1 0.3296875 0.53125 0.0265625 0.0640625
1 0.284375 0.540625 0.034375 0.0921875
1 0.2625 0.54375 0.028125 0.084375
1 0.2375 0.5484375 0.0296875 0.059375
1 0.2546875 0.5453125 0.0515625 0.059375
1 0.2625 0.5390625 0.034375 0.0515625
1 0.2171875 0.5234375 0.01875 0.0453125
1 0.1484375 0.5859375 0.1 0.1203125
1 0.1109375 0.6 0.0875 0.11875
1 0.0546875 0.6203125 0.084375 0.15625
1 0.0734375 0.609375 0.09375 0.14375
1 0.0375 0.640625 0.0734375 0.16875
1 0.015625 0.55625 0.0296875 0.10625
1 0.0203125 0.53125 0.0390625 0.0984375
1 0.0453125 0.5296875 0.05625 0.0953125
1 0.0515625 0.5140625 0.05 0.065625
1 0.0203125 0.4875 0.0234375 0.05
1 0.034375 0.4890625 0.025 0.05
1 0.0640625 0.49375 0.0265625 0.05
1 0.075 0.4765625 0.0171875 0.0484375
1 0.1328125 0.4828125 0.021875 0.0515625
1 0.1109375 0.5109375 0.01875 0.0578125
1 0.85625 0.5234375 0.0171875 0.0546875
1 0.9125 0.5359375 0.021875 0.0453125
1 0.921875 0.5359375 0.021875 0.05
1 0.95 0.534375 0.021875 0.05
1 0.990625 0.540625 0.015625 0.0578125
1 0.7234375 0.5265625 0.01875 0.065625
