1 0.5640625 0.6578125 0.1671875 0.275
1 0.43125 0.6609375 0.1859375 0.2703125
1 0.2796875 0.6484375 0.1875 0.296875
1 0.1359375 0.653125 0.1671875 0.284375
1 0.6296875 0.665625 0.1703125 0.2625
1 0.75 0.6703125 0.1625 0.253125
1 0.840625 0.6625 0.1625 0.265625
1 0.7921875 0.659375 0.13125 0.2734375
1 0.675 0.6625 0.1296875 0.265625
1 0.66875 0.6234375 0.15 0.3453125
1 0.5234375 0.66875 0.1265625 0.2546875
1 0.540625 0.5953125 0.1390625 0.3625
1 0.415625 0.659375 0.1671875 0.2734375
1 0.4515625 0.6234375 0.1265625 0.3453125
1 0.5359375 0.60625 0.146875 0.38125
1 0.346875 0.609375 0.1421875 0.3734375
1 0.2875 0.6359375 0.171875 0.3203125
1 0.2 0.6109375 0.1671875 0.3703125
