1 0.11875 0.49375 0.234375 0.6484375
0 0.184375 0.209375 0.0796875 0.084375
1 0.1984375 0.5109375 0.1796875 0.525
0 0.246875 0.28125 0.059375 0.0515625
1 0.33125 0.5484375 0.2 0.3734375
0 0.3421875 0.390625 0.04375 0.0515625
1 0.4671875 0.5046875 0.2390625 0.503125
0 0.5015625 0.28125 0.0640625 0.05
1 0.721875 0.4765625 0.3796875 0.6140625
0 0.621875 0.184375 0.075 0.0328125
1 0.8046875 0.4640625 0.384375 0.5671875
0 0.6765625 0.225 0.0765625 0.075
1 0.2390625 0.6453125 0.040625 0.075
0 0.2375 0.615625 0.009375 0.0125
1 0.8515625 0.5109375 0.1796875 0.41875
0 0.8515625 0.3328125 0.05 0.040625