1 0.975 0.6828125 0.0453125 0.1859375
1 0.9640625 0.6875 0.0671875 0.1890625
1 0.90625 0.6890625 0.053125 0.1890625
1 0.7703125 0.7046875 0.0640625 0.1625
1 0.73125 0.7078125 0.0609375 0.165625
1 0.6671875 0.69375 0.0421875 0.171875
1 0.6265625 0.6890625 0.0546875 0.15625
1 0.6015625 0.696875 0.0578125 0.1640625
1 0.5328125 0.690625 0.0828125 0.184375
1 0.4765625 0.7140625 0.053125 0.13125
1 0.4390625 0.6921875 0.0515625 0.16875
1 0.4109375 0.70625 0.0796875 0.175
1 0.325 0.6765625 0.0515625 0.1703125
1 0.2921875 0.678125 0.0515625 0.153125
1 0.2609375 0.6890625 0.040625 0.165625
1 0.2484375 0.6953125 0.046875 0.178125
1 0.221875 0.6703125 0.046875 0.159375
1 0.19375 0.6921875 0.0546875 0.1703125
1 0.2171875 0.7046875 0.0546875 0.1703125
1 0.0859375 0.678125 0.0421875 0.134375
