1 0.9375 0.596875 0.11875 0.3671875
1 0.9609375 0.5484375 0.071875 0.2875
1 0.6296875 0.6296875 0.215625 0.4859375
1 0.2171875 0.63125 0.2015625 0.4546875
1 0.4609375 0.6328125 0.159375 0.478125
1 0.375 0.6140625 0.1234375 0.3828125
1 0.7625 0.596875 0.1640625 0.3828125
1 0.8875 0.55625 0.11875 0.3421875
1 0.85 0.5546875 0.1203125 0.321875
1 0.7109375 0.5546875 0.103125 0.278125
1 0.2640625 0.471875 0.0359375 0.0890625
1 0.3140625 0.534375 0.0828125 0.2171875
1 0.5296875 0.553125 0.1046875 0.29375
1 0.4921875 0.5859375 0.1078125 0.3078125
1 0.4453125 0.609375 0.115625 0.41875
