1 0.0578125 0.7421875 0.05625 0.1703125
1 0.08125 0.7625 0.1140625 0.1421875
1 0.071875 0.7015625 0.0375 0.0921875
1 0.1703125 0.759375 0.08125 0.146875
1 0.171875 0.6859375 0.034375 0.084375
1 0.203125 0.6453125 0.0078125 0.0359375
1 0.2125 0.64375 0.009375 0.0234375
1 0.209375 0.69375 0.03125 0.109375
1 0.23125 0.6890625 0.0328125 0.0984375
1 0.23125 0.70625 0.0296875 0.090625
1 0.2484375 0.721875 0.0453125 0.128125
1 0.253125 0.6796875 0.0296875 0.0796875
1 0.278125 0.6984375 0.04375 0.1140625
1 0.2546875 0.646875 0.021875 0.0546875
1 0.2890625 0.646875 0.015625 0.0484375
1 0.3390625 0.6296875 0.0109375 0.028125
1 0.3 0.653125 0.015625 0.0484375
1 0.3140625 0.6515625 0.0140625 0.0390625
1 0.328125 0.64375 0.01875 0.0453125
1 0.346875 0.646875 0.015625 0.0421875
1 0.30625 0.759375 0.06875 0.146875
1 0.371875 0.753125 0.084375 0.159375
1 0.353125 0.68125 0.028125 0.084375
1 0.3765625 0.7078125 0.0359375 0.1015625
1 0.3703125 0.665625 0.028125 0.06875
1 0.40625 0.6484375 0.0140625 0.0453125
1 0.4421875 0.6515625 0.021875 0.0484375
1 0.41875 0.7234375 0.0515625 0.159375
1 0.396875 0.759375 0.103125 0.146875
1 0.4640625 0.75 0.05625 0.165625
1 0.51875 0.74375 0.0609375 0.1796875
1 0.5515625 0.7578125 0.075 0.15
1 0.3828125 0.65625 0.01875 0.05625
1 0.3546875 0.6203125 0.0078125 0.0265625
1 0.459375 0.653125 0.015625 0.046875
1 0.4734375 0.653125 0.015625 0.0484375
1 0.490625 0.6546875 0.015625 0.05
1 0.478125 0.675 0.0171875 0.065625
1 0.4453125 0.6921875 0.0296875 0.09375
1 0.425 0.66875 0.0203125 0.06875
1 0.41875 0.6453125 0.015625 0.046875
1 0.5390625 0.684375 0.0390625 0.1171875
1 0.5765625 0.740625 0.0546875 0.175
1 0.5875 0.6953125 0.0421875 0.134375
1 0.6 0.6984375 0.0390625 0.1171875
1 0.6140625 0.7546875 0.053125 0.15625
1 0.640625 0.753125 0.1015625 0.1578125
1 0.6546875 0.7484375 0.0828125 0.1671875
1 0.721875 0.746875 0.0859375 0.1703125
1 0.9828125 0.703125 0.0296875 0.115625
1 0.946875 0.7171875 0.0375 0.146875
1 0.9125 0.7453125 0.0484375 0.175
1 0.9109375 0.7171875 0.053125 0.1546875
1 0.853125 0.7453125 0.065625 0.1734375
1 0.8609375 0.7109375 0.0546875 0.1546875
1 0.803125 0.7234375 0.0390625 0.128125
1 0.7671875 0.7125 0.04375 0.1484375
1 0.7453125 0.6859375 0.0328125 0.115625
1 0.8109375 0.7046875 0.0421875 0.121875
1 0.896875 0.6734375 0.01875 0.059375
1 0.934375 0.659375 0.01875 0.0453125
1 0.9671875 0.6609375 0.015625 0.0453125
1 0.95 0.7 0.0359375 0.1296875
1 0.8828125 0.659375 0.0203125 0.0546875
1 0.49375 0.6921875 0.028125 0.1
1 0.5265625 0.7 0.034375 0.1109375
1 0.4671875 0.6734375 0.025 0.071875
1 0.3984375 0.6921875 0.0234375 0.0734375
1 0.35 0.65625 0.0171875 0.05
1 0.3234375 0.6515625 0.0125 0.04375
1 0.3046875 0.6421875 0.015625 0.0421875
1 0.184375 0.68125 0.0265625 0.06875
1 0.3203125 0.6703125 0.0203125 0.0625
1 0.3046875 0.671875 0.0171875 0.05625
1 0.278125 0.659375 0.0203125 0.0609375
