1 0.8640625 0.625 0.103125 0.2765625
1 0.8171875 0.596875 0.0703125 0.2890625
1 0.784375 0.63125 0.1046875 0.2828125
1 0.728125 0.603125 0.084375 0.290625
1 0.6984375 0.634375 0.1015625 0.284375
1 0.60625 0.6421875 0.0921875 0.2890625
1 0.6578125 0.6015625 0.0796875 0.2875
1 0.59375 0.6078125 0.084375 0.2875
1 0.5078125 0.5953125 0.1125 0.325
1 0.50625 0.6484375 0.0953125 0.2875
1 0.415625 0.65 0.096875 0.296875
1 0.4234375 0.609375 0.0765625 0.2953125
1 0.35 0.615625 0.1 0.3265625
1 0.2640625 0.6296875 0.096875 0.325
1 0.165625 0.628125 0.1078125 0.365625
