1 0.1546875 0.615625 0.2015625 0.5125
0 0.1921875 0.44375 0.059375 0.0796875
1 0.2640625 0.615625 0.121875 0.353125
0 0.2546875 0.46875 0.04375 0.05
1 0.321875 0.571875 0.125 0.3640625
0 0.325 0.41875 0.0375 0.0484375
1 0.396875 0.60625 0.146875 0.409375
0 0.4 0.428125 0.046875 0.0453125
1 0.4765625 0.5640625 0.13125 0.371875
0 0.46875 0.4046875 0.0390625 0.0453125
1 0.5390625 0.6203125 0.15625 0.43125
0 0.528125 0.440625 0.05 0.0640625
1 0.584375 0.5734375 0.1125 0.3984375
0 0.58125 0.4046875 0.04375 0.053125
1 0.6703125 0.61875 0.146875 0.425
0 0.659375 0.44375 0.0484375 0.05625
1 0.734375 0.63125 0.1546875 0.4640625
0 0.728125 0.4375 0.0625 0.071875
1 0.875 0.63125 0.175 0.4796875
0 0.8640625 0.43125 0.059375 0.06875
1 0.9125 0.6171875 0.1671875 0.5078125
0 0.934375 0.409375 0.1 0.0859375