1 0.48125 0.56875 0.1171875 0.13125
0 0.4921875 0.5265625 0.025 0.03125
1 0.325 0.5671875 0.0921875 0.24375
0 0.3265625 0.471875 0.0359375 0.0375
1 0.2390625 0.5703125 0.075 0.2625
0 0.2421875 0.45625 0.034375 0.0328125
1 0.1515625 0.5390625 0.06875 0.1765625
0 0.1515625 0.465625 0.0203125 0.0265625
1 0.0390625 0.553125 0.06875 0.1734375
0 0.04375 0.484375 0.0234375 0.028125
1 0.1828125 0.51875 0.04375 0.1203125
0 0.184375 0.471875 0.015625 0.01875
1 0.109375 0.503125 0.0328125 0.0765625
0 0.1125 0.4734375 0.009375 0.0125
1 0.0671875 0.534375 0.0453125 0.1296875
0 0.059375 0.484375 0.0140625 0.0171875
1 0.0703125 0.5140625 0.0484375 0.1046875
0 0.0625 0.4703125 0.0125 0.0125