1 0.159375 0.54375 0.225 0.5234375
0 0.1625 0.290625 0.0859375 0.10625
1 0.26875 0.540625 0.2109375 0.528125
0 0.2515625 0.26875 0.090625 0.109375
1 0.4234375 0.5390625 0.2921875 0.53125
0 0.43125 0.215625 0.0875 0.0484375
1 0.571875 0.55 0.1390625 0.509375
0 0.58125 0.3421875 0.0640625 0.090625
1 0.6796875 0.5703125 0.3265625 0.46875
0 0.6859375 0.3265625 0.0984375 0.1171875
1 0.6234375 0.6515625 0.4125 0.30625
0 0.675 0.66875 0.1671875 0.2546875
1 0.83125 0.5328125 0.175 0.5453125
0 0.8453125 0.2796875 0.09375 0.096875
1 0.9171875 0.5671875 0.1609375 0.4734375
0 0.9640625 0.2453125 0.0671875 0.109375