1 0.5046875 0.590625 0.1578125 0.38125
1 0.5046875 0.58125 0.1515625 0.353125
1 0.3421875 0.69375 0.128125 0.2875
1 0.23125 0.7046875 0.096875 0.265625
1 0.2515625 0.6859375 0.1109375 0.303125
1 0.1328125 0.7296875 0.0859375 0.2171875
1 0.0390625 0.7046875 0.071875 0.2671875
1 0.0515625 0.7015625 0.0796875 0.2734375
1 0.096875 0.6890625 0.084375 0.296875
1 0.121875 0.70625 0.090625 0.2640625
1 0.153125 0.690625 0.0734375 0.278125
1 0.209375 0.6609375 0.0625 0.246875
1 0.2609375 0.68125 0.075 0.2515625
