1 0.3625 0.628125 0.1875 0.33125
0 0.296875 0.5 0.05625 0.0734375
1 0.290625 0.56875 0.178125 0.3578125
0 0.2515625 0.4296875 0.0546875 0.0609375
1 0.3671875 0.528125 0.23125 0.4171875
0 0.3109375 0.365625 0.059375 0.0875
1 0.4578125 0.5484375 0.1515625 0.3921875
0 0.415625 0.396875 0.0578125 0.08125
1 0.5125 0.44375 0.140625 0.3609375
0 0.48125 0.2984375 0.0484375 0.06875
1 0.590625 0.4640625 0.153125 0.3828125
0 0.5734375 0.3109375 0.05 0.0703125
1 0.7015625 0.5171875 0.2515625 0.5078125
0 0.7015625 0.315625 0.1 0.1
1 0.7609375 0.453125 0.2359375 0.53125
0 0.74375 0.240625 0.0890625 0.09375