1 0.4984375 0.790625 0.078125 0.1625
1 0.4 0.8 0.0640625 0.14375
1 0.80625 0.7296875 0.021875 0.0515625
1 0.8421875 0.73125 0.021875 0.05
1 0.3015625 0.71875 0.0140625 0.0421875
1 0.1921875 0.7125 0.0171875 0.0453125
1 0.175 0.6984375 0.0125 0.0265625
1 0.159375 0.7015625 0.0125 0.0265625
1 0.1109375 0.7234375 0.0171875 0.01875
1 0.096875 0.728125 0.0140625 0.01875
1 0.0828125 0.7234375 0.0171875 0.01875
1 0.046875 0.7265625 0.0203125 0.053125
1 0.0265625 0.728125 0.0203125 0.03125
1 0.03125 0.7203125 0.0171875 0.0484375
1 0.0125 0.71875 0.01875 0.05
