1 0.68125 0.5109375 0.10625 0.275
0 0.6546875 0.4 0.0328125 0.04375
1 0.6171875 0.5171875 0.0890625 0.271875
0 0.609375 0.4046875 0.03125 0.040625
1 0.5703125 0.5203125 0.084375 0.259375
0 0.5609375 0.415625 0.0296875 0.040625
1 0.503125 0.515625 0.084375 0.2546875
0 0.4921875 0.4171875 0.028125 0.034375
1 0.4796875 0.528125 0.109375 0.2375
0 0.45625 0.428125 0.0296875 0.034375
1 0.4078125 0.509375 0.0859375 0.2625
0 0.409375 0.4046875 0.0296875 0.0375
1 0.334375 0.521875 0.121875 0.2390625
0 0.3640625 0.4234375 0.028125 0.0359375
1 0.3078125 0.515625 0.11875 0.25
0 0.325 0.415625 0.0265625 0.0328125