1 0.90625 0.665625 0.184375 0.3328125
0 0.91875 0.4703125 0.159375 0.20625
1 0.865625 0.596875 0.225 0.46875
0 0.8171875 0.33125 0.1265625 0.1328125
1 0.7796875 0.60625 0.1328125 0.4515625
0 0.76875 0.4328125 0.0765625 0.0859375
1 0.634375 0.5921875 0.284375 0.4796875
0 0.61875 0.396875 0.0796875 0.0859375
1 0.525 0.6125 0.1765625 0.4375
0 0.5453125 0.440625 0.0703125 0.0875
1 0.4828125 0.571875 0.0890625 0.2703125
0 0.4765625 0.4640625 0.0296875 0.0359375
1 0.4046875 0.6265625 0.1703125 0.409375
0 0.3953125 0.4578125 0.05 0.0546875
1 0.1421875 0.66875 0.2390625 0.3265625
0 0.1203125 0.546875 0.078125 0.078125
1 0.509375 0.4703125 0.08125 0.1875
0 0.509375 0.3921875 0.0265625 0.025
1 0.4796875 0.365625 0.075 0.1703125
0 0.4703125 0.29375 0.0203125 0.0234375
1 0.4359375 0.3296875 0.0703125 0.15625
0 0.4265625 0.2609375 0.01875 0.0171875
1 0.39375 0.29375 0.071875 0.125
0 0.3828125 0.240625 0.015625 0.015625
1 0.3609375 0.2921875 0.05625 0.1125
0 0.365625 0.2453125 0.015625 0.01875