1 0.0359375 0.721875 0.06875 0.2171875
1 0.0640625 0.7328125 0.115625 0.19375
1 0.0875 0.7078125 0.1734375 0.24375
1 0.140625 0.728125 0.0984375 0.203125
1 0.2015625 0.7390625 0.1328125 0.1796875
1 0.209375 0.7296875 0.0546875 0.175
1 0.2625 0.7390625 0.059375 0.18125
1 0.2578125 0.7421875 0.1515625 0.175
1 0.353125 0.6890625 0.2109375 0.2796875
1 0.3984375 0.74375 0.109375 0.1734375
1 0.4078125 0.7015625 0.0421875 0.1078125
1 0.5359375 0.7109375 0.1515625 0.2375
1 0.471875 0.7453125 0.0921875 0.1671875
1 0.4609375 0.7390625 0.06875 0.18125
1 0.5015625 0.7203125 0.0390625 0.125
1 0.5171875 0.7296875 0.0421875 0.1265625
1 0.53125 0.7296875 0.0515625 0.1515625
1 0.55625 0.7015625 0.0328125 0.1015625
1 0.58125 0.7140625 0.0484375 0.128125
1 0.5703125 0.7453125 0.078125 0.1671875
1 0.6515625 0.675 0.028125 0.0515625
1 0.8796875 0.746875 0.0703125 0.165625
1 0.1859375 0.7265625 0.078125 0.2046875
1 0.6578125 0.6671875 0.021875 0.046875
