1 0.0796875 0.534375 0.15625 0.5296875
1 0.2140625 0.54375 0.1625 0.5125
1 0.3125 0.5609375 0.1359375 0.4796875
1 0.3796875 0.528125 0.1359375 0.503125
1 0.5125 0.51875 0.165625 0.5515625
1 0.634375 0.540625 0.1296875 0.44375
1 0.7234375 0.521875 0.15 0.5140625
1 0.7953125 0.5234375 0.153125 0.5046875
1 0.9265625 0.5296875 0.140625 0.51875
1 0.278125 0.63125 0.3296875 0.3359375
1 0.365625 0.61875 0.1828125 0.3625
1 0.49375 0.615625 0.171875 0.3671875
1 0.6640625 0.609375 0.1640625 0.38125
1 0.8421875 0.6125 0.1671875 0.3765625
1 0.2796875 0.428125 0.0765625 0.259375
1 0.340625 0.4265625 0.05 0.21875
