1 0.5984375 0.6015625 0.265625 0.40625
0 0.5296875 0.4390625 0.0671875 0.0609375
1 0.6640625 0.5296875 0.153125 0.2921875
0 0.64375 0.4140625 0.04375 0.046875
1 0.6953125 0.4859375 0.121875 0.228125
0 0.6859375 0.4 0.034375 0.04375
1 0.696875 0.4265625 0.071875 0.1859375
0 0.7015625 0.3453125 0.025 0.0265625
1 0.746875 0.4203125 0.08125 0.2609375
0 0.75 0.309375 0.0328125 0.0359375
1 0.7703125 0.4140625 0.065625 0.221875
0 0.7609375 0.3203125 0.01875 0.01875
1 0.8140625 0.4171875 0.0921875 0.26875
0 0.8171875 0.303125 0.0328125 0.0359375