1 0.400500 0.718143 0.033000 0.097192
1 0.448500 0.695464 0.037000 0.095032
1 0.935500 0.725702 0.037000 0.107991
1 0.864000 0.681425 0.036000 0.092873
1 0.776000 0.614471 0.038000 0.088553
1 0.710500 0.570194 0.029000 0.082073
1 0.642000 0.534557 0.028000 0.079914
1 0.583500 0.535637 0.031000 0.077754
1 0.522500 0.522678 0.027000 0.077754
1 0.461000 0.506479 0.030000 0.079914
1 0.401500 0.526998 0.021000 0.064795
1 0.340500 0.491361 0.027000 0.075594
1 0.300500 0.597192 0.035000 0.092873
1 0.237500 0.614471 0.037000 0.101512
1 0.129500 0.553996 0.043000 0.114471
1 0.181000 0.511879 0.036000 0.090713
1 0.222500 0.466523 0.031000 0.073434
1 0.286500 0.460043 0.029000 0.082073
1 0.068500 0.376890 0.035000 0.092873
1 0.161000 0.384449 0.032000 0.082073
1 0.191500 0.320734 0.029000 0.071274
1 0.244500 0.331533 0.029000 0.075594
1 0.061500 0.245140 0.033000 0.084233
1 0.127000 0.222462 0.028000 0.069114
1 0.177500 0.221382 0.029000 0.066955
1 0.234500 0.203024 0.025000 0.069114
1 0.270500 0.238661 0.027000 0.066955
1 0.294500 0.307775 0.027000 0.075594
1 0.337500 0.339093 0.027000 0.073434
1 0.386000 0.356371 0.026000 0.073434
1 0.417500 0.312095 0.027000 0.071274
1 0.360000 0.288337 0.026000 0.071274
1 0.317500 0.246220 0.023000 0.064795
1 0.355000 0.183585 0.022000 0.060475
1 0.415000 0.206263 0.026000 0.071274
1 0.445500 0.338013 0.025000 0.075594
1 0.494500 0.331533 0.025000 0.071274
1 0.458000 0.244060 0.024000 0.064795
1 0.470000 0.199784 0.022000 0.062635
1 0.506500 0.219222 0.023000 0.066955
1 0.526500 0.273218 0.025000 0.075594
1 0.564500 0.319654 0.027000 0.077754
1 0.562000 0.208423 0.024000 0.071274
1 0.535500 0.167387 0.023000 0.066955
1 0.594000 0.190065 0.024000 0.069114
1 0.618000 0.328294 0.028000 0.069114
1 0.661000 0.330454 0.028000 0.082073
1 0.707500 0.333693 0.027000 0.071274
1 0.758000 0.344492 0.032000 0.084233
1 0.811000 0.358531 0.032000 0.082073
1 0.854000 0.399568 0.034000 0.103672
1 0.944000 0.456803 0.048000 0.105832
1 0.629500 0.207343 0.025000 0.073434
1 0.681500 0.251620 0.025000 0.071274
1 0.734500 0.272138 0.027000 0.069114
1 0.800500 0.271058 0.031000 0.075594
1 0.849000 0.274298 0.030000 0.077754
1 0.660500 0.180346 0.023000 0.062635
1 0.709000 0.194384 0.022000 0.060475
1 0.768000 0.217063 0.024000 0.066955
1 0.808500 0.208423 0.029000 0.066955
1 0.916000 0.368251 0.036000 0.092873
