1 0.2921875 0.5484375 0.16875 0.2671875
0 0.28125 0.4484375 0.0421875 0.0484375
1 0.3296875 0.459375 0.159375 0.2375
0 0.33125 0.36875 0.0328125 0.0421875
1 0.4265625 0.3359375 0.046875 0.13125
0 0.4265625 0.2875 0.0171875 0.0203125
1 0.56875 0.3203125 0.05 0.146875
0 0.58125 0.2625 0.0140625 0.021875
1 0.628125 0.3984375 0.09375 0.1828125
0 0.6359375 0.3234375 0.0234375 0.0265625
1 0.690625 0.559375 0.1140625 0.2953125
0 0.709375 0.4390625 0.0390625 0.046875
1 0.0375 0.365625 0.071875 0.171875
0 0.015625 0.3015625 0.025 0.028125
1 0.1875 0.271875 0.0421875 0.0859375
0 0.184375 0.2390625 0.0125 0.0109375