1 0.981445 0.266960 0.037109 0.120279
1 0.918457 0.305097 0.055176 0.074807
1 0.798828 0.238357 0.088379 0.143014
1 0.637817 0.350752 0.012451 0.022369
1 0.563354 0.383022 0.012939 0.018702
1 0.532349 0.376054 0.012451 0.022369
1 0.540039 0.366337 0.010742 0.023469
1 0.548828 0.365603 0.010742 0.017602
1 0.515015 0.361386 0.010498 0.021635
1 0.485229 0.371837 0.010010 0.014668
1 0.452881 0.370554 0.011719 0.022369
1 0.431396 0.372387 0.013672 0.022369
1 0.421021 0.366887 0.011963 0.022369
1 0.392090 0.383572 0.011230 0.021269
1 0.384644 0.368537 0.011963 0.023469
1 0.354370 0.374954 0.011475 0.017235
1 0.362305 0.371837 0.008301 0.013935
1 0.349365 0.367620 0.007812 0.014301
1 0.333008 0.376604 0.009766 0.016135
1 0.318726 0.378071 0.009521 0.015402
1 0.313599 0.374037 0.008545 0.016135
1 0.313843 0.375138 0.008545 0.013935
1 0.289917 0.378071 0.009033 0.015402
1 0.289185 0.362486 0.005615 0.011368
1 0.269775 0.371287 0.004883 0.009901
1 0.259155 0.374954 0.005615 0.009168
1 0.237549 0.376788 0.003906 0.006234
1 0.232544 0.377521 0.004150 0.007701
1 0.197144 0.381738 0.006104 0.010268
1 0.314331 0.301613 0.006104 0.010634
