1 0.0953125 0.403125 0.1875 0.5609375
0 0.065625 0.178125 0.0640625 0.0890625
1 0.3484375 0.4234375 0.1390625 0.396875
0 0.353125 0.259375 0.0453125 0.053125
1 0.4296875 0.434375 0.1109375 0.3453125
0 0.4515625 0.2890625 0.0390625 0.04375
1 0.5 0.4203125 0.15 0.36875
0 0.5125 0.26875 0.0421875 0.0578125
1 0.5875 0.44375 0.0859375 0.3046875
0 0.5953125 0.3171875 0.034375 0.0421875
1 0.6421875 0.45 0.1 0.2890625
0 0.6484375 0.3328125 0.034375 0.0421875
1 0.690625 0.4359375 0.0921875 0.2890625
0 0.6953125 0.3171875 0.0390625 0.0515625
1 0.7265625 0.44375 0.075 0.2640625
0 0.7375 0.334375 0.03125 0.0390625
1 0.765625 0.4359375 0.0703125 0.2609375
0 0.7734375 0.3265625 0.03125 0.0359375
1 0.8109375 0.4453125 0.065625 0.246875
0 0.821875 0.3453125 0.03125 0.0359375
1 0.859375 0.440625 0.0796875 0.2484375
0 0.8640625 0.3375 0.03125 0.034375
1 0.9125 0.446875 0.0890625 0.24375
0 0.9125 0.3484375 0.028125 0.0375