1 0.7484375 0.6859375 0.496875 0.371875
0 0.65625 0.3984375 0.196875 0.25
1 0.2765625 0.6859375 0.4421875 0.371875
0 0.359375 0.3921875 0.16875 0.2375
1 0.0515625 0.4484375 0.096875 0.3765625
0 0.0515625 0.3046875 0.0546875 0.075
1 0.159375 0.471875 0.1421875 0.396875
0 0.1484375 0.3171875 0.059375 0.0765625
1 0.4953125 0.4875 0.1796875 0.5296875
0 0.5015625 0.271875 0.06875 0.0890625
1 0.315625 0.5015625 0.1796875 0.5375
0 0.309375 0.2875 0.0765625 0.096875
1 0.7609375 0.6015625 0.4703125 0.540625
0 0.909375 0.4078125 0.1765625 0.1828125