1 0.03125 0.4 0.053125 0.109375
1 0.0953125 0.5296875 0.1875 0.38125
1 0.1859375 0.5109375 0.0890625 0.26875
1 0.18125 0.4578125 0.059375 0.2015625
1 0.25 0.4765625 0.0625 0.2078125
1 0.2921875 0.4109375 0.021875 0.059375
1 0.4109375 0.578125 0.1140625 0.3875
1 0.50625 0.6078125 0.2109375 0.440625
1 0.5890625 0.4953125 0.1375 0.2953125
1 0.6953125 0.540625 0.11875 0.340625
1 0.740625 0.5125 0.1171875 0.2875
1 0.790625 0.5296875 0.15 0.315625
1 0.8265625 0.4921875 0.134375 0.25
1 0.9015625 0.521875 0.078125 0.225
1 0.959375 0.53125 0.059375 0.225
1 0.9765625 0.4546875 0.03125 0.1078125
