1 0.074479 0.345370 0.059375 0.124074
1 0.150000 0.353704 0.052083 0.103704
1 0.205729 0.349074 0.046875 0.098148
1 0.257812 0.317593 0.042708 0.094444
1 0.313021 0.315741 0.044792 0.101852
1 0.346875 0.259259 0.041667 0.081481
1 0.379167 0.305556 0.043750 0.092593
1 0.418229 0.236111 0.038542 0.087037
1 0.474479 0.229630 0.036458 0.088889
1 0.433333 0.313889 0.037500 0.083333
1 0.468229 0.322222 0.038542 0.092593
1 0.493229 0.337963 0.032292 0.079630
1 0.514583 0.285185 0.037500 0.081481
1 0.545833 0.267593 0.033333 0.072222
1 0.588021 0.243519 0.034375 0.075926
1 0.546875 0.337037 0.037500 0.085185
1 0.591667 0.320370 0.037500 0.081481
1 0.631250 0.300926 0.031250 0.064815
1 0.659896 0.297222 0.032292 0.072222
1 0.687500 0.298148 0.037500 0.081481
1 0.733854 0.297222 0.034375 0.075926
1 0.754687 0.318519 0.036458 0.085185
1 0.791667 0.281481 0.029167 0.070370
1 0.818750 0.281481 0.043750 0.092593
1 0.891667 0.250000 0.041667 0.085185
1 0.910937 0.318519 0.046875 0.092593
1 0.970313 0.317593 0.042708 0.094444
1 0.204167 0.465741 0.054167 0.109259
1 0.260417 0.437037 0.047917 0.118519
1 0.328646 0.443519 0.046875 0.101852
1 0.378125 0.402778 0.043750 0.101852
1 0.455208 0.423148 0.043750 0.101852
1 0.492188 0.422222 0.044792 0.088889
1 0.519792 0.417593 0.037500 0.079630
1 0.546875 0.433333 0.033333 0.077778
1 0.585417 0.409259 0.035417 0.077778
1 0.630729 0.411111 0.036458 0.077778
1 0.665104 0.404630 0.034375 0.090741
1 0.716667 0.422222 0.037500 0.088889
1 0.785937 0.415741 0.042708 0.090741
1 0.845313 0.377778 0.038542 0.085185
1 0.912500 0.401852 0.041667 0.092593
1 0.535417 0.519444 0.043750 0.098148
1 0.599479 0.553704 0.042708 0.100000
1 0.651563 0.536111 0.040625 0.101852
1 0.705729 0.537037 0.042708 0.100000
