1 0.8796875 0.546875 0.0125 0.0265625
1 0.94375 0.546875 0.009375 0.034375
1 0.98125 0.5453125 0.0171875 0.0328125
1 0.9734375 0.5453125 0.0203125 0.03125
1 0.878125 0.5171875 0.0109375 0.0328125
1 0.8328125 0.6484375 0.025 0.0296875
1 0.85625 0.6484375 0.03125 0.0296875
1 0.890625 0.6421875 0.0296875 0.040625
1 0.915625 0.640625 0.03125 0.04375
1 0.9546875 0.646875 0.034375 0.0328125
1 0.953125 0.640625 0.0328125 0.0453125
1 0.975 0.6328125 0.0265625 0.0625
1 0.9875 0.6328125 0.0203125 0.0625
1 0.090625 0.5484375 0.0125 0.028125
1 0.0828125 0.54375 0.009375 0.0265625
1 0.1328125 0.56875 0.009375 0.025
1 0.1203125 0.56875 0.0140625 0.021875
1 0.009375 0.553125 0.0109375 0.034375
1 0.084375 0.575 0.0140625 0.0328125
1 0.065625 0.5765625 0.0078125 0.0375
1 0.0234375 0.584375 0.0171875 0.03125
1 0.0609375 0.5796875 0.009375 0.03125
1 0.0140625 0.596875 0.0109375 0.0296875
1 0.0046875 0.5953125 0.0078125 0.0453125
1 0.853125 0.5265625 0.0140625 0.01875
1 0.8515625 0.521875 0.015625 0.0203125
1 0.9671875 0.471875 0.0140625 0.03125
1 0.9640625 0.4703125 0.0109375 0.025
1 0.978125 0.4734375 0.0171875 0.028125
