1 0.0421875 0.3609375 0.08125 0.340625
1 0.0515625 0.39375 0.1 0.334375
1 0.09375 0.3953125 0.1234375 0.39375
1 0.1734375 0.40625 0.1671875 0.39375
1 0.21875 0.3765625 0.0890625 0.3328125
1 0.290625 0.4 0.109375 0.38125
1 0.2703125 0.5203125 0.309375 0.5546875
1 0.3734375 0.3984375 0.0875 0.3875
1 0.375 0.5296875 0.1296875 0.425
1 0.45 0.4734375 0.1515625 0.496875
1 0.453125 0.571875 0.1921875 0.43125
1 0.55 0.4734375 0.184375 0.565625
1 0.590625 0.6171875 0.203125 0.41875
1 0.6625 0.521875 0.2484375 0.6109375
1 0.7609375 0.58125 0.2453125 0.49375
1 0.75 0.403125 0.065625 0.2640625
1 0.7859375 0.35 0.0390625 0.0953125
1 0.8015625 0.2796875 0.04375 0.1140625
1 0.928125 0.2875 0.05 0.1
1 0.86875 0.5390625 0.1390625 0.5765625
1 0.88125 0.54375 0.23125 0.565625
1 0.2828125 0.5296875 0.1078125 0.353125
