1 0.45 0.48125 0.0515625 0.1578125
1 0.9390625 0.528125 0.05625 0.1703125
1 0.975 0.5140625 0.0421875 0.16875
1 0.8609375 0.540625 0.184375 0.403125
1 0.378125 0.55 0.1890625 0.45
1 0.53125 0.4859375 0.1609375 0.4078125
1 0.6390625 0.478125 0.121875 0.3015625
1 0.2734375 0.4921875 0.1203125 0.33125
1 0.0875 0.596875 0.1125 0.196875
1 0.01875 0.5375 0.0359375 0.2390625
1 0.0671875 0.5703125 0.1 0.240625
1 0.1625 0.5171875 0.0859375 0.196875
1 0.190625 0.5 0.0546875 0.175
1 0.053125 0.5203125 0.053125 0.2125
1 0.140625 0.4734375 0.0328125 0.109375
1 0.89375 0.5203125 0.0609375 0.1625
1 0.7421875 0.49375 0.046875 0.146875
1 0.7765625 0.5 0.0484375 0.15
1 0.815625 0.490625 0.05 0.1296875
1 0.709375 0.4984375 0.0375 0.1328125
1 0.6703125 0.5109375 0.08125 0.159375
1 0.565625 0.509375 0.0546875 0.1625
1 0.5890625 0.50625 0.0578125 0.159375
1 0.3453125 0.5171875 0.0578125 0.1640625
1 0.0921875 0.5078125 0.0546875 0.1390625
1 0.1109375 0.48125 0.034375 0.096875
1 0.115625 0.45625 0.03125 0.084375
1 0.225 0.45625 0.034375 0.0921875
1 0.2453125 0.50625 0.05625 0.1453125
1 0.3546875 0.50625 0.0390625 0.125
1 0.3265625 0.509375 0.040625 0.1578125
1 0.796875 0.4890625 0.0375 0.1296875
1 0.940625 0.5046875 0.0390625 0.1546875
1 0.6171875 0.4984375 0.0453125 0.1296875
1 0.2015625 0.496875 0.040625 0.13125
