1 0.9875 0.5265625 0.01875 0.0578125
1 0.9796875 0.5265625 0.0171875 0.053125
1 0.9625 0.5265625 0.0296875 0.053125
1 0.946875 0.525 0.0375 0.059375
1 0.909375 0.5265625 0.021875 0.0609375
1 0.8890625 0.525 0.0203125 0.059375
1 0.8765625 0.528125 0.021875 0.0578125
1 0.853125 0.525 0.0203125 0.059375
1 0.85 0.5234375 0.0125 0.0546875
1 0.8421875 0.525 0.015625 0.053125
1 0.828125 0.525 0.0171875 0.05625
1 0.8171875 0.521875 0.0234375 0.0625
1 0.8140625 0.525 0.0328125 0.0546875
1 0.78125 0.5265625 0.0171875 0.0609375
1 0.75625 0.5265625 0.0296875 0.0609375
1 0.7625 0.521875 0.015625 0.059375
1 0.7546875 0.525 0.0140625 0.059375
1 0.7203125 0.5390625 0.0296875 0.0703125
1 0.728125 0.528125 0.03125 0.0640625
1 0.7140625 0.528125 0.01875 0.065625
1 0.7078125 0.5234375 0.015625 0.059375
1 0.6890625 0.5296875 0.0296875 0.0640625
1 0.6109375 0.5140625 0.0140625 0.0390625
1 0.5875 0.5140625 0.0171875 0.04375
1 0.5859375 0.475 0.01875 0.034375
1 0.54375 0.4859375 0.01875 0.01875
1 0.6375 0.5265625 0.0296875 0.059375
1 0.6234375 0.5484375 0.0265625 0.0421875
1 0.5953125 0.5515625 0.0375 0.05
1 0.553125 0.54375 0.03125 0.078125
1 0.4875 0.509375 0.0171875 0.05625
1 0.4640625 0.5109375 0.021875 0.053125
1 0.434375 0.5015625 0.015625 0.0515625
1 0.5140625 0.534375 0.053125 0.1640625
1 0.3859375 0.5359375 0.0734375 0.2015625
1 0.3671875 0.534375 0.171875 0.25
1 0.709375 0.484375 0.0125 0.0234375
1 0.6984375 0.48125 0.0140625 0.021875
1 0.60625 0.4796875 0.015625 0.0265625
