1 0.6625 0.653125 0.0921875 0.3421875
0 0.659375 0.5078125 0.04375 0.046875
1 0.6328125 0.6421875 0.0734375 0.2953125
0 0.634375 0.51875 0.040625 0.0375
1 0.6328125 0.6328125 0.0640625 0.271875
0 0.61875 0.5203125 0.025 0.034375
1 0.596875 0.640625 0.059375 0.225
0 0.5953125 0.546875 0.0265625 0.0296875
1 0.54375 0.6375 0.0671875 0.2390625
0 0.5375 0.5359375 0.03125 0.03125
1 0.484375 0.625 0.071875 0.2328125
0 0.4828125 0.534375 0.025 0.0234375
1 0.38125 0.6296875 0.0921875 0.2375
0 0.396875 0.53125 0.0265625 0.034375
1 0.2921875 0.640625 0.0625 0.221875
0 0.284375 0.546875 0.0328125 0.03125
1 0.2140625 0.6390625 0.1015625 0.2984375
0 0.2390625 0.5109375 0.0359375 0.0375
1 0.2328125 0.6390625 0.0703125 0.25625
0 0.2515625 0.5359375 0.0328125 0.034375
1 0.1046875 0.6421875 0.1234375 0.375
0 0.1265625 0.490625 0.046875 0.046875
1 0.065625 0.6375 0.1046875 0.340625
0 0.090625 0.4953125 0.046875 0.0484375
1 0.0265625 0.58125 0.05 0.403125
0 0.0203125 0.4140625 0.034375 0.0578125