1 0.830826 0.658275 0.047068 0.103588
1 0.865066 0.507957 0.039545 0.072049
1 0.915316 0.445457 0.037037 0.070891
1 0.871046 0.395689 0.033758 0.069734
1 0.887731 0.345486 0.038966 0.068287
1 0.854745 0.338252 0.032793 0.067708
1 0.837481 0.313802 0.032600 0.063368
1 0.790509 0.470341 0.042438 0.076678
1 0.793885 0.403791 0.035301 0.065683
1 0.809414 0.368056 0.034336 0.063657
1 0.788098 0.345341 0.028356 0.051794
1 0.768711 0.356192 0.028549 0.061921
1 0.756752 0.474103 0.033565 0.066262
1 0.698592 0.496672 0.040702 0.069155
1 0.726659 0.442853 0.032407 0.068576
1 0.730228 0.403935 0.029900 0.060185
1 0.701871 0.341291 0.031057 0.054688
1 0.644001 0.515914 0.034915 0.065972
1 0.667921 0.444878 0.030671 0.063947
1 0.687596 0.410880 0.034144 0.060185
1 0.590374 0.505642 0.030671 0.060475
1 0.641107 0.400897 0.026427 0.058160
1 0.624132 0.380064 0.023341 0.043113
1 0.598090 0.384838 0.029900 0.049190
1 0.597994 0.424045 0.029321 0.058160
1 0.572049 0.457176 0.029514 0.060764
1 0.524209 0.500434 0.031443 0.058738
1 0.531250 0.452691 0.028164 0.059317
1 0.574171 0.404659 0.032215 0.060475
1 0.546200 0.378617 0.027971 0.055845
1 0.460455 0.509549 0.030093 0.059606
1 0.474730 0.453559 0.028549 0.059317
1 0.513214 0.434751 0.026813 0.057002
1 0.519097 0.386863 0.025463 0.053819
1 0.490355 0.397569 0.026620 0.053241
1 0.466532 0.410156 0.021798 0.047164
1 0.450424 0.436487 0.026235 0.059317
1 0.425347 0.485677 0.033565 0.067419
1 0.432002 0.404369 0.026427 0.050637
1 0.402778 0.425926 0.026235 0.057292
1 0.383777 0.460793 0.027585 0.050058
1 0.356192 0.485822 0.031829 0.056713
1 0.378569 0.417969 0.024113 0.046007
1 0.356674 0.427373 0.026620 0.053241
1 0.323206 0.431858 0.025270 0.053530
1 0.315972 0.468750 0.024691 0.057870
1 0.286073 0.448929 0.030478 0.051215
1 0.264950 0.466869 0.026042 0.047164
1 0.266686 0.513166 0.028742 0.057002
1 0.236497 0.489005 0.028935 0.057870
1 0.224151 0.465712 0.028164 0.051794
1 0.211130 0.502459 0.029514 0.050637
1 0.188754 0.488860 0.025270 0.048322
1 0.163098 0.501013 0.024113 0.051794
1 0.125386 0.496672 0.025077 0.050058
1 0.080440 0.511719 0.025463 0.057002
1 0.059606 0.499132 0.025849 0.054977
