1 0.560547 0.455078 0.046875 0.066406
1 0.791016 0.445312 0.013672 0.018229
1 0.730957 0.403646 0.018555 0.020833
1 0.713867 0.410807 0.013672 0.019531
1 0.577637 0.412760 0.016602 0.020833
1 0.463379 0.410807 0.018555 0.032552
1 0.434082 0.465495 0.016602 0.027344
1 0.449219 0.398438 0.017578 0.031250
1 0.374512 0.402344 0.020508 0.031250
1 0.351562 0.447266 0.017578 0.027344
1 0.321777 0.388021 0.020508 0.033854
1 0.283691 0.402995 0.020508 0.035156
1 0.277832 0.380859 0.022461 0.040365
1 0.012695 0.389974 0.025391 0.048177
1 0.727051 0.397786 0.010742 0.019531
