1 0.9328125 0.5796875 0.0578125 0.0703125
1 0.9484375 0.5359375 0.03125 0.0859375
1 0.8953125 0.5375 0.0234375 0.0640625
1 0.8140625 0.5390625 0.0234375 0.0734375
1 0.78125 0.5421875 0.0171875 0.0625
1 0.3390625 0.5484375 0.0265625 0.071875
1 0.3125 0.5453125 0.025 0.059375
1 0.275 0.540625 0.0296875 0.05625
1 0.2734375 0.5421875 0.0375 0.0578125
1 0.2421875 0.5453125 0.0234375 0.065625
1 0.1203125 0.54375 0.0328125 0.05
1 0.096875 0.5375 0.021875 0.046875
1 0.075 0.5375 0.015625 0.0421875
1 0.05 0.5375 0.0140625 0.04375
