1 0.9515625 0.5859375 0.0921875 0.228125
1 0.9234375 0.5296875 0.090625 0.2875
1 0.8484375 0.5234375 0.115625 0.278125
1 0.8265625 0.5921875 0.1265625 0.2015625
1 0.76875 0.51875 0.09375 0.2859375
1 0.709375 0.5828125 0.140625 0.2390625
1 0.675 0.5078125 0.1125 0.3015625
1 0.5796875 0.515625 0.115625 0.3046875
1 0.4828125 0.5265625 0.1 0.3015625
1 0.4 0.503125 0.078125 0.1953125
1 0.3453125 0.521875 0.09375 0.278125
1 0.3359375 0.6 0.14375 0.23125
1 0.2640625 0.528125 0.1078125 0.2953125
1 0.209375 0.60625 0.16875 0.2765625
1 0.1734375 0.5359375 0.146875 0.315625
1 0.0578125 0.521875 0.1125 0.38125
