1 0.053125 0.571875 0.10625 0.5171875
1 0.1984375 0.565625 0.2515625 0.528125
1 0.296875 0.5671875 0.1890625 0.525
1 0.2625 0.525 0.1453125 0.5296875
1 0.384375 0.4921875 0.1078125 0.3921875
1 0.5234375 0.5171875 0.14375 0.35
1 0.525 0.475 0.09375 0.31875
1 0.6078125 0.453125 0.0890625 0.3125
1 0.653125 0.484375 0.1578125 0.3421875
1 0.6546875 0.3953125 0.078125 0.2234375
1 0.70625 0.459375 0.0953125 0.246875
1 0.8359375 0.5609375 0.2265625 0.5390625
1 0.875 0.3640625 0.0296875 0.053125
1 0.9875 0.3640625 0.0171875 0.05
1 0.946875 0.359375 0.021875 0.046875
1 0.9453125 0.3546875 0.0140625 0.0453125
