1 0.175 0.4953125 0.28125 0.5421875
0 0.1640625 0.271875 0.05625 0.0734375
1 0.1453125 0.55 0.159375 0.446875
0 0.14375 0.3796875 0.059375 0.078125
1 0.3265625 0.503125 0.16875 0.515625
0 0.328125 0.2890625 0.05625 0.0625
1 0.2984375 0.5546875 0.325 0.425
0 0.2921875 0.384375 0.05625 0.075
1 0.4953125 0.5046875 0.2234375 0.5125
0 0.4875 0.2875 0.0578125 0.06875
1 0.43125 0.5578125 0.21875 0.41875
0 0.4390625 0.3953125 0.05625 0.071875
1 0.6484375 0.50625 0.1625 0.5140625
0 0.646875 0.2859375 0.0578125 0.06875
1 0.5953125 0.5625 0.159375 0.41875
0 0.5859375 0.396875 0.059375 0.0765625
1 0.7515625 0.565625 0.3140625 0.421875
0 0.7359375 0.4 0.0609375 0.0734375
1 0.8125 0.5 0.1609375 0.5390625
0 0.8171875 0.275 0.053125 0.0625
1 0.8359375 0.5703125 0.29375 0.434375
0 0.86875 0.403125 0.059375 0.0796875