1 0.7015625 0.634375 0.1375 0.2078125
0 0.725 0.553125 0.03125 0.040625
1 0.6859375 0.628125 0.13125 0.175
0 0.684375 0.559375 0.0265625 0.0296875
1 0.65625 0.628125 0.11875 0.171875
0 0.68125 0.5609375 0.03125 0.0328125
1 0.63125 0.6140625 0.1109375 0.1671875
0 0.66875 0.55 0.0265625 0.034375
1 0.640625 0.603125 0.0625 0.14375
0 0.6578125 0.5453125 0.01875 0.0265625
1 0.9109375 0.6171875 0.103125 0.18125
0 0.8921875 0.546875 0.03125 0.0328125
1 0.83125 0.6203125 0.0875 0.14375
0 0.8125 0.56875 0.021875 0.03125
1 0.809375 0.596875 0.090625 0.15
0 0.8015625 0.546875 0.025 0.028125
1 0.259375 0.56875 0.0421875 0.0859375
0 0.259375 0.5375 0.015625 0.01875
1 0.290625 0.55625 0.0421875 0.071875
0 0.29375 0.53125 0.0125 0.0171875
1 0.328125 0.5640625 0.0515625 0.08125
0 0.33125 0.534375 0.0140625 0.0171875
1 0.2703125 0.5375 0.015625 0.0375
0 0.271875 0.521875 0.00625 0.00625
1 0.825 0.60625 0.0671875 0.11875
0 0.828125 0.565625 0.025 0.03125