1 0.03984375 0.596875 0.0796875 0.278125
1 0.0375 0.575 0.0734375 0.284375
1 0.1234375 0.5828125 0.075 0.275
1 0.103125 0.5609375 0.090625 0.284375
1 0.1703125 0.55 0.0734375 0.2734375
1 0.18125 0.5828125 0.075 0.2703125
1 0.2046875 0.6 0.078125 0.2875
1 0.2671875 0.5828125 0.1015625 0.3
1 0.240625 0.58125 0.0828125 0.2796875
1 0.221875 0.5671875 0.06875 0.2578125
1 0.2375 0.5390625 0.0765625 0.2609375
1 0.321875 0.5328125 0.053125 0.203125
1 0.3390625 0.584375 0.0734375 0.2703125
1 0.35 0.653125 0.11875 0.2953125
1 0.4390625 0.6421875 0.090625 0.284375
1 0.459375 0.571875 0.090625 0.2796875
1 0.39375 0.5578125 0.0984375 0.2734375
1 0.35625 0.5578125 0.0703125 0.2234375
1 0.3859375 0.53125 0.071875 0.2125
1 0.434375 0.525 0.0734375 0.20625
1 0.5171875 0.571875 0.0734375 0.253125
1 0.546875 0.55 0.0671875 0.240625
1 0.59375 0.5625 0.084375 0.2640625
1 0.565625 0.5953125 0.09375 0.2328125
1 0.58125 0.640625 0.0828125 0.278125
1 0.6734375 0.6765625 0.109375 0.2984375
1 0.65625 0.5890625 0.09375 0.296875
1 0.6375 0.5734375 0.0890625 0.2578125
1 0.7359375 0.584375 0.0953125 0.2984375
1 0.7796875 0.6125 0.11875 0.334375
1 0.8 0.690625 0.1296875 0.3234375
1 0.8609375 0.640625 0.109375 0.34375
1 0.846875 0.5984375 0.103125 0.2953125
1 0.9 0.6109375 0.0953125 0.3203125
1 0.953125 0.659375 0.090625 0.3484375
1 0.9484375 0.634375 0.1 0.3609375
