1 0.665625 0.615625 0.3 0.40625
0 0.7125 0.4546875 0.05625 0.078125
1 0.5890625 0.6 0.38125 0.4328125
0 0.5796875 0.434375 0.059375 0.0875
1 0.44375 0.6234375 0.325 0.4046875
0 0.453125 0.465625 0.0546875 0.0703125
1 0.359375 0.6265625 0.20625 0.4078125
0 0.340625 0.4625 0.05 0.075
1 0.8828125 0.509375 0.184375 0.5453125
0 0.896875 0.271875 0.05 0.0671875
1 0.79375 0.51875 0.340625 0.5203125
0 0.790625 0.29375 0.05 0.06875
1 0.5515625 0.515625 0.15 0.528125
0 0.546875 0.2921875 0.05 0.0671875
1 0.3984375 0.5390625 0.2140625 0.4796875
0 0.446875 0.3328125 0.0484375 0.065625
1 0.29375 0.5296875 0.2234375 0.5015625
0 0.3453125 0.31875 0.05 0.0703125
1 0.2109375 0.521875 0.1796875 0.5171875
0 0.240625 0.303125 0.046875 0.0703125
1 0.134375 0.534375 0.1296875 0.5125
0 0.134375 0.315625 0.0484375 0.0640625
1 0.675 0.5203125 0.1609375 0.5015625
0 0.6671875 0.30625 0.0421875 0.0625