1 0.203125 0.609375 0.1625 0.2046875
1 0.1578125 0.5375 0.1125 0.2578125
1 0.2984375 0.59375 0.109375 0.171875
1 0.40625 0.6 0.1046875 0.14375
1 0.3109375 0.54375 0.0859375 0.2359375
1 0.25 0.5390625 0.065625 0.2453125
1 0.20625 0.5359375 0.075 0.2515625
1 0.2203125 0.5078125 0.0640625 0.240625
1 0.25 0.4859375 0.0578125 0.2
1 0.309375 0.5203125 0.071875 0.225
1 0.33125 0.4953125 0.06875 0.2203125
1 0.3625 0.5328125 0.0640625 0.2375
1 0.3953125 0.5046875 0.065625 0.2109375
1 0.4734375 0.575 0.084375 0.15625
1 0.521875 0.5734375 0.084375 0.15
1 0.4453125 0.51875 0.071875 0.2015625
1 0.459375 0.5140625 0.065625 0.19375
1 0.49375 0.5078125 0.05625 0.190625
1 0.4609375 0.490625 0.0578125 0.1875
1 0.4171875 0.5015625 0.0609375 0.1875
1 0.409375 0.4875 0.0671875 0.2
1 0.5421875 0.5171875 0.0609375 0.19375
1 0.5265625 0.5015625 0.05625 0.190625
1 0.56875 0.50625 0.0578125 0.190625
1 0.628125 0.5125 0.075 0.190625
