1 0.85 0.6046875 0.09375 0.390625
1 0.7140625 0.5328125 0.071875 0.259375
1 0.0265625 0.7265625 0.0515625 0.20625
1 0.0828125 0.7125 0.1015625 0.234375
1 0.1515625 0.675 0.046875 0.103125
1 0.16875 0.728125 0.1265625 0.203125
1 0.2734375 0.7265625 0.11875 0.2078125
1 0.3328125 0.7046875 0.121875 0.2515625
1 0.390625 0.71875 0.13125 0.2234375
1 0.4953125 0.7203125 0.10625 0.21875
1 0.446875 0.721875 0.059375 0.2140625
1 0.5765625 0.73125 0.0640625 0.196875
1 0.6171875 0.7296875 0.1140625 0.2
1 0.6875 0.6859375 0.046875 0.1171875
1 0.7125 0.6859375 0.0375 0.1171875
1 0.75625 0.71875 0.1328125 0.2203125
1 0.8125 0.7171875 0.1703125 0.2234375
1 0.95 0.7140625 0.09375 0.2296875
1 0.90625 0.734375 0.11875 0.1921875
1 0.540625 0.690625 0.034375 0.1140625
1 0.646875 0.6859375 0.0359375 0.1171875
