1 0.6 0.55 0.11875 0.3453125
1 0.725 0.559375 0.071875 0.240625
1 0.9046875 0.5609375 0.0671875 0.2703125
1 0.1984375 0.6296875 0.3953125 0.2625
1 0.3296875 0.621875 0.321875 0.28125
1 0.4265625 0.5625 0.159375 0.396875
1 0.475 0.5859375 0.1421875 0.325
1 0.8765625 0.55 0.059375 0.2375
1 0.5328125 0.496875 0.053125 0.140625
1 0.6734375 0.4875 0.0390625 0.11875
1 0.7265625 0.5453125 0.084375 0.221875
1 0.7078125 0.53125 0.1140625 0.203125
1 0.2296875 0.5890625 0.2421875 0.3453125
1 0.521875 0.490625 0.0390625 0.1375
1 0.084375 0.5859375 0.16875 0.3515625
