1 0.028125 0.5578125 0.053125 0.0453125
1 0.0546875 0.546875 0.078125 0.10625
1 0.1140625 0.521875 0.034375 0.0875
1 0.171875 0.5578125 0.1 0.209375
1 0.4125 0.48125 0.0109375 0.021875
1 0.4171875 0.49375 0.01875 0.0234375
1 0.6328125 0.4890625 0.01875 0.03125
1 0.6078125 0.49375 0.01875 0.0265625
1 0.696875 0.5046875 0.025 0.053125
1 0.7265625 0.5 0.0484375 0.0578125
1 0.7640625 0.4921875 0.0140625 0.0375
1 0.8515625 0.528125 0.0375 0.065625
1 0.9703125 0.553125 0.053125 0.103125
1 0.46875 0.571875 0.0453125 0.053125
1 0.528125 0.5609375 0.05625 0.0421875
1 0.5703125 0.5765625 0.05625 0.0953125
1 0.5875 0.6125 0.0859375 0.084375
1 0.58125 0.70625 0.1125 0.11875
1 0.4609375 0.6546875 0.0921875 0.115625
1 0.45625 0.6203125 0.0703125 0.0953125
1 0.15625 0.4296875 0.01875 0.0390625
1 0.171875 0.428125 0.015625 0.0421875
