1 0.127344 0.269575 0.060937 0.109620
1 0.417187 0.203579 0.050000 0.089485
1 0.600781 0.220358 0.057813 0.105145
1 0.570312 0.230425 0.043750 0.080537
1 0.538281 0.240492 0.029687 0.069351
1 0.632031 0.223714 0.039062 0.062640
1 0.690625 0.217002 0.046875 0.093960
1 0.875000 0.208054 0.037500 0.058166
1 0.755469 0.244966 0.029687 0.051454
1 0.744531 0.217002 0.026562 0.044743
1 0.838281 0.212528 0.032813 0.062640
1 0.817187 0.192394 0.028125 0.049217
1 0.807813 0.205817 0.021875 0.035794
1 0.942969 0.202461 0.026562 0.046980
1 0.957812 0.201342 0.018750 0.035794
1 0.980469 0.208054 0.017188 0.026846
1 0.889062 0.200224 0.015625 0.024609
1 0.910937 0.209172 0.012500 0.024609
