1 0.1015625 0.621875 0.0671875 0.2515625
1 0.078125 0.6375 0.0890625 0.2359375
1 0.1 0.6515625 0.09375 0.2421875
1 0.1546875 0.6640625 0.11875 0.215625
1 0.2421875 0.6703125 0.1359375 0.2578125
1 0.2453125 0.6375 0.0875 0.2546875
1 0.29375 0.6265625 0.090625 0.2515625
1 0.3609375 0.615625 0.0390625 0.2015625
1 0.3203125 0.63125 0.084375 0.228125
1 0.321875 0.6625 0.1078125 0.2203125
1 0.3390625 0.6515625 0.0765625 0.2375
1 0.3984375 0.6390625 0.078125 0.2546875
1 0.41875 0.6296875 0.071875 0.234375
1 0.4578125 0.6515625 0.1296875 0.2765625
1 0.5046875 0.6234375 0.05625 0.228125
1 0.49375 0.6375 0.1203125 0.23125
1 0.534375 0.6015625 0.1046875 0.265625
1 0.575 0.621875 0.0828125 0.21875
1 0.621875 0.65 0.10625 0.215625
1 0.6265625 0.6328125 0.1015625 0.225
1 0.659375 0.6515625 0.109375 0.2453125
1 0.6828125 0.6625 0.10625 0.25
1 0.7265625 0.6234375 0.0578125 0.253125
1 0.7328125 0.6484375 0.0828125 0.2390625
1 0.8109375 0.6578125 0.084375 0.2234375
1 0.8375 0.6265625 0.0890625 0.24375
1 0.8890625 0.6234375 0.065625 0.209375
1 0.9265625 0.6265625 0.075 0.2171875
1 0.95 0.625 0.05625 0.2046875
