1 0.528125 0.5109375 0.0078125 0.0234375
0 0.528125 0.5015625 0.0015625 0.0015625
1 0.5609375 0.5140625 0.0140625 0.034375
0 0.5625 0.4984375 0.003125 0.003125
1 0.575 0.5140625 0.0109375 0.034375
0 0.575 0.5 0.003125 0.003125
1 0.6015625 0.521875 0.0125 0.0515625
0 0.5984375 0.5 0.00625 0.00625
1 0.5859375 0.5234375 0.0203125 0.0546875
0 0.5890625 0.5 0.0078125 0.0078125
1 0.5890625 0.540625 0.028125 0.075
0 0.5921875 0.509375 0.0078125 0.0109375
1 0.6765625 0.5734375 0.053125 0.1265625
0 0.6828125 0.51875 0.015625 0.015625
1 0.8546875 0.5796875 0.0578125 0.153125
0 0.8671875 0.5234375 0.015625 0.0171875