1 0.0609375 0.4671875 0.1203125 0.4109375
1 0.2546875 0.4875 0.1046875 0.384375
1 0.346875 0.490625 0.140625 0.403125
1 0.359375 0.55 0.1578125 0.5
1 0.1703125 0.5640625 0.3359375 0.5640625
1 0.490625 0.578125 0.3546875 0.5359375
1 0.5421875 0.5328125 0.2046875 0.6265625
1 0.6453125 0.5453125 0.128125 0.49375
1 0.709375 0.49375 0.0984375 0.375
1 0.734375 0.5453125 0.1375 0.4046875
1 0.75625 0.5765625 0.2296875 0.5390625
1 0.9640625 0.503125 0.0671875 0.3265625
1 0.89375 0.55 0.1796875 0.5484375
