1 0.6109375 0.6578125 0.1046875 0.2640625
1 0.03125 0.7109375 0.059375 0.1984375
1 0.059375 0.6796875 0.11875 0.2234375
1 0.1390625 0.684375 0.128125 0.19375
1 0.2171875 0.6359375 0.0703125 0.240625
1 0.284375 0.653125 0.109375 0.1953125
1 0.2125 0.703125 0.1625 0.215625
1 0.3640625 0.7046875 0.190625 0.2125
1 0.3296875 0.7 0.159375 0.2203125
1 0.375 0.66875 0.09375 0.1921875
1 0.4796875 0.690625 0.0859375 0.209375
1 0.4546875 0.7109375 0.103125 0.2
1 0.421875 0.721875 0.146875 0.178125
1 0.446875 0.6625 0.0765625 0.1828125
