1 0.025 0.5578125 0.0484375 0.2
1 0.0421875 0.5609375 0.0734375 0.1984375
1 0.06875 0.5546875 0.0578125 0.2015625
1 0.103125 0.5515625 0.071875 0.215625
1 0.1359375 0.553125 0.0578125 0.2046875
1 0.16875 0.5625 0.0421875 0.1828125
1 0.1921875 0.5609375 0.0515625 0.1921875
1 0.21875 0.5640625 0.0609375 0.1859375
1 0.9734375 0.5546875 0.046875 0.2078125
1 0.940625 0.5546875 0.059375 0.1953125
1 0.8984375 0.5671875 0.078125 0.1796875
1 0.8640625 0.5625 0.0515625 0.18125
1 0.8421875 0.55625 0.0484375 0.1890625
1 0.8140625 0.5671875 0.0625 0.171875
1 0.7703125 0.5671875 0.0578125 0.1671875
1 0.7171875 0.5578125 0.053125 0.1953125
1 0.6671875 0.5609375 0.0578125 0.1921875
1 0.625 0.5625 0.053125 0.184375
1 0.5875 0.5546875 0.0578125 0.1984375
1 0.5515625 0.5609375 0.0578125 0.1859375
1 0.5203125 0.55625 0.0515625 0.190625
1 0.48125 0.5625 0.046875 0.18125
1 0.4515625 0.559375 0.059375 0.1921875
1 0.421875 0.559375 0.0515625 0.1859375
1 0.396875 0.5640625 0.05625 0.18125
1 0.3546875 0.5578125 0.0453125 0.19375
1 0.315625 0.5578125 0.0421875 0.1921875
1 0.3015625 0.5640625 0.0546875 0.1875
1 0.2625 0.5640625 0.053125 0.1875
1 0.21875 0.565625 0.065625 0.1859375
1 0.7875 0.553125 0.0484375 0.1875
1 0.1546875 0.5484375 0.0453125 0.190625
1 0.1859375 0.559375 0.05 0.190625
1 0.2140625 0.5453125 0.0453125 0.1890625
1 0.2328125 0.5578125 0.0375 0.1765625
1 0.2484375 0.55 0.0421875 0.1734375
1 0.2671875 0.540625 0.04375 0.203125
1 0.28125 0.5546875 0.0453125 0.1859375
1 0.30625 0.5484375 0.0453125 0.19375
1 0.334375 0.5578125 0.04375 0.1859375
1 0.325 0.5515625 0.04375 0.190625
1 0.3609375 0.546875 0.040625 0.20625
1 0.371875 0.5578125 0.0421875 0.18125
1 0.384375 0.553125 0.0484375 0.1921875
1 0.40625 0.553125 0.0390625 0.1984375
1 0.4125 0.55625 0.0390625 0.18125
1 0.44375 0.5546875 0.04375 0.18125
1 0.4640625 0.5578125 0.0421875 0.18125
1 0.5015625 0.5515625 0.0515625 0.1953125
1 0.509375 0.55 0.0453125 0.196875
1 0.5359375 0.553125 0.0390625 0.18125
1 0.559375 0.546875 0.0515625 0.2015625
1 0.5703125 0.5515625 0.040625 0.1984375
1 0.5890625 0.5453125 0.0421875 0.20625
1 0.6125 0.5546875 0.046875 0.190625
1 0.640625 0.5546875 0.0421875 0.18125
1 0.6453125 0.5609375 0.04375 0.18125
1 0.6921875 0.5625 0.0453125 0.18125
1 0.740625 0.5578125 0.0421875 0.1859375
1 0.7625 0.5578125 0.0453125 0.18125
1 0.8109375 0.5546875 0.0453125 0.184375
1 0.871875 0.5515625 0.0453125 0.1953125
1 0.884375 0.559375 0.04375 0.1859375
