1 0.065625 0.6453125 0.1265625 0.453125
1 0.09375 0.625 0.184375 0.4953125
1 0.171875 0.640625 0.16875 0.446875
1 0.1625 0.5921875 0.0890625 0.371875
1 0.2234375 0.5328125 0.13125 0.275
1 0.3109375 0.5125 0.109375 0.29375
1 0.3953125 0.5 0.084375 0.265625
1 0.4734375 0.5 0.11875 0.25625
1 0.56875 0.5015625 0.0875 0.234375
1 0.6375 0.496875 0.1125 0.25625
1 0.7203125 0.5 0.10625 0.275
1 0.8203125 0.5140625 0.11875 0.2953125
1 0.8234375 0.6125 0.1765625 0.4796875
1 0.9015625 0.51875 0.121875 0.328125
1 0.9375 0.55 0.1203125 0.378125
