1 0.2625 0.43125 0.15 0.5203125
0 0.2125 0.2078125 0.0515625 0.065625
1 0.5421875 0.4671875 0.3859375 0.8484375
0 0.503125 0.121875 0.0953125 0.14375
1 0.2421875 0.3484375 0.090625 0.325
0 0.24375 0.221875 0.034375 0.04375
1 0.2953125 0.3625 0.0828125 0.2953125
0 0.290625 0.24375 0.03125 0.0359375
1 0.3484375 0.35 0.0953125 0.303125
0 0.33125 0.2265625 0.0359375 0.046875
1 0.3296875 0.203125 0.065625 0.2578125
0 0.3171875 0.0984375 0.0265625 0.0375
1 0.3765625 0.23125 0.0734375 0.2796875
0 0.365625 0.1203125 0.0328125 0.0390625
1 0.5609375 0.3703125 0.1484375 0.365625
0 0.565625 0.2203125 0.0328125 0.0390625
1 0.6578125 0.34375 0.09375 0.2703125
0 0.6640625 0.23125 0.0296875 0.0359375