1 0.7125 0.5734375 0.0421875 0.1140625
1 0.6875 0.578125 0.0265625 0.0984375
1 0.6671875 0.56875 0.0390625 0.1140625
1 0.64375 0.56875 0.04375 0.109375
1 0.6234375 0.571875 0.04375 0.109375
1 0.6078125 0.575 0.0328125 0.096875
1 0.5875 0.575 0.053125 0.1484375
1 0.559375 0.575 0.0390625 0.1484375
1 0.5421875 0.58125 0.0453125 0.1375
1 0.5171875 0.578125 0.0375 0.14375
1 0.49375 0.5765625 0.0390625 0.1453125
1 0.490625 0.575 0.0546875 0.1375
1 0.409375 0.578125 0.0609375 0.184375
1 0.3375 0.575 0.05 0.1640625
1 0.315625 0.571875 0.0453125 0.1796875
1 0.2625 0.553125 0.121875 0.2625
1 0.171875 0.55625 0.1 0.2421875
1 0.090625 0.559375 0.096875 0.23125
1 0.1171875 0.575 0.10625 0.196875
1 0.15 0.5625 0.096875 0.2328125
1 0.5421875 0.5546875 0.0375 0.1234375
1 0.3796875 0.58125 0.05625 0.16875
1 0.359375 0.58125 0.053125 0.16875
1 0.3515625 0.575 0.0625 0.171875
