1 0.903750 0.380282 0.049167 0.089629
1 0.801250 0.405890 0.045833 0.074264
1 0.812500 0.343150 0.046667 0.071703
1 0.713750 0.379641 0.045833 0.080666
1 0.679583 0.319462 0.035833 0.070423
1 0.635000 0.352753 0.043333 0.088348
1 0.592500 0.306658 0.035000 0.065301
1 0.546250 0.336108 0.040833 0.080666
1 0.489167 0.332907 0.031667 0.064020
1 0.462500 0.338028 0.036667 0.076825
1 0.398750 0.331626 0.040833 0.074264
1 0.307500 0.352753 0.040000 0.075544
1 0.263750 0.366837 0.034167 0.070423
1 0.180833 0.349552 0.041667 0.076825
1 0.140833 0.313700 0.045000 0.079385
1 0.082917 0.325864 0.049167 0.083227
