1 0.55625 0.684375 0.2765625 0.2921875
1 0.8234375 0.665625 0.2671875 0.328125
1 0.8453125 0.6703125 0.28125 0.3203125
1 0.928125 0.603125 0.140625 0.4546875
1 0.8359375 0.5890625 0.1109375 0.4765625
1 0.7078125 0.6 0.16875 0.459375
1 0.6515625 0.5875 0.115625 0.4859375
1 0.534375 0.5765625 0.1953125 0.50625
1 0.5 0.5765625 0.0953125 0.440625
1 0.4359375 0.5890625 0.1546875 0.4828125
1 0.4078125 0.4828125 0.0875 0.234375
1 0.353125 0.60625 0.159375 0.446875
1 0.265625 0.621875 0.184375 0.415625
1 0.1828125 0.625 0.178125 0.409375
1 0.2265625 0.56875 0.1546875 0.415625
1 0.31875 0.5578125 0.1328125 0.4859375
1 0.375 0.5625 0.09375 0.4203125
1 0.696875 0.5625 0.1046875 0.40625
1 0.815625 0.5453125 0.1359375 0.434375
1 0.928125 0.5703125 0.1390625 0.4796875
1 0.09375 0.54375 0.1734375 0.5734375
