1 0.3703125 0.6734375 0.046875 0.1625
1 0.5234375 0.6625 0.04375 0.1375
1 0.571875 0.64375 0.034375 0.06875
1 0.6046875 0.66875 0.0390625 0.1296875
1 0.7234375 0.675 0.0421875 0.1484375
1 0.76875 0.6515625 0.0375 0.0875
1 0.80625 0.6609375 0.05625 0.1046875
1 0.4625 0.66875 0.059375 0.1671875
1 0.66875 0.675 0.0828125 0.178125
1 0.215625 0.65625 0.0234375 0.0296875
1 0.228125 0.6484375 0.0234375 0.065625
1 0.2546875 0.6453125 0.021875 0.0609375
1 0.2671875 0.646875 0.0109375 0.05625
1 0.2765625 0.6453125 0.0203125 0.059375
1 0.2828125 0.646875 0.0109375 0.053125
1 0.2890625 0.6453125 0.0109375 0.0484375
1 0.296875 0.646875 0.01875 0.0578125
1 0.3078125 0.6484375 0.0109375 0.0453125
1 0.3171875 0.64375 0.015625 0.0609375
1 0.3328125 0.6453125 0.0171875 0.0578125
1 0.340625 0.646875 0.009375 0.0515625
1 0.346875 0.646875 0.0125 0.053125
1 0.3625 0.6453125 0.0359375 0.075
1 0.390625 0.653125 0.0265625 0.0796875
1 0.39375 0.64375 0.015625 0.0609375
1 0.41875 0.6421875 0.0171875 0.05625
1 0.434375 0.6515625 0.0296875 0.0734375
1 0.4921875 0.6515625 0.0203125 0.0765625
1 0.509375 0.6484375 0.0265625 0.10625
