1 0.0703125 0.5390625 0.0984375 0.325
0 0.078125 0.4078125 0.0359375 0.05
1 0.1171875 0.571875 0.23125 0.528125
0 0.140625 0.3453125 0.0609375 0.06875
1 0.2578125 0.5421875 0.1671875 0.5109375
0 0.2609375 0.325 0.0640625 0.0703125
1 0.3859375 0.521875 0.1171875 0.3984375
0 0.3984375 0.359375 0.0359375 0.04375
1 0.4359375 0.528125 0.2078125 0.465625
0 0.4671875 0.33125 0.0515625 0.0640625
1 0.5578125 0.5265625 0.1046875 0.3328125
0 0.553125 0.3875 0.0375 0.05
1 0.625 0.528125 0.2390625 0.446875
0 0.6453125 0.35 0.0515625 0.0515625
1 0.7625 0.5390625 0.1078125 0.325
0 0.759375 0.40625 0.040625 0.0515625
1 0.884375 0.5375 0.1953125 0.578125
0 0.88125 0.2921875 0.0671875 0.08125
1 0.9015625 0.5625 0.1890625 0.59375
0 0.9140625 0.3140625 0.0625 0.0875