1 0.0921875 0.61875 0.0640625 0.2125
0 0.103125 0.5328125 0.028125 0.0328125
1 0.153125 0.621875 0.1453125 0.234375
0 0.153125 0.521875 0.028125 0.0296875
1 0.44375 0.6609375 0.1234375 0.2921875
0 0.44375 0.5359375 0.0390625 0.040625
1 0.41875 0.6578125 0.0859375 0.2703125
0 0.41875 0.54375 0.0359375 0.0359375
1 0.890625 0.609375 0.0703125 0.2046875
0 0.8984375 0.5234375 0.028125 0.028125
1 0.9609375 0.6203125 0.059375 0.2
0 0.971875 0.5375 0.0234375 0.0296875
1 0.978125 0.65 0.0359375 0.246875
0 0.9921875 0.5375 0.0109375 0.0328125