1 0.140625 0.5078125 0.2 0.2
0 0.071875 0.43125 0.0453125 0.040625
1 0.1890625 0.5234375 0.1859375 0.2078125
0 0.159375 0.446875 0.0390625 0.04375
1 0.26875 0.54375 0.196875 0.2640625
0 0.2078125 0.44375 0.0546875 0.05625
1 0.4609375 0.5796875 0.15625 0.33125
0 0.446875 0.4421875 0.04375 0.0515625
1 0.6296875 0.58125 0.2171875 0.3
0 0.65625 0.475 0.075 0.0765625
1 0.7515625 0.5578125 0.1703125 0.3140625
0 0.78125 0.4375 0.06875 0.0671875
1 0.83125 0.5359375 0.1546875 0.2453125
0 0.85625 0.44375 0.0546875 0.0546875
1 0.915625 0.4859375 0.159375 0.2453125
0 0.9640625 0.39375 0.0515625 0.0546875
1 0.85625 0.48125 0.1265625 0.203125
0 0.8859375 0.4046875 0.0359375 0.0421875
1 0.684375 0.4484375 0.15 0.1609375
0 0.734375 0.3859375 0.0359375 0.034375
1 0.6015625 0.446875 0.1046875 0.1625
0 0.6203125 0.384375 0.0296875 0.028125
1 0.3671875 0.4453125 0.10625 0.3109375
0 0.35625 0.3171875 0.0359375 0.0453125
1 0.8015625 0.5109375 0.1609375 0.278125
0 0.8203125 0.3984375 0.0453125 0.0421875