1 0.5421875 0.6640625 0.4015625 0.33125
1 0.140625 0.6640625 0.2796875 0.33125
1 0.2984375 0.609375 0.14375 0.4421875
1 0.24375 0.6078125 0.165625 0.40625
1 0.34375 0.584375 0.1296875 0.3140625
1 0.0890625 0.6421875 0.1765625 0.3765625
1 0.596875 0.5515625 0.090625 0.2578125
1 0.634375 0.5421875 0.0734375 0.2453125
1 0.6625 0.53125 0.053125 0.1734375
1 0.715625 0.528125 0.0703125 0.178125
1 0.825 0.5328125 0.0609375 0.1671875
1 0.7921875 0.4890625 0.0515625 0.1421875
1 0.8046875 0.4875 0.034375 0.1375
1 0.8453125 0.490625 0.053125 0.14375
1 0.8875 0.49375 0.0375 0.1359375
1 0.875 0.478125 0.03125 0.115625
1 0.8625 0.4765625 0.025 0.1171875
1 0.9765625 0.46875 0.040625 0.125
1 0.871875 0.41875 0.0109375 0.0328125
