1 0.625 0.5765625 0.246875 0.5875
0 0.6640625 0.328125 0.0703125 0.0890625
1 0.4984375 0.634375 0.2140625 0.5359375
0 0.4734375 0.4140625 0.06875 0.0875
1 0.3859375 0.59375 0.11875 0.465625
0 0.3765625 0.4046875 0.059375 0.071875
1 0.2578125 0.5796875 0.16875 0.4796875
0 0.275 0.3796875 0.0515625 0.0671875
1 0.359375 0.5328125 0.125 0.503125
0 0.3484375 0.3203125 0.053125 0.0703125
1 0.4765625 0.5515625 0.290625 0.534375
0 0.5296875 0.33125 0.05625 0.0796875
1 0.4375 0.5328125 0.0453125 0.121875
0 0.4375 0.4828125 0.0125 0.0140625