1 0.478125 0.6125 0.2921875 0.43125
1 0.4375 0.4890625 0.1140625 0.3671875
1 0.221875 0.66875 0.109375 0.4234375
1 0.3125 0.44375 0.075 0.2578125
1 0.3578125 0.4921875 0.0875 0.1828125
1 0.4 0.4984375 0.0875 0.1796875
1 0.58125 0.525 0.096875 0.190625
1 0.6109375 0.515625 0.10625 0.2296875
1 0.64375 0.5296875 0.13125 0.2375
1 0.70625 0.5203125 0.1203125 0.2140625
1 0.759375 0.5328125 0.1421875 0.26875
1 0.775 0.5390625 0.109375 0.2625
1 0.4890625 0.1734375 0.1 0.125
1 0.3984375 0.19375 0.04375 0.1015625
1 0.1921875 0.4703125 0.0515625 0.140625
1 0.796875 0.4140625 0.065625 0.140625
1 0.7203125 0.434375 0.0859375 0.153125
1 0.74375 0.3984375 0.0875 0.1265625
1 0.6921875 0.409375 0.0921875 0.1484375
1 0.6578125 0.403125 0.0765625 0.1328125
1 0.6046875 0.440625 0.075 0.1390625
1 0.6171875 0.3953125 0.0921875 0.1390625
1 0.5890625 0.3953125 0.075 0.1421875
1 0.5828125 0.3609375 0.0875 0.1421875
1 0.528125 0.3640625 0.0796875 0.1265625
1 0.496875 0.3671875 0.075 0.125
1 0.5203125 0.315625 0.0609375 0.10625
1 0.559375 0.2859375 0.05 0.0921875
1 0.5796875 0.2890625 0.0640625 0.0953125
1 0.6328125 0.3484375 0.071875 0.11875
1 0.7140625 0.35625 0.0828125 0.1328125
1 0.7953125 0.353125 0.06875 0.1453125
1 0.78125 0.3203125 0.0765625 0.1390625
1 0.74375 0.3125 0.0765625 0.1265625
1 0.7640625 0.2671875 0.0796875 0.1171875
1 0.80625 0.26875 0.046875 0.125
1 0.6546875 0.31875 0.0625 0.1078125
1 0.6265625 0.3125 0.0640625 0.1109375
1 0.6515625 0.29375 0.0640625 0.1046875
1 0.6328125 0.2796875 0.071875 0.115625
1 0.603125 0.271875 0.0515625 0.0890625
1 0.5109375 0.26875 0.053125 0.08125
1 0.4859375 0.315625 0.0484375 0.0921875
