1 0.428125 0.7546875 0.1203125 0.1953125
1 0.4109375 0.7375 0.084375 0.165625
1 0.4078125 0.7265625 0.0859375 0.178125
1 0.3140625 0.7046875 0.1 0.178125
1 0.1578125 0.71875 0.0921875 0.159375
1 0.090625 0.703125 0.05625 0.1609375
1 0.675 0.6265625 0.034375 0.121875
1 0.9640625 0.71875 0.053125 0.1734375
1 0.903125 0.6375 0.03125 0.134375
1 0.321875 0.55 0.028125 0.075
1 0.3578125 0.528125 0.025 0.065625
1 0.428125 0.521875 0.0375 0.0609375
1 0.5546875 0.50625 0.0171875 0.05
1 0.8515625 0.5734375 0.0296875 0.0890625
1 0.890625 0.5578125 0.028125 0.0828125
1 0.95625 0.5875 0.0328125 0.0921875
1 0.96875 0.621875 0.0453125 0.125
1 0.9046875 0.559375 0.025 0.0703125
1 0.7640625 0.5828125 0.0265625 0.0796875
1 0.8765625 0.5234375 0.0171875 0.0609375
1 0.971875 0.646875 0.0390625 0.1171875
1 0.93125 0.6453125 0.0421875 0.1328125
1 0.821875 0.615625 0.03125 0.084375
1 0.80625 0.6078125 0.0296875 0.0859375
1 0.790625 0.5953125 0.025 0.0859375
1 0.828125 0.5890625 0.0234375 0.0859375
1 0.7375 0.55625 0.0203125 0.075
1 0.78125 0.584375 0.0171875 0.0796875
