1 0.5078125 0.696875 0.0953125 0.1796875
1 0.8359375 0.63125 0.1109375 0.3671875
1 0.70625 0.6 0.1328125 0.3984375
1 0.6203125 0.640625 0.0859375 0.3078125
1 0.9515625 0.503125 0.090625 0.225
1 0.8953125 0.5265625 0.1265625 0.215625
1 0.8046875 0.55 0.1015625 0.3125
1 0.7546875 0.5015625 0.0546875 0.1953125
1 0.628125 0.478125 0.06875 0.159375
1 0.5953125 0.5421875 0.1109375 0.328125
1 0.5375 0.475 0.0703125 0.2140625
1 0.5125 0.5953125 0.1296875 0.4171875
1 0.4140625 0.553125 0.09375 0.321875
1 0.4390625 0.5234375 0.090625 0.328125
1 0.38125 0.4359375 0.0328125 0.0828125
1 0.325 0.5546875 0.1171875 0.3796875
1 0.334375 0.53125 0.1390625 0.328125
1 0.21875 0.5703125 0.1140625 0.346875
1 0.25 0.54375 0.096875 0.290625
1 0.2671875 0.4859375 0.0671875 0.234375
1 0.1515625 0.525 0.0890625 0.265625
1 0.1703125 0.4859375 0.0546875 0.184375
1 0.11875 0.5 0.075 0.203125
1 0.04765625 0.5546875 0.0953125 0.275
1 0.05625 0.5234375 0.0828125 0.2671875
1 0.03125 0.503125 0.0515625 0.209375
