1 0.5328125 0.81875 0.103125 0.1125
1 0.3875 0.8140625 0.096875 0.121875
1 0.2234375 0.8046875 0.128125 0.140625
1 0.0953125 0.8046875 0.134375 0.1421875
1 0.0359375 0.76875 0.065625 0.2125
1 0.05625 0.7328125 0.084375 0.2421875
1 0.203125 0.6765625 0.0765625 0.1890625
1 0.3265625 0.76875 0.084375 0.2109375
1 0.4375 0.684375 0.084375 0.2125
1 0.609375 0.75625 0.084375 0.225
1 0.3015625 0.6703125 0.0671875 0.175
1 0.2296875 0.6484375 0.078125 0.1765625
1 0.2828125 0.621875 0.065625 0.19375
1 0.39375 0.615625 0.075 0.2
1 0.31875 0.5875 0.0578125 0.1625
1 0.6140625 0.65625 0.065625 0.1765625
1 0.68125 0.6640625 0.084375 0.2078125
1 0.7125 0.5484375 0.0609375 0.159375
1 0.66875 0.440625 0.040625 0.115625
1 0.6015625 0.51875 0.053125 0.1359375
1 0.571875 0.540625 0.075 0.146875
1 0.5015625 0.54375 0.0546875 0.153125
1 0.50625 0.5171875 0.053125 0.1234375
1 0.4390625 0.515625 0.0625 0.1484375
1 0.446875 0.4921875 0.0453125 0.1328125
1 0.396875 0.4953125 0.0453125 0.121875
1 0.359375 0.50625 0.0453125 0.128125
1 0.3046875 0.5265625 0.0453125 0.13125
1 0.2359375 0.540625 0.075 0.134375
1 0.1875 0.5375 0.053125 0.1421875
1 0.1375 0.51875 0.053125 0.11875
1 0.0765625 0.5203125 0.0578125 0.1203125
1 0.115625 0.4375 0.04375 0.10625
1 0.1625 0.478125 0.04375 0.1109375
1 0.2015625 0.4796875 0.0359375 0.115625
1 0.25 0.4984375 0.0484375 0.1203125
1 0.1546875 0.4375 0.0453125 0.1125
1 0.19375 0.4359375 0.034375 0.0953125
1 0.228125 0.4296875 0.0359375 0.0984375
1 0.246875 0.4546875 0.0453125 0.10625
1 0.275 0.453125 0.0453125 0.1125
1 0.315625 0.446875 0.034375 0.0953125
1 0.346875 0.453125 0.0453125 0.1046875
1 0.35 0.478125 0.04375 0.1171875
1 0.4046875 0.453125 0.040625 0.11875
1 0.4578125 0.4484375 0.0515625 0.109375
1 0.5046875 0.4578125 0.0453125 0.1109375
1 0.496875 0.4375 0.046875 0.10625
1 0.4375 0.403125 0.0359375 0.096875
1 0.3703125 0.3875 0.0265625 0.0828125
1 0.34375 0.3859375 0.025 0.0671875
1 0.3171875 0.4171875 0.03125 0.0890625
1 0.290625 0.43125 0.028125 0.0890625
1 0.2765625 0.4265625 0.0265625 0.1046875
1 0.3390625 0.3734375 0.03125 0.0828125
1 0.3125 0.3390625 0.025 0.078125
1 0.265625 0.3484375 0.028125 0.065625
1 0.2015625 0.375 0.034375 0.08125
1 0.3796875 0.3625 0.0328125 0.075
1 0.4078125 0.3609375 0.028125 0.0890625
1 0.4375 0.353125 0.025 0.078125
1 0.4734375 0.3796875 0.025 0.0671875
1 0.478125 0.3484375 0.021875 0.06875
1 0.4640625 0.34375 0.021875 0.0671875
1 0.334375 0.340625 0.021875 0.0671875
1 0.5359375 0.3625 0.021875 0.071875
1 0.58125 0.365625 0.03125 0.0796875
1 0.6140625 0.3421875 0.0328125 0.0703125
1 0.628125 0.34375 0.0375 0.06875
1 0.696875 0.328125 0.0265625 0.0671875
1 0.675 0.3390625 0.025 0.0625
1 0.753125 0.34375 0.034375 0.075
1 0.7859375 0.3484375 0.0265625 0.0796875
1 0.8078125 0.35 0.025 0.078125
