1 0.015625 0.4875 0.028125 0.06875
1 0.0328125 0.4875 0.021875 0.0625
1 0.0484375 0.4875 0.03125 0.071875
1 0.1 0.51875 0.0578125 0.134375
1 0.1484375 0.5203125 0.0484375 0.1375
1 0.19375 0.5609375 0.0953125 0.2234375
1 0.2171875 0.5046875 0.0515625 0.1375
1 0.3125 0.5296875 0.0265625 0.071875
1 0.334375 0.5359375 0.0359375 0.0671875
1 0.3109375 0.503125 0.040625 0.1
1 0.325 0.4953125 0.0296875 0.0953125
1 0.353125 0.4984375 0.03125 0.096875
1 0.371875 0.5046875 0.053125 0.121875
1 0.4265625 0.45625 0.0078125 0.021875
1 0.4359375 0.45625 0.0078125 0.0265625
1 0.4484375 0.459375 0.009375 0.021875
1 0.46875 0.4609375 0.0078125 0.025
1 0.478125 0.46875 0.0171875 0.0453125
1 0.490625 0.4625 0.0109375 0.03125
1 0.5015625 0.4609375 0.0125 0.0359375
1 0.5359375 0.471875 0.01875 0.025
1 0.55 0.465625 0.015625 0.0453125
1 0.565625 0.465625 0.0171875 0.05
1 0.575 0.459375 0.0125 0.0390625
1 0.5796875 0.4640625 0.0140625 0.04375
1 0.584375 0.46875 0.015625 0.053125
1 0.575 0.4984375 0.01875 0.08125
1 0.6015625 0.471875 0.0171875 0.046875
1 0.615625 0.46875 0.0125 0.05
1 0.6296875 0.4640625 0.015625 0.05
1 0.7109375 0.5 0.0578125 0.1296875
1 0.7375 0.478125 0.0265625 0.0296875
1 0.7734375 0.496875 0.0359375 0.090625
1 0.784375 0.5203125 0.034375 0.071875
1 0.9 0.4625 0.03125 0.0671875
1 0.8671875 0.53125 0.0703125 0.2078125
