1 0.921875 0.65 0.1515625 0.446875
1 0.8640625 0.5671875 0.246875 0.528125
1 0.703125 0.5890625 0.1640625 0.465625
1 0.540625 0.653125 0.1046875 0.26875
1 0.5890625 0.5953125 0.115625 0.375
1 0.721875 0.546875 0.1578125 0.4625
1 0.6125 0.4921875 0.1390625 0.3921875
1 0.60625 0.4421875 0.159375 0.3703125
1 0.559375 0.3921875 0.10625 0.296875
1 0.5828125 0.3484375 0.1078125 0.3015625
1 0.4609375 0.4125 0.084375 0.3078125
1 0.475 0.3796875 0.0890625 0.3078125
1 0.41875 0.365625 0.0828125 0.3046875
1 0.3875 0.378125 0.09375 0.2890625
1 0.3390625 0.2828125 0.065625 0.1640625
1 0.3609375 0.44375 0.1171875 0.334375
1 0.3453125 0.5046875 0.1765625 0.415625
1 0.3 0.575 0.1625 0.415625
1 0.1890625 0.659375 0.16875 0.428125
