1 0.3765625 0.5890625 0.5109375 0.3890625
0 0.2953125 0.30625 0.1 0.1203125
1 0.353125 0.6125 0.459375 0.340625
0 0.334375 0.44375 0.1265625 0.16875
1 0.453125 0.5671875 0.1703125 0.4328125
0 0.478125 0.3578125 0.0921875 0.115625
1 0.5765625 0.5703125 0.20625 0.4265625
0 0.5640625 0.371875 0.0890625 0.1140625
1 0.6671875 0.5875 0.3609375 0.390625
0 0.6828125 0.275 0.0890625 0.109375
1 0.5 0.640625 0.2953125 0.284375
0 0.459375 0.5453125 0.1265625 0.1609375
1 0.678125 0.63125 0.253125 0.303125
0 0.646875 0.5203125 0.1203125 0.184375