1 0.065625 0.746875 0.021875 0.0453125
0 0.0640625 0.73125 0.0078125 0.0078125
1 0.0875 0.7453125 0.0203125 0.05
0 0.0859375 0.725 0.009375 0.009375
1 0.10625 0.7453125 0.025 0.0484375
0 0.1015625 0.728125 0.0078125 0.0078125
1 0.140625 0.75 0.028125 0.05
0 0.1359375 0.73125 0.009375 0.0078125
1 0.1546875 0.7375 0.01875 0.04375
0 0.1515625 0.7234375 0.00625 0.0078125
1 0.1953125 0.7453125 0.0234375 0.04375
0 0.1921875 0.7296875 0.00625 0.00625
1 0.2234375 0.740625 0.025 0.046875
0 0.21875 0.7234375 0.00625 0.00625
1 0.2390625 0.740625 0.0203125 0.046875
0 0.2375 0.7234375 0.0078125 0.0078125
1 0.246875 0.7453125 0.021875 0.0484375
0 0.2421875 0.7265625 0.00625 0.0078125
1 0.2546875 0.7421875 0.015625 0.04375
0 0.2578125 0.7265625 0.00625 0.0078125
1 0.2625 0.74375 0.01875 0.040625
0 0.259375 0.7296875 0.00625 0.00625
1 0.30625 0.7421875 0.021875 0.05
0 0.303125 0.721875 0.00625 0.00625
1 0.3296875 0.7390625 0.01875 0.04375
0 0.3296875 0.7234375 0.0078125 0.0078125
1 0.4609375 0.7609375 0.028125 0.0546875
0 0.4578125 0.74375 0.00625 0.0078125
1 0.4890625 0.76875 0.01875 0.0515625
0 0.490625 0.75 0.0078125 0.0078125
1 0.521875 0.7578125 0.015625 0.04375
0 0.5234375 0.740625 0.00625 0.0078125
1 0.546875 0.765625 0.01875 0.046875
0 0.55 0.7453125 0.00625 0.00625
1 0.5546875 0.7859375 0.0171875 0.046875
0 0.559375 0.7703125 0.009375 0.009375
1 0.5734375 0.7921875 0.021875 0.046875
0 0.575 0.7734375 0.00625 0.00625
1 0.59375 0.79375 0.028125 0.046875
0 0.5953125 0.778125 0.0078125 0.0078125
1 0.596875 0.765625 0.0203125 0.04375
0 0.5984375 0.7484375 0.0078125 0.009375
1 0.61875 0.7984375 0.021875 0.0484375
0 0.61875 0.784375 0.0078125 0.0078125
1 0.659375 0.8078125 0.021875 0.04375
0 0.659375 0.7890625 0.0078125 0.00625
1 0.7046875 0.8125 0.01875 0.0328125
0 0.70625 0.8015625 0.009375 0.0078125
1 0.7203125 0.815625 0.021875 0.0265625
0 0.7203125 0.8109375 0.009375 0.009375
1 0.7375 0.8171875 0.01875 0.025
0 0.7390625 0.8109375 0.009375 0.009375
1 0.75625 0.8171875 0.0171875 0.025
0 0.759375 0.8140625 0.009375 0.0109375
1 0.775 0.81875 0.01875 0.021875
0 0.7796875 0.8234375 0.00625 0.009375
1 0.69375 0.7734375 0.0234375 0.0421875
0 0.69375 0.7640625 0.00625 0.009375
1 0.6953125 0.7984375 0.01875 0.05
0 0.6984375 0.7796875 0.009375 0.009375
1 0.7125 0.7890625 0.01875 0.053125
0 0.7140625 0.76875 0.00625 0.009375
1 0.7171875 0.803125 0.01875 0.05
0 0.715625 0.7828125 0.00625 0.0078125
1 0.7296875 0.7875 0.01875 0.0453125
0 0.7296875 0.771875 0.00625 0.0078125
1 0.759375 0.8015625 0.021875 0.053125
0 0.7640625 0.78125 0.00625 0.00625
1 0.7953125 0.80625 0.01875 0.046875
0 0.7984375 0.7875 0.00625 0.00625
1 0.94375 0.484375 0.0140625 0.0328125
0 0.9484375 0.475 0.00625 0.00625
1 0.85 0.4328125 0.009375 0.025
0 0.8515625 0.425 0.003125 0.00625
1 0.8734375 0.4375 0.009375 0.021875
0 0.875 0.4296875 0.003125 0.003125