1 0.9484375 0.5796875 0.0953125 0.3015625
1 0.821875 0.571875 0.1296875 0.325
1 0.796875 0.5390625 0.0796875 0.1796875
1 0.709375 0.6109375 0.1421875 0.3984375
1 0.61875 0.5890625 0.134375 0.4421875
1 0.503125 0.54375 0.0984375 0.309375
1 0.4140625 0.575 0.1296875 0.3765625
1 0.3203125 0.5984375 0.134375 0.34375
1 0.23125 0.56875 0.1421875 0.30625
1 0.0875 0.55625 0.134375 0.25625
1 0.0375 0.55625 0.0703125 0.2421875
1 0.1484375 0.5015625 0.0765625 0.16875
1 0.1671875 0.4921875 0.034375 0.1171875
1 0.246875 0.4765625 0.028125 0.1015625
1 0.271875 0.521875 0.0578125 0.1890625
1 0.3078125 0.5140625 0.0515625 0.159375
1 0.9046875 0.45625 0.0140625 0.034375
