1 0.0609375 0.515625 0.11875 0.2859375
0 0.009375 0.4109375 0.0171875 0.0390625
1 0.1140625 0.4859375 0.15625 0.253125
0 0.0921875 0.3875 0.0515625 0.0515625
1 0.3109375 0.5 0.1265625 0.26875
0 0.3015625 0.3953125 0.0390625 0.053125
1 0.46875 0.415625 0.13125 0.3328125
0 0.45 0.278125 0.0375 0.053125
1 0.5453125 0.4859375 0.159375 0.321875
0 0.534375 0.359375 0.05625 0.0640625
1 0.7796875 0.4703125 0.146875 0.1484375
0 0.796875 0.43125 0.0296875 0.03125
1 0.784375 0.5609375 0.2171875 0.321875
0 0.803125 0.4453125 0.078125 0.0890625
1 0.8390625 0.6015625 0.31875 0.5421875
0 0.8984375 0.4203125 0.1328125 0.140625