1 0.1125 0.6234375 0.1203125 0.0703125
1 0.4015625 0.671875 0.071875 0.265625
1 0.4140625 0.6390625 0.059375 0.1984375
1 0.4375 0.59375 0.0296875 0.1234375
1 0.4875 0.6203125 0.0625 0.175
1 0.5046875 0.671875 0.05625 0.1640625
1 0.54375 0.615625 0.0578125 0.1515625
1 0.60625 0.5828125 0.04375 0.078125
1 0.6328125 0.5796875 0.053125 0.08125
1 0.6828125 0.6640625 0.0890625 0.265625
1 0.78125 0.6390625 0.103125 0.140625
1 0.809375 0.6640625 0.109375 0.171875
1 0.9359375 0.5265625 0.0609375 0.0921875
