1 0.990833 0.404938 0.018333 0.098765
1 0.835000 0.297531 0.060000 0.091358
1 0.740833 0.386420 0.061667 0.111111
1 0.583333 0.386420 0.060000 0.116049
1 0.435000 0.239506 0.063333 0.103704
1 0.253333 0.259259 0.066667 0.113580
1 0.190000 0.295062 0.063333 0.101235
1 0.086667 0.288889 0.066667 0.118519
1 0.073333 0.198765 0.066667 0.111111
1 0.179167 0.237037 0.065000 0.098765
1 0.543333 0.259259 0.053333 0.108642
1 0.411667 0.327160 0.053333 0.076543
1 0.651667 0.269136 0.050000 0.093827
1 0.715000 0.261728 0.056667 0.088889
1 0.793333 0.303704 0.046667 0.088889
1 0.943333 0.235802 0.053333 0.096296
1 0.306667 0.259259 0.056667 0.093827
