1 0.3109375 0.6953125 0.1671875 0.3078125
1 0.4734375 0.6859375 0.1578125 0.2953125
1 0.5640625 0.6640625 0.1296875 0.2828125
1 0.7015625 0.709375 0.2546875 0.3203125
1 0.8578125 0.6875 0.1734375 0.3171875
1 0.8671875 0.5234375 0.153125 0.4203125
1 0.790625 0.51875 0.1171875 0.403125
1 0.6953125 0.5203125 0.128125 0.415625
1 0.6328125 0.5328125 0.13125 0.3984375
1 0.5203125 0.515625 0.1421875 0.4453125
1 0.425 0.5359375 0.1390625 0.4359375
1 0.271875 0.5390625 0.228125 0.39375
1 0.2265625 0.55625 0.1625 0.4328125
