1 0.070047 0.151932 0.043124 0.083210
1 0.139860 0.128529 0.038228 0.072065
1 0.219580 0.139673 0.041492 0.066122
1 0.305711 0.101969 0.033333 0.076152
1 0.387646 0.095282 0.036364 0.077637
1 0.414336 0.099926 0.017483 0.035661
1 0.450932 0.121842 0.034266 0.072065
1 0.515385 0.121285 0.032634 0.068722
1 0.564103 0.145802 0.038228 0.080609
1 0.627972 0.110327 0.041026 0.075780
1 0.618298 0.194094 0.033800 0.085067
1 0.702914 0.175892 0.044056 0.088039
1 0.739860 0.122585 0.036364 0.077266
1 0.809907 0.172548 0.039860 0.083581
1 0.770513 0.226969 0.047786 0.099554
1 0.860490 0.235513 0.046387 0.089153
1 0.930769 0.245171 0.057809 0.124071
1 0.737179 0.389116 0.043590 0.097697
1 0.649068 0.336924 0.038928 0.085438
1 0.556177 0.297363 0.042424 0.081352
1 0.493473 0.300706 0.040093 0.086553
1 0.426340 0.318351 0.039161 0.079495
1 0.327739 0.275260 0.038228 0.078009
1 0.259324 0.300334 0.038928 0.077637
1 0.178555 0.306092 0.041492 0.083952
1 0.103263 0.347511 0.050816 0.086553
1 0.151399 0.505386 0.048252 0.096211
1 0.209907 0.471211 0.047319 0.086553
1 0.287063 0.455423 0.037995 0.080981
1 0.359207 0.383358 0.039627 0.086181
1 0.414219 0.466382 0.041492 0.090267
1 0.480186 0.483098 0.041492 0.092496
1 0.559324 0.512630 0.044988 0.091382
1 0.664569 0.562221 0.043357 0.101412
1 0.129021 0.057949 0.014685 0.030461
