1 0.975 0.5609375 0.04375 0.203125
0 0.9875 0.4796875 0.0203125 0.0328125
1 0.2765625 0.5421875 0.121875 0.2140625
0 0.2625 0.4625 0.0375 0.0421875
1 0.41875 0.5328125 0.1375 0.2875
0 0.3859375 0.4140625 0.0515625 0.0453125
1 0.675 0.54375 0.1875 0.2890625
0 0.7109375 0.4234375 0.040625 0.04375
1 0.153125 0.521875 0.2875 0.584375
0 0.153125 0.2796875 0.06875 0.075
1 0.0859375 0.5078125 0.16875 0.4609375
0 0.02578125 0.31953125 0.0515625 0.0640625
1 0.3515625 0.540625 0.09375 0.18125
0 0.346875 0.46875 0.034375 0.0375