1 0.141136 0.142157 0.081291 0.107843
1 0.304739 0.162990 0.078431 0.106209
1 0.481209 0.116830 0.077614 0.102941
1 0.651144 0.159109 0.082516 0.109069
1 0.728962 0.104984 0.082108 0.112745
1 0.301675 0.567810 0.100899 0.123366
1 0.487541 0.509600 0.073121 0.112337
1 0.695874 0.491013 0.084559 0.120098
1 0.749183 0.783292 0.112745 0.151552
1 0.988766 0.350082 0.022467 0.057190
1 0.992443 0.235703 0.015114 0.017157
1 0.983047 0.236724 0.011846 0.011846
1 0.950368 0.231822 0.015114 0.015114
1 0.932598 0.234273 0.015523 0.015931
1 0.897876 0.245711 0.010621 0.014297
1 0.875613 0.237745 0.007761 0.008170
1 0.867851 0.234273 0.009395 0.011846
