1 0.197917 0.614005 0.031636 0.045139
1 0.229745 0.604601 0.031250 0.048322
1 0.278164 0.586950 0.031250 0.051794
1 0.300154 0.580006 0.031636 0.051215
1 0.307581 0.554832 0.029128 0.052951
1 0.358796 0.602286 0.030864 0.054109
1 0.429302 0.630353 0.037230 0.064525
1 0.464120 0.621094 0.033179 0.051794
1 0.430845 0.564525 0.031829 0.057292
1 0.529610 0.361545 0.034529 0.076678
1 0.531057 0.575231 0.022377 0.032986
1 0.576389 0.611545 0.032022 0.053530
1 0.640336 0.628472 0.031057 0.052662
1 0.658854 0.615017 0.032600 0.056424
1 0.748746 0.611400 0.034915 0.053241
1 0.683353 0.583912 0.030285 0.053241
1 0.766204 0.578125 0.032793 0.056134
1 0.812307 0.596065 0.040123 0.062500
1 0.865548 0.588831 0.034336 0.058449
1 0.914352 0.620226 0.037037 0.057002
1 0.959877 0.592448 0.037037 0.061632
1 0.991512 0.560475 0.016975 0.060185
1 0.484761 0.281105 0.013889 0.023438
1 0.461902 0.285735 0.010995 0.018808
1 0.425058 0.279659 0.011381 0.022280
1 0.119888 0.258825 0.010610 0.018229
1 0.092882 0.265625 0.010995 0.021412
1 0.239198 0.270544 0.010802 0.022569
1 0.857253 0.320312 0.013117 0.020833
1 0.855131 0.286314 0.011960 0.022280
1 0.874904 0.274306 0.009066 0.015046
1 0.909722 0.331163 0.031636 0.121817
1 0.886671 0.355179 0.015239 0.022859
1 0.887346 0.355758 0.013503 0.019965
1 0.886478 0.316840 0.012153 0.024306
1 0.710745 0.599392 0.044560 0.046007
