1 0.853125 0.565625 0.1046875 0.2796875
1 0.7734375 0.5578125 0.09375 0.2734375
1 0.709375 0.5515625 0.0859375 0.2578125
1 0.640625 0.5546875 0.0796875 0.2265625
1 0.5890625 0.5546875 0.06875 0.225
1 0.5359375 0.5515625 0.071875 0.21875
1 0.48125 0.5453125 0.06875 0.225
1 0.428125 0.5578125 0.0734375 0.2140625
1 0.3703125 0.55625 0.078125 0.2203125
1 0.3171875 0.5515625 0.09375 0.24375
1 0.2671875 0.5625 0.078125 0.259375
1 0.1953125 0.565625 0.0984375 0.2765625
1 0.0890625 0.5703125 0.125 0.296875
1 0.1671875 0.54375 0.084375 0.26875
1 0.2359375 0.5453125 0.071875 0.2453125
1 0.290625 0.525 0.0625 0.2265625
1 0.35625 0.5234375 0.0703125 0.203125
1 0.40625 0.5109375 0.0703125 0.2140625
1 0.4515625 0.5140625 0.078125 0.209375
1 0.496875 0.5125 0.0609375 0.1953125
1 0.8078125 0.5328125 0.090625 0.2515625
1 0.734375 0.525 0.0640625 0.228125
1 0.696875 0.5078125 0.078125 0.225
1 0.625 0.5234375 0.0703125 0.2
1 0.571875 0.51875 0.0671875 0.20625
1 0.53125 0.521875 0.065625 0.1921875
