1 0.0484375 0.3234375 0.0640625 0.1359375
1 0.015625 0.290625 0.0265625 0.1171875
1 0.1546875 0.484375 0.24375 0.515625
1 0.209375 0.328125 0.0609375 0.1171875
1 0.19375 0.2671875 0.0578125 0.0921875
1 0.24375 0.2671875 0.04375 0.0921875
1 0.29375 0.265625 0.0515625 0.0890625
1 0.321875 0.28125 0.0640625 0.1203125
1 0.3203125 0.3109375 0.0609375 0.1140625
1 0.284375 0.4984375 0.2703125 0.490625
1 0.384375 0.490625 0.284375 0.471875
1 0.4765625 0.496875 0.3078125 0.4546875
1 0.5421875 0.4765625 0.228125 0.4609375
1 0.609375 0.5046875 0.3140625 0.4171875
1 0.7171875 0.5140625 0.3875 0.5
1 0.7921875 0.49375 0.284375 0.540625
1 0.3734375 0.565625 0.334375 0.425
1 0.3921875 0.575 0.2703125 0.3890625
1 0.503125 0.609375 0.2703125 0.3375
1 0.3375 0.2640625 0.0546875 0.0875
1 0.434375 0.265625 0.04375 0.0890625
1 0.503125 0.3234375 0.08125 0.2046875
1 0.54375 0.3015625 0.0578125 0.1609375
1 0.61875 0.3 0.0984375 0.1578125
1 0.7921875 0.3078125 0.078125 0.1734375
1 0.8640625 0.2703125 0.046875 0.1
1 0.953125 0.390625 0.0890625 0.128125
1 0.9359375 0.26875 0.0484375 0.096875
1 0.90625 0.2953125 0.065625 0.115625
1 0.6640625 0.29375 0.08125 0.146875
