1 0.980956 0.491463 0.031163 0.056098
1 0.980609 0.491463 0.030471 0.056098
1 0.979571 0.431098 0.017313 0.032927
1 0.928670 0.493293 0.030471 0.064634
1 0.910319 0.453659 0.029778 0.051220
1 0.880194 0.488415 0.027701 0.042683
1 0.791205 0.488415 0.032548 0.064634
1 0.821330 0.481098 0.030471 0.062195
1 0.840720 0.468902 0.031856 0.062195
1 0.760734 0.493902 0.027008 0.051220
1 0.876039 0.420122 0.016620 0.035366
1 0.843837 0.420122 0.014543 0.028049
1 0.752078 0.434146 0.015235 0.031707
1 0.728532 0.429268 0.018006 0.036585
1 0.683864 0.493293 0.028393 0.057317
1 0.670706 0.487195 0.028393 0.059756
1 0.705679 0.443293 0.027701 0.064634
1 0.683518 0.457927 0.027701 0.042683
1 0.616343 0.493902 0.030471 0.063415
1 0.619114 0.455488 0.016620 0.037805
1 0.551939 0.504268 0.026316 0.059756
1 0.528740 0.507317 0.027008 0.058537
1 0.574792 0.467683 0.027701 0.059756
1 0.481648 0.439634 0.018698 0.037805
1 0.481648 0.440244 0.018698 0.034146
1 0.424515 0.473171 0.029086 0.068293
1 0.385042 0.489024 0.029086 0.056098
1 0.409972 0.498171 0.026316 0.057317
1 0.332410 0.496341 0.024931 0.051220
1 0.292936 0.500000 0.026316 0.056098
1 0.256233 0.477439 0.030471 0.057317
1 0.192175 0.498171 0.029778 0.057317
1 0.192867 0.476829 0.031163 0.060976
1 0.144044 0.492073 0.027701 0.057317
1 0.033934 0.512195 0.034626 0.068293
1 0.050900 0.499390 0.028393 0.064634
1 0.015235 0.471341 0.030471 0.059756
