1 0.396875 0.55 0.3640625 0.2546875
1 0.1828125 0.453125 0.0359375 0.1046875
1 0.209375 0.4546875 0.0328125 0.103125
1 0.2609375 0.4609375 0.04375 0.1390625
1 0.296875 0.4609375 0.0453125 0.1390625
1 0.325 0.4421875 0.0390625 0.1
1 0.3734375 0.4421875 0.0515625 0.109375
1 0.4109375 0.4453125 0.0359375 0.1015625
1 0.4546875 0.434375 0.046875 0.11875
1 0.490625 0.434375 0.0421875 0.1125
1 0.5296875 0.434375 0.0390625 0.10625
1 0.5578125 0.509375 0.0546875 0.0875
1 0.646875 0.5421875 0.0453125 0.0625
1 0.6890625 0.5453125 0.071875 0.06875
1 0.6171875 0.515625 0.075 0.0828125
1 0.759375 0.5421875 0.1109375 0.1140625
1 0.7484375 0.584375 0.059375 0.090625
1 0.7765625 0.625 0.0828125 0.0890625
1 0.8046875 0.640625 0.078125 0.1015625
1 0.85625 0.659375 0.1171875 0.125
1 0.925 0.521875 0.04375 0.121875
1 0.95625 0.5078125 0.05 0.14375
1 0.9765625 0.478125 0.0390625 0.190625
1 0.7921875 0.4578125 0.0546875 0.1359375
1 0.9125 0.45 0.0546875 0.134375
1 0.709375 0.45 0.0390625 0.11875
1 0.6703125 0.44375 0.0390625 0.1125
1 0.625 0.440625 0.065625 0.1390625
1 0.871875 0.3890625 0.0390625 0.0875
1 0.95625 0.734375 0.08125 0.146875
1 0.9125 0.7109375 0.0828125 0.11875
1 0.9640625 0.709375 0.065625 0.125
1 0.9046875 0.684375 0.06875 0.1015625
1 0.9578125 0.678125 0.071875 0.1578125
1 0.853125 0.6265625 0.059375 0.128125
1 0.8515625 0.5984375 0.0625 0.146875
1 0.96875 0.628125 0.0546875 0.14375
1 0.978125 0.5921875 0.0375 0.1359375
1 0.878125 0.5796875 0.0703125 0.134375
1 0.765625 0.596875 0.1015625 0.096875
1 0.80625 0.559375 0.08125 0.11875
1 0.8921875 0.5484375 0.06875 0.128125
1 0.85625 0.5375 0.059375 0.103125
1 0.834375 0.528125 0.053125 0.1078125
1 0.8421875 0.4984375 0.0390625 0.09375
1 0.83125 0.496875 0.0296875 0.090625
1 0.8796875 0.5203125 0.040625 0.109375
1 0.95625 0.465625 0.05 0.14375
1 0.9296875 0.471875 0.053125 0.1359375
1 0.8421875 0.4625 0.05 0.14375
1 0.8515625 0.4375 0.0296875 0.071875
1 0.8546875 0.44375 0.040625 0.125
1 0.8921875 0.4453125 0.05 0.128125
1 0.9421875 0.4671875 0.0421875 0.1578125
1 0.80625 0.4296875 0.04375 0.1203125
1 0.7515625 0.434375 0.046875 0.128125
1 0.759375 0.4171875 0.0328125 0.06875
1 0.584375 0.5203125 0.034375 0.0609375
1 0.59375 0.5015625 0.034375 0.078125
1 0.575 0.490625 0.0375 0.084375
1 0.5625 0.4671875 0.028125 0.0640625
1 0.64375 0.484375 0.034375 0.0921875
1 0.6046875 0.48125 0.028125 0.06875
1 0.6171875 0.49375 0.040625 0.0796875
1 0.678125 0.534375 0.040625 0.0640625
1 0.7171875 0.5421875 0.0671875 0.078125
1 0.796875 0.528125 0.059375 0.1
1 0.7671875 0.5296875 0.059375 0.103125
1 0.73125 0.525 0.05 0.096875
1 0.6984375 0.515625 0.046875 0.1046875
1 0.6546875 0.509375 0.04375 0.090625
1 0.7296875 0.496875 0.0421875 0.1046875
1 0.4828125 0.5 0.0578125 0.078125
1 0.325 0.48125 0.028125 0.04375
1 0.365625 0.4796875 0.0296875 0.05
1 0.1859375 0.4359375 0.0296875 0.1265625
1 0.275 0.4375 0.0328125 0.1359375
1 0.35625 0.4328125 0.03125 0.125
1 0.3921875 0.4265625 0.0390625 0.115625
1 0.371875 0.421875 0.0265625 0.109375
1 0.328125 0.4171875 0.0390625 0.1125
1 0.284375 0.384375 0.0390625 0.1046875
1 0.4296875 0.3796875 0.0265625 0.0578125
1 0.5140625 0.4234375 0.0296875 0.1015625
1 0.696875 0.4296875 0.0421875 0.109375
1 0.6671875 0.428125 0.0390625 0.103125
1 0.725 0.415625 0.0296875 0.1015625
1 0.6546875 0.5328125 0.0421875 0.075
