1 0.75625 0.653125 0.1625 0.353125
1 0.603125 0.6234375 0.196875 0.303125
1 0.43125 0.6203125 0.1609375 0.309375
1 0.2875 0.6015625 0.2296875 0.371875
1 0.2296875 0.615625 0.13125 0.259375
1 0.1640625 0.5953125 0.15 0.2953125
1 0.10625 0.5890625 0.1515625 0.2375
1 0.0609375 0.58125 0.11875 0.25
1 0.0390625 0.5796875 0.0734375 0.2265625
1 0.0578125 0.4953125 0.090625 0.175
1 0.08125 0.5 0.121875 0.1890625
1 0.184375 0.49375 0.121875 0.2078125
1 0.2640625 0.5015625 0.1171875 0.1921875
1 0.340625 0.5015625 0.13125 0.196875
1 0.4359375 0.50625 0.0921875 0.2
1 0.5234375 0.521875 0.1390625 0.2359375
1 0.609375 0.525 0.0859375 0.221875
1 0.7328125 0.5140625 0.125 0.2265625
1 0.64375 0.4515625 0.0890625 0.1296875
1 0.55625 0.4484375 0.090625 0.1265625
1 0.4796875 0.446875 0.0875 0.134375
1 0.4234375 0.446875 0.0890625 0.1328125
1 0.3453125 0.45 0.103125 0.1265625
1 0.2875 0.45 0.1078125 0.128125
1 0.2078125 0.4515625 0.0890625 0.1328125
1 0.159375 0.45 0.0859375 0.128125
1 0.115625 0.44375 0.0953125 0.1171875
1 0.73125 0.4671875 0.0984375 0.1328125
