1 0.01875 0.696875 0.03125 0.1
1 0.04375 0.6859375 0.03125 0.0734375
1 0.0671875 0.6859375 0.0328125 0.06875
1 0.1171875 0.665625 0.0125 0.0390625
1 0.1515625 0.6875 0.0265625 0.0640625
1 0.175 0.7140625 0.046875 0.1421875
1 0.2015625 0.6859375 0.0265625 0.05625
1 0.225 0.7171875 0.0625 0.15
1 0.2828125 0.6984375 0.0421875 0.053125
1 0.2921875 0.7078125 0.0265625 0.0609375
1 0.325 0.6984375 0.0265625 0.08125
1 0.315625 0.696875 0.03125 0.0875
1 0.321875 0.6953125 0.0234375 0.0828125
1 0.35 0.69375 0.0296875 0.0796875
1 0.4515625 0.6890625 0.0203125 0.053125
1 0.00625 0.684375 0.009375 0.08125
