1 0.071875 0.5828125 0.1421875 0.353125
1 0.14375 0.5375 0.0796875 0.321875
1 0.2046875 0.5609375 0.0921875 0.3125
1 0.2671875 0.6453125 0.1109375 0.25625
1 0.34375 0.6265625 0.0828125 0.234375
1 0.40625 0.61875 0.0828125 0.2203125
1 0.471875 0.6265625 0.08125 0.2125
1 0.5421875 0.6265625 0.071875 0.21875
1 0.596875 0.615625 0.06875 0.203125
1 0.6625 0.63125 0.0828125 0.21875
1 0.74375 0.6796875 0.1625 0.1875
1 0.796875 0.61875 0.0953125 0.221875
1 0.85625 0.603125 0.0765625 0.221875
1 0.9359375 0.6109375 0.109375 0.23125
1 0.86875 0.5265625 0.0703125 0.1796875
1 0.8125 0.5265625 0.065625 0.184375
1 0.7359375 0.515625 0.0890625 0.25
1 0.6609375 0.528125 0.0765625 0.2125
1 0.5734375 0.5359375 0.078125 0.2015625
1 0.525 0.5234375 0.0609375 0.221875
1 0.4734375 0.51875 0.078125 0.2203125
1 0.4 0.5171875 0.0921875 0.2140625
1 0.371875 0.503125 0.0640625 0.19375
1 0.328125 0.5125 0.071875 0.20625
1 0.2765625 0.51875 0.0796875 0.2328125
1 0.40625 0.459375 0.0546875 0.1640625
1 0.46875 0.4484375 0.0796875 0.184375
1 0.55625 0.4625 0.0796875 0.20625
1 0.628125 0.471875 0.078125 0.2140625
1 0.690625 0.4921875 0.0609375 0.215625
1 0.7734375 0.4828125 0.0890625 0.2328125
1 0.8828125 0.475 0.13125 0.278125
1 0.81875 0.4328125 0.0375 0.140625
1 0.965625 0.475 0.0625 0.253125
1 0.5515625 0.4984375 0.0578125 0.1640625
