1 0.040625 0.55 0.0765625 0.371875
0 0.021875 0.4015625 0.0390625 0.053125
1 0.115625 0.5328125 0.1046875 0.4
0 0.128125 0.3671875 0.0453125 0.0578125
1 0.2046875 0.559375 0.1234375 0.3578125
0 0.2078125 0.409375 0.0375 0.05
1 0.3203125 0.575 0.1328125 0.3953125
0 0.3578125 0.4109375 0.0515625 0.0546875
1 0.3953125 0.578125 0.2015625 0.43125
0 0.440625 0.390625 0.0546875 0.05
1 0.4140625 0.5734375 0.128125 0.3703125
0 0.409375 0.4171875 0.034375 0.0484375
1 0.515625 0.559375 0.11875 0.384375
0 0.5046875 0.396875 0.0453125 0.05
1 0.540625 0.571875 0.1515625 0.3953125
0 0.55 0.40625 0.053125 0.0578125
1 0.6609375 0.5625 0.1796875 0.415625
0 0.6640625 0.3875 0.053125 0.0578125
1 0.5984375 0.5546875 0.14375 0.4078125
0 0.6171875 0.384375 0.0640625 0.0578125
1 0.9140625 0.5515625 0.1640625 0.4984375
0 0.9640625 0.3546875 0.0546875 0.059375
1 0.9453125 0.5515625 0.1 0.4546875
0 0.965625 0.3515625 0.053125 0.053125