1 0.1109375 0.7390625 0.0125 0.028125
1 0.0328125 0.75625 0.0359375 0.071875
1 0.0625 0.7875 0.096875 0.16875
1 0.2359375 0.7390625 0.0203125 0.0421875
1 0.2796875 0.725 0.0171875 0.034375
1 0.290625 0.7171875 0.009375 0.028125
1 0.3 0.71875 0.0125 0.028125
1 0.309375 0.7171875 0.0125 0.028125
1 0.328125 0.7171875 0.0125 0.0265625
1 0.321875 0.7453125 0.0234375 0.040625
1 0.3 0.7421875 0.0203125 0.0484375
1 0.3703125 0.75 0.0296875 0.0640625
1 0.4265625 0.740625 0.021875 0.05
1 0.4546875 0.7453125 0.028125 0.05625
1 0.4671875 0.7390625 0.0171875 0.046875
1 0.5015625 0.7421875 0.01875 0.0375
1 0.5546875 0.7578125 0.034375 0.0921875
1 0.5765625 0.7546875 0.0359375 0.090625
1 0.5875 0.746875 0.0265625 0.0640625
1 0.709375 0.7734375 0.059375 0.196875
1 0.725 0.75 0.03125 0.0828125
1 0.8921875 0.7578125 0.0640625 0.15
