1 0.265625 0.565625 0.125 0.440625
0 0.2640625 0.384375 0.05 0.0640625
1 0.3640625 0.5390625 0.134375 0.43125
0 0.3734375 0.3578125 0.053125 0.0640625
1 0.378125 0.5921875 0.1359375 0.421875
0 0.3921875 0.421875 0.0546875 0.06875
1 0.4828125 0.5359375 0.1453125 0.471875
0 0.4765625 0.340625 0.0546875 0.0640625
1 0.565625 0.6 0.2359375 0.4296875
0 0.4859375 0.4296875 0.059375 0.0796875
1 0.5875 0.5484375 0.1484375 0.4234375
0 0.5671875 0.375 0.05 0.0640625
1 0.66875 0.5390625 0.1375 0.4640625
0 0.6546875 0.34375 0.0515625 0.0640625
1 0.7546875 0.58125 0.1328125 0.4609375
0 0.74375 0.3890625 0.046875 0.06875