1 0.08125 0.5 0.1609375 0.559375
0 0.0578125 0.2515625 0.0921875 0.0671875
1 0.1375 0.559375 0.215625 0.440625
0 0.128125 0.4140625 0.084375 0.125
1 0.1640625 0.525 0.234375 0.5109375
0 0.1671875 0.325 0.1046875 0.15
1 0.2125 0.56875 0.23125 0.4203125
0 0.225 0.409375 0.084375 0.103125
1 0.5015625 0.6140625 0.8640625 0.3296875
0 0.4921875 0.309375 0.1359375 0.1734375
1 0.55625 0.4421875 0.2171875 0.446875
0 0.55625 0.24375 0.0828125 0.0515625
1 0.684375 0.5359375 0.203125 0.4859375
0 0.675 0.3421875 0.0984375 0.1234375
1 0.7875 0.5078125 0.2078125 0.54375
0 0.7859375 0.290625 0.1015625 0.1234375
1 0.834375 0.575 0.328125 0.409375
0 0.7921875 0.4203125 0.1 0.1265625
1 0.9109375 0.5546875 0.1765625 0.4484375
0 0.91875 0.425 0.1015625 0.1109375
1 0.3296875 0.5609375 0.2421875 0.4359375
0 0.3453125 0.41875 0.103125 0.1265625