1 0.1796875 0.5515625 0.26875 0.5703125
1 0.228125 0.65 0.2625 0.5484375
1 0.53125 0.53125 0.171875 0.546875
1 0.6859375 0.575 0.18125 0.609375
1 0.6875 0.5140625 0.1890625 0.51875
1 0.8359375 0.5328125 0.234375 0.24375
1 0.2109375 0.46875 0.14375 0.24375
1 0.3671875 0.459375 0.1421875 0.2390625
1 0.4921875 0.45625 0.1921875 0.20625
1 0.834375 0.378125 0.1265625 0.3265625
1 0.9046875 0.4328125 0.096875 0.20625
1 0.3984375 0.34375 0.075 0.2265625
1 0.4265625 0.3546875 0.05 0.196875
1 0.54375 0.5109375 0.259375 0.4046875
1 0.2375 0.3890625 0.0765625 0.184375
1 0.0984375 0.3140625 0.0640625 0.159375
1 0.5078125 0.3296875 0.071875 0.15625
1 0.9015625 0.3359375 0.084375 0.190625
1 0.8515625 0.4171875 0.096875 0.1796875
1 0.315625 0.3296875 0.0640625 0.1609375
1 0.0625 0.3625 0.034375 0.09375
1 0.3140625 0.4765625 0.134375 0.221875
1 0.24375 0.4296875 0.1125 0.18125
1 0.78125 0.3578125 0.075 0.209375
1 0.8015625 0.359375 0.0921875 0.215625
