1 0.5359375 0.65625 0.159375 0.30625
1 0.3171875 0.625 0.2109375 0.30625
1 0.171875 0.625 0.1859375 0.2734375
1 0.0296875 0.4484375 0.05625 0.259375
1 0.0734375 0.4234375 0.1 0.1890625
1 0.184375 0.4703125 0.134375 0.3671875
1 0.271875 0.4796875 0.171875 0.3671875
1 0.9171875 0.5640625 0.1578125 0.5078125
1 0.8265625 0.5890625 0.146875 0.4953125
1 0.7765625 0.5625 0.253125 0.48125
1 0.7828125 0.55625 0.1140625 0.478125
1 0.66875 0.5421875 0.125 0.4390625
1 0.55625 0.534375 0.2421875 0.4671875
1 0.559375 0.5015625 0.153125 0.421875
1 0.4890625 0.5109375 0.184375 0.4203125
1 0.434375 0.5546875 0.1234375 0.3984375
1 0.346875 0.4984375 0.2203125 0.4390625
