1 0.8890625 0.6046875 0.190625 0.3140625
0 0.8640625 0.484375 0.046875 0.0515625
1 0.740625 0.6078125 0.1625 0.3078125
0 0.715625 0.48125 0.0375 0.05
1 0.5953125 0.596875 0.16875 0.325
0 0.625 0.4671875 0.04375 0.05625
1 0.3875 0.61875 0.1234375 0.3140625
0 0.3921875 0.4890625 0.0421875 0.0453125
1 0.2703125 0.6140625 0.1234375 0.3046875
0 0.284375 0.49375 0.04375 0.05625
1 0.1515625 0.6203125 0.1671875 0.3078125
0 0.1796875 0.49375 0.0375 0.05
1 0.3859375 0.5140625 0.13125 0.3296875
0 0.3828125 0.375 0.0359375 0.0484375
1 0.2703125 0.5125 0.1046875 0.315625
0 0.2640625 0.38125 0.0390625 0.046875
1 0.159375 0.521875 0.1171875 0.2890625
0 0.1625 0.4046875 0.0328125 0.040625
1 0.584375 0.5078125 0.1078125 0.340625
0 0.578125 0.36875 0.0390625 0.0421875
1 0.6828125 0.5109375 0.1015625 0.3390625
0 0.68125 0.36875 0.0359375 0.0484375
1 0.7734375 0.528125 0.096875 0.2984375
0 0.771875 0.40625 0.0390625 0.046875