1 0.128125 0.6140625 0.2546875 0.515625
1 0.1640625 0.5265625 0.1234375 0.3171875
1 0.246875 0.5703125 0.10625 0.43125
1 0.35625 0.6140625 0.2046875 0.515625
1 0.4234375 0.59375 0.15625 0.5
1 0.43125 0.5390625 0.121875 0.3765625
1 0.5609375 0.5984375 0.159375 0.4765625
1 0.584375 0.628125 0.125 0.4890625
1 0.6 0.5578125 0.08125 0.375
1 0.6265625 0.534375 0.0765625 0.346875
1 0.646875 0.5078125 0.0625 0.246875
1 0.665625 0.55 0.0921875 0.2296875
1 0.6921875 0.521875 0.1 0.253125
1 0.7125 0.50625 0.0703125 0.2390625
1 0.7640625 0.553125 0.11875 0.39375
1 0.8578125 0.5515625 0.1171875 0.36875
1 0.9125 0.44375 0.0359375 0.10625
1 0.93125 0.4359375 0.0265625 0.059375
1 0.9734375 0.5125 0.0484375 0.259375
1 0.965625 0.5421875 0.0625 0.33125
