1 0.2515625 0.5875 0.0890625 0.215625
0 0.2796875 0.5 0.03125 0.034375
1 0.3328125 0.578125 0.084375 0.23125
0 0.321875 0.4828125 0.028125 0.0359375
1 0.475 0.578125 0.0765625 0.2265625
0 0.471875 0.484375 0.025 0.025
1 0.5109375 0.578125 0.0859375 0.215625
0 0.496875 0.4875 0.0265625 0.028125
1 0.596875 0.571875 0.084375 0.2046875
0 0.603125 0.4859375 0.0234375 0.0234375
1 0.6046875 0.5625 0.0890625 0.25
0 0.6296875 0.459375 0.028125 0.0359375
1 0.753125 0.5625 0.0890625 0.246875
0 0.759375 0.459375 0.0234375 0.0328125
1 0.9140625 0.56875 0.0765625 0.2328125
0 0.90625 0.4765625 0.028125 0.0296875