1 0.1859375 0.484375 0.1546875 0.475
0 0.1984375 0.303125 0.0609375 0.084375
1 0.25 0.5078125 0.1765625 0.4921875
0 0.271875 0.3296875 0.0671875 0.0828125
1 0.334375 0.54375 0.19375 0.4796875
0 0.3359375 0.371875 0.0796875 0.0890625
1 0.440625 0.5328125 0.13125 0.40625
0 0.453125 0.39375 0.05 0.06875
1 0.5296875 0.5390625 0.1515625 0.434375
0 0.559375 0.36875 0.0703125 0.0828125
1 0.6328125 0.5234375 0.29375 0.5296875
0 0.6015625 0.334375 0.075 0.0890625
1 0.875 0.46875 0.2453125 0.60625
0 0.959375 0.184375 0.075 0.0359375
1 0.7390625 0.4578125 0.2953125 0.584375
0 0.7671875 0.1828125 0.0640625 0.034375