1 0.0171875 0.4328125 0.0328125 0.2828125
1 0.0359375 0.415625 0.06875 0.259375
1 0.08125 0.4328125 0.0875 0.265625
1 0.121875 0.4125 0.0578125 0.2140625
1 0.1515625 0.5046875 0.1203125 0.3703125
1 0.175 0.4375 0.0640625 0.24375
1 0.215625 0.4375 0.078125 0.2515625
1 0.234375 0.4578125 0.125 0.3296875
1 0.2890625 0.46875 0.2203125 0.365625
1 0.365625 0.490625 0.1125 0.35625
1 0.390625 0.5796875 0.778125 0.56875
1 0.609375 0.3640625 0.0796875 0.15
1 0.6375 0.484375 0.1171875 0.4078125
1 0.6734375 0.53125 0.1375 0.484375
1 0.74375 0.5 0.078125 0.34375
1 0.8421875 0.55 0.2 0.5421875
1 0.9140625 0.5 0.1359375 0.43125
1 0.95 0.4953125 0.096875 0.3984375
