1 0.953636 0.557931 0.029091 0.048276
1 0.939091 0.460690 0.025455 0.046897
1 0.884091 0.466207 0.024545 0.046897
1 0.867273 0.557241 0.025455 0.049655
1 0.820000 0.457241 0.023636 0.040000
1 0.813636 0.375172 0.021818 0.038621
1 0.771818 0.474483 0.027273 0.046897
1 0.767273 0.340690 0.023636 0.044138
1 0.726818 0.468276 0.026364 0.045517
1 0.705909 0.344828 0.024545 0.038621
1 0.659545 0.350345 0.024545 0.041379
1 0.666818 0.477241 0.026364 0.046897
1 0.632727 0.311034 0.020000 0.037241
1 0.625455 0.473103 0.021818 0.044138
1 0.625455 0.544138 0.025455 0.048276
1 0.611364 0.361379 0.020909 0.038621
1 0.584091 0.446207 0.022727 0.040000
1 0.555455 0.549655 0.025455 0.051034
1 0.540909 0.324138 0.020000 0.044138
1 0.520909 0.457931 0.023636 0.038621
1 0.518182 0.373103 0.021818 0.048276
1 0.498182 0.556552 0.025455 0.048276
1 0.475000 0.381379 0.022727 0.048276
1 0.467727 0.446207 0.024545 0.048276
1 0.439545 0.560690 0.026364 0.048276
1 0.411818 0.405517 0.027273 0.052414
1 0.416818 0.450345 0.024545 0.045517
1 0.358182 0.368276 0.020000 0.038621
1 0.366364 0.453793 0.027273 0.046897
1 0.372273 0.554483 0.026364 0.055172
1 0.324545 0.454483 0.025455 0.042759
1 0.300000 0.547586 0.029091 0.057931
1 0.282727 0.449655 0.023636 0.038621
1 0.293182 0.374483 0.020909 0.042759
1 0.226818 0.544828 0.028182 0.049655
1 0.219091 0.446897 0.021818 0.038621
1 0.160909 0.540690 0.027273 0.049655
1 0.186818 0.444138 0.022727 0.041379
1 0.161364 0.392414 0.022727 0.040000
1 0.140000 0.459310 0.025455 0.041379
1 0.091818 0.472414 0.021818 0.042759
1 0.042273 0.460000 0.024545 0.045517
