1 0.2109375 0.340625 0.078125 0.146875
0 0.221875 0.2875 0.025 0.0328125
1 0.2453125 0.3578125 0.1203125 0.165625
0 0.2765625 0.2921875 0.028125 0.028125
1 0.30625 0.3671875 0.096875 0.1625
0 0.309375 0.30625 0.025 0.0328125
1 0.375 0.36875 0.0875 0.175
0 0.3890625 0.3046875 0.0265625 0.034375
1 0.44375 0.3765625 0.1109375 0.1546875
0 0.465625 0.3171875 0.028125 0.028125
1 0.4 0.5625 0.29375 0.4359375
0 0.4875 0.3890625 0.0578125 0.0828125
1 0.4421875 0.721875 0.26875 0.5171875
0 0.4265625 0.5328125 0.0921875 0.1
1 0.5984375 0.5203125 0.128125 0.4421875
0 0.61875 0.3484375 0.0578125 0.078125
1 0.6234375 0.4671875 0.171875 0.521875
0 0.6375 0.2515625 0.05625 0.0859375
1 0.7109375 0.509375 0.165625 0.5796875
0 0.675 0.28125 0.065625 0.0828125
1 0.7109375 0.40625 0.159375 0.3109375
0 0.746875 0.2859375 0.0578125 0.059375
1 0.7859375 0.415625 0.0875 0.190625
0 0.803125 0.3421875 0.0265625 0.0375