1 0.0109375 0.759375 0.0203125 0.153125
1 0.015625 0.746875 0.0296875 0.1546875
1 0.028125 0.740625 0.05625 0.1390625
1 0.059375 0.7453125 0.0734375 0.1234375
1 0.06875 0.7578125 0.0484375 0.1625
1 0.1375 0.7609375 0.0515625 0.1734375
1 0.125 0.7515625 0.0625 0.15
1 0.190625 0.7609375 0.0625 0.1859375
1 0.2 0.75625 0.0578125 0.1671875
1 0.1890625 0.75 0.040625 0.1328125
1 0.3953125 0.7578125 0.0453125 0.1484375
1 0.425 0.778125 0.05625 0.1703125
1 0.434375 0.7609375 0.053125 0.1828125
1 0.4546875 0.75 0.0578125 0.14375
1 0.4671875 0.75 0.0359375 0.121875
1 0.4875 0.76875 0.053125 0.1953125
1 0.5 0.7671875 0.0390625 0.171875
1 0.5640625 0.78125 0.0546875 0.178125
1 0.5578125 0.7671875 0.0703125 0.1765625
1 0.5875 0.74375 0.0328125 0.1234375
1 0.63125 0.78125 0.0546875 0.184375
1 0.6421875 0.740625 0.0421875 0.13125
1 0.609375 0.7609375 0.0515625 0.1515625
1 0 0.125 0 0
1 0.6828125 0.74375 0.0515625 0.1140625
1 0.734375 0.771875 0.0578125 0.178125
1 0.75625 0.7765625 0.0625 0.19375
1 0.8359375 0.7703125 0.071875 0.1921875
1 0.8453125 0.7765625 0.053125 0.19375
1 0.8875 0.75625 0.090625 0.15
