1 0.2234375 0.71875 0.21875 0.3046875
0 0.2078125 0.615625 0.0703125 0.059375
1 0.5140625 0.6640625 0.1703125 0.31875
0 0.5203125 0.53125 0.034375 0.0453125
1 0.609375 0.584375 0.09375 0.1890625
0 0.603125 0.5078125 0.0234375 0.0296875
1 0.6171875 0.5734375 0.0796875 0.1703125
0 0.603125 0.509375 0.0234375 0.0265625
1 0.60625 0.5640625 0.0421875 0.1640625
0 0.6046875 0.496875 0.0203125 0.025
1 0.521875 0.640625 0.146875 0.1890625
0 0.5765625 0.565625 0.03125 0.0390625
1 0.453125 0.6078125 0.090625 0.228125
0 0.4421875 0.5109375 0.0234375 0.03125
1 0.3890625 0.5703125 0.084375 0.165625
0 0.359375 0.5015625 0.0203125 0.025
1 0.2265625 0.578125 0.090625 0.165625
0 0.2140625 0.5109375 0.01875 0.028125
1 0.153125 0.5703125 0.0859375 0.1796875
0 0.1328125 0.5 0.021875 0.028125
1 0.1203125 0.6046875 0.0796875 0.2234375
0 0.109375 0.5140625 0.0296875 0.03125