1 0.09375 0.590625 0.0765625 0.2625
1 0.1578125 0.6 0.0625 0.228125
1 0.190625 0.615625 0.06875 0.2
1 0.2046875 0.6 0.0703125 0.21875
1 0.2484375 0.6 0.0640625 0.2203125
1 0.2765625 0.6 0.0625 0.228125
1 0.29375 0.60625 0.0859375 0.225
1 0.3234375 0.5984375 0.0578125 0.221875
1 0.35625 0.6078125 0.0546875 0.2203125
1 0.3640625 0.584375 0.065625 0.2390625
1 0.39375 0.5859375 0.0796875 0.2484375
1 0.41875 0.603125 0.1015625 0.234375
1 0.45625 0.590625 0.0703125 0.2421875
1 0.4953125 0.59375 0.078125 0.2546875
1 0.5578125 0.6078125 0.0796875 0.240625
1 0.55625 0.59375 0.0703125 0.25
1 0.6046875 0.6 0.05625 0.246875
1 0.64375 0.603125 0.0640625 0.2359375
1 0.640625 0.5890625 0.075 0.2515625
1 0.6671875 0.6015625 0.084375 0.2578125
1 0.7015625 0.590625 0.0703125 0.2390625
1 0.740625 0.615625 0.078125 0.2375
1 0.7515625 0.6015625 0.0859375 0.253125
1 0.7875 0.5875 0.071875 0.2671875
1 0.8125 0.590625 0.0640625 0.2546875
1 0.83125 0.6078125 0.09375 0.259375
1 0.8734375 0.596875 0.0875 0.2625
