1 0.5015625 0.6453125 0.496875 0.2921875
0 0.503125 0.46875 0.11875 0.11875
1 0.8375 0.6453125 0.31875 0.2921875
0 0.765625 0.565625 0.0890625 0.090625
1 0.90625 0.60625 0.1828125 0.3703125
0 0.9671875 0.50625 0.059375 0.096875
1 0.6828125 0.653125 0.190625 0.2765625
0 0.6671875 0.5796875 0.0609375 0.084375
1 0.253125 0.6484375 0.2671875 0.2859375
0 0.2625 0.6484375 0.06875 0.0796875
1 0.1140625 0.6453125 0.225 0.2921875
0 0.1109375 0.646875 0.09375 0.1
1 0.034375 0.715625 0.065625 0.1515625
0 0.01875 0.71875 0.034375 0.04375