1 0.6078125 0.7078125 0.084375 0.1421875
1 0 0.21875 0 0
1 0.8875 0.6890625 0.0921875 0.18125
1 0.9375 0.5828125 0.034375 0.1078125
1 0.9109375 0.5859375 0.040625 0.103125
1 0.859375 0.578125 0.0359375 0.0921875
1 0.8015625 0.56875 0.03125 0.08125
1 0.75625 0.55625 0.0265625 0.078125
1 0.73125 0.54375 0.0265625 0.078125
1 0.6359375 0.578125 0.0515625 0.096875
1 0.5828125 0.5703125 0.05 0.09375
1 0.475 0.575 0.0421875 0.109375
1 0.371875 0.5859375 0.0625 0.1140625
1 0.3171875 0.584375 0.0453125 0.1203125
1 0.2546875 0.578125 0.0390625 0.1046875
1 0.2140625 0.571875 0.0453125 0.1171875
1 0.01875 0.5765625 0.0359375 0.121875
1 0.0125 0.5078125 0.0171875 0.0453125
1 0.01875 0.51875 0.0234375 0.053125
1 0.0546875 0.515625 0.0171875 0.0515625
1 0.0640625 0.5140625 0.0171875 0.0515625
1 0.0828125 0.5109375 0.01875 0.0515625
1 0.1359375 0.53125 0.0265625 0.0703125
1 0.1453125 0.5078125 0.0234375 0.0453125
1 0.171875 0.515625 0.0171875 0.05
1 0.25 0.50625 0.015625 0.046875
1 0.2671875 0.5046875 0.0140625 0.0453125
1 0.26875 0.5375 0.021875 0.059375
1 0.284375 0.5359375 0.025 0.065625
1 0.28125 0.5140625 0.01875 0.046875
1 0.3671875 0.5453125 0.03125 0.0734375
1 0.38125 0.54375 0.028125 0.071875
1 0.396875 0.5296875 0.025 0.0625
1 0.4265625 0.5515625 0.0265625 0.0765625
1 0.4203125 0.525 0.025 0.0546875
1 0.4375 0.525 0.01875 0.053125
1 0.4671875 0.5578125 0.025 0.0859375
1 0.4796875 0.5671875 0.0296875 0.1
1 0.5125 0.540625 0.0296875 0.0796875
1 0.5484375 0.5484375 0.021875 0.0734375
1 0.5625 0.5578125 0.0296875 0.0890625
1 0.5859375 0.56875 0.034375 0.09375
1 0.6765625 0.5375 0.021875 0.0609375
1 0.7828125 0.55 0.021875 0.0796875
1 0.809375 0.5421875 0.01875 0.059375
1 0.8296875 0.54375 0.0203125 0.0671875
1 0.8765625 0.53125 0.0171875 0.0453125
1 0.925 0.5453125 0.021875 0.0609375
1 0.65625 0.5390625 0.01875 0.0609375
1 0.5828125 0.5328125 0.0171875 0.059375
1 0.59375 0.53125 0.0203125 0.05625
1 0.18125 0.5015625 0.0125 0.040625
1 0.503125 0.5359375 0.01875 0.0734375
1 0.540625 0.540625 0.021875 0.06875
1 0.621875 0.56875 0.034375 0.08125
1 0.5765625 0.546875 0.0203125 0.0671875
1 0.9359375 0.53125 0.015625 0.040625
