1 0.0828125 0.4484375 0.009375 0.01875
0 0.0828125 0.4421875 0.0015625 0.0015625
1 0.21875 0.5890625 0.096875 0.3671875
0 0.2296875 0.4296875 0.0390625 0.0453125
1 0.28125 0.6078125 0.1671875 0.44375
0 0.2671875 0.4296875 0.06875 0.078125
1 0.3921875 0.6171875 0.3203125 0.4234375
0 0.4140625 0.4515625 0.071875 0.0859375
1 0.3625 0.503125 0.0796875 0.2015625
0 0.359375 0.4234375 0.0234375 0.034375
1 0.475 0.51875 0.0828125 0.2265625
0 0.478125 0.4234375 0.025 0.028125
1 0.6546875 0.61875 0.1953125 0.421875
0 0.675 0.4484375 0.065625 0.0765625
1 0.803125 0.6390625 0.35 0.3796875
0 0.8015625 0.4359375 0.1234375 0.1453125
1 0.8984375 0.578125 0.0859375 0.328125
0 0.8875 0.44375 0.0421875 0.05