1 0.4875 0.609375 0.0828125 0.2328125
0 0.4984375 0.515625 0.0296875 0.03125
1 0.171875 0.715625 0.1921875 0.2265625
0 0.19375 0.6515625 0.0671875 0.078125
1 0.13125 0.6375 0.1140625 0.3421875
0 0.134375 0.49375 0.0390625 0.046875
1 0.6765625 0.5703125 0.0484375 0.1609375
0 0.684375 0.503125 0.015625 0.0234375
1 0.3375 0.6125 0.1046875 0.165625
0 0.325 0.5484375 0.028125 0.0328125
1 0.5453125 0.5828125 0.078125 0.215625
0 0.5484375 0.4921875 0.0265625 0.0265625
1 0.603125 0.6125 0.0859375 0.2609375
0 0.6046875 0.5015625 0.028125 0.0328125
1 0.38125 0.6046875 0.0671875 0.1484375
0 0.38125 0.553125 0.021875 0.0328125
1 0.196875 0.7046875 0.1546875 0.2484375
0 0.1890625 0.615625 0.0515625 0.0671875
1 0.4796875 0.5890625 0.0625 0.196875
0 0.4828125 0.509375 0.0296875 0.0328125
1 0.459375 0.5328125 0.0265625 0.075
0 0.4609375 0.5015625 0.009375 0.0109375