1 0.0890625 0.6390625 0.15625 0.38125
1 0.1015625 0.64375 0.15 0.371875
1 0.171875 0.6546875 0.1015625 0.3515625
1 0.2125 0.6515625 0.09375 0.34375
1 0.2640625 0.6609375 0.109375 0.3359375
1 0.2765625 0.6140625 0.109375 0.325
1 0.30625 0.6171875 0.1046875 0.29375
1 0.3421875 0.6625 0.125 0.3203125
1 0.38125 0.5265625 0.121875 0.278125
1 0.4125 0.4828125 0.121875 0.2703125
1 0.4671875 0.5203125 0.1078125 0.2890625
1 0.5375 0.5234375 0.10625 0.2859375
1 0.409375 0.60625 0.10625 0.3015625
1 0.46875 0.5953125 0.0875 0.303125
1 0.5390625 0.596875 0.1015625 0.3203125
1 0.51875 0.659375 0.134375 0.3390625
1 0.578125 0.5640625 0.1015625 0.321875
1 0.6296875 0.5296875 0.1109375 0.3
1 0.69375 0.4796875 0.1140625 0.278125
1 0.6421875 0.590625 0.0921875 0.3359375
1 0.6171875 0.6296875 0.1390625 0.353125
1 0.621875 0.65625 0.1140625 0.346875
1 0.7140625 0.6453125 0.1328125 0.36875
1 0.734375 0.596875 0.1015625 0.353125
1 0.7828125 0.5296875 0.096875 0.3046875
1 0.7828125 0.6375 0.103125 0.375
1 0.81875 0.65 0.125 0.359375
1 0.3984375 0.665625 0.1484375 0.3265625
