1 0.925 0.590625 0.1421875 0.5109375
1 0.8828125 0.640625 0.2265625 0.4109375
1 0.65625 0.671875 0.5765625 0.346875
1 0.5359375 0.634375 0.4390625 0.421875
1 0.203125 0.6265625 0.4015625 0.4375
1 0.1 0.671875 0.196875 0.346875
1 0.09375 0.58125 0.184375 0.5296875
1 0.1515625 0.58125 0.2296875 0.528125
1 0.240625 0.5625 0.26875 0.5671875
1 0.66875 0.5328125 0.1890625 0.58125
1 0.0328125 0.328125 0.0609375 0.3203125
1 0.075 0.3578125 0.1453125 0.328125
1 0.234375 0.4171875 0.1859375 0.40625
1 0.45 0.334375 0.1203125 0.3671875
1 0.7671875 0.5890625 0.19375 0.5140625
1 0.75625 0.309375 0.1296875 0.3140625
1 0.5890625 0.6265625 0.2609375 0.4390625
1 0.3421875 0.3546875 0.1375 0.334375
1 0.384375 0.471875 0.19375 0.3953125
