1 0.5375 0.5265625 0.1875 0.640625
1 0.175 0.54375 0.2671875 0.4328125
1 0.190625 0.5609375 0.26875 0.5703125
1 0.3703125 0.5796875 0.209375 0.33125
1 0.4234375 0.528125 0.10625 0.1984375
1 0.6578125 0.546875 0.1921875 0.2328125
1 0.4671875 0.45625 0.05625 0.071875
1 0.91875 0.4875 0.1171875 0.1203125
1 0.709375 0.478125 0.1375 0.140625
1 0.78125 0.48125 0.1140625 0.10625
1 0.8890625 0.4734375 0.109375 0.1125
1 0.446875 0.4015625 0.034375 0.0859375
1 0.4265625 0.4171875 0.0296875 0.0375
1 0.471875 0.4125 0.0296875 0.0375
1 0.834375 0.44375 0.06875 0.0875
1 0.671875 0.4125 0.0375 0.0625
1 0.9609375 0.428125 0.05625 0.0484375
1 0.8921875 0.4296875 0.06875 0.053125
1 0.8125 0.4203125 0.0296875 0.0375
1 0.7890625 0.4203125 0.0375 0.0375
1 0.640625 0.409375 0.0421875 0.028125
1 0.5234375 0.3875 0.03125 0.0875
1 0.49375 0.4109375 0.021875 0.0390625
1 0.403125 0.4125 0.021875 0.04375
1 0.875 0.4140625 0.0265625 0.04375
