1 0.9578125 0.659375 0.0765625 0.2296875
1 0.89375 0.640625 0.0921875 0.2453125
1 0.8078125 0.6359375 0.1296875 0.24375
1 0.7453125 0.621875 0.1 0.2296875
1 0.6671875 0.6265625 0.0875 0.2265625
1 0.59375 0.6515625 0.0671875 0.1453125
1 0.5546875 0.609375 0.0765625 0.1703125
1 0.4953125 0.6203125 0.0796875 0.165625
1 0.29375 0.6125 0.0890625 0.2109375
1 0.2296875 0.61875 0.0765625 0.215625
1 0.14375 0.634375 0.1140625 0.2125
1 0.0671875 0.59375 0.090625 0.2265625
1 0.140625 0.571875 0.0890625 0.221875
1 0.20625 0.5578125 0.06875 0.20625
1 0.2578125 0.565625 0.0765625 0.20625
1 0.3265625 0.5671875 0.0796875 0.2296875
1 0.3859375 0.553125 0.171875 0.2546875
1 0.440625 0.553125 0.06875 0.234375
1 0.471875 0.5265625 0.0578125 0.2015625
1 0.5171875 0.53125 0.065625 0.2203125
1 0.6015625 0.5484375 0.0640625 0.2078125
1 0.5703125 0.5296875 0.0640625 0.20625
1 0.675 0.5515625 0.103125 0.2390625
1 0.734375 0.55625 0.0703125 0.2171875
1 0.7703125 0.5625 0.0875 0.2390625
1 0.8375 0.571875 0.0765625 0.2171875
1 0.925 0.5703125 0.115625 0.2546875
1 0.9671875 0.571875 0.0578125 0.25
1 0.8921875 0.55625 0.0703125 0.2359375
1 0.853125 0.5140625 0.075 0.2265625
1 0.8 0.55 0.0796875 0.240625
1 0.79375 0.53125 0.071875 0.2171875
1 0.7671875 0.503125 0.0546875 0.1796875
1 0.725 0.5140625 0.084375 0.23125
1 0.6859375 0.5125 0.0671875 0.2265625
1 0.63125 0.5078125 0.0671875 0.19375
1 0.5875 0.4984375 0.065625 0.20625
1 0.4484375 0.5078125 0.059375 0.225
1 0.4140625 0.528125 0.06875 0.2296875
1 0.3671875 0.5484375 0.075 0.240625
1 0.3140625 0.546875 0.071875 0.2390625
1 0.28125 0.5515625 0.0640625 0.215625
1 0.23125 0.5484375 0.0796875 0.26875
1 0.18125 0.553125 0.0875 0.2640625
1 0.14375 0.546875 0.0828125 0.2390625
1 0.0640625 0.5609375 0.08125 0.246875
1 0.0296875 0.56875 0.053125 0.2171875
