1 0.013281 0.794183 0.026562 0.053691
1 0.096875 0.757271 0.034375 0.064877
1 0.101562 0.911633 0.037500 0.060403
1 0.208594 0.767338 0.035937 0.053691
1 0.052344 0.639821 0.020313 0.035794
1 0.091406 0.620805 0.026562 0.042506
1 0.121094 0.610738 0.020313 0.040268
1 0.107813 0.567114 0.018750 0.033557
1 0.149219 0.602908 0.023438 0.033557
1 0.153906 0.570470 0.017188 0.031320
1 0.182812 0.614094 0.025000 0.038031
1 0.196094 0.574944 0.023438 0.035794
1 0.186719 0.562640 0.020313 0.033557
1 0.221875 0.540268 0.021875 0.029083
1 0.237500 0.564877 0.018750 0.033557
1 0.250000 0.582774 0.021875 0.033557
1 0.265625 0.602908 0.018750 0.033557
1 0.288281 0.590604 0.020313 0.031320
1 0.336719 0.619687 0.023438 0.040268
1 0.357031 0.627517 0.020313 0.033557
1 0.352344 0.554810 0.023438 0.031320
1 0.236719 0.419463 0.010937 0.015660
1 0.395313 0.411633 0.009375 0.013423
1 0.417969 0.592841 0.020313 0.031320
1 0.433594 0.553691 0.017188 0.033557
1 0.460938 0.574944 0.021875 0.035794
1 0.485156 0.579418 0.020313 0.035794
1 0.505469 0.596197 0.020313 0.033557
1 0.512500 0.572707 0.018750 0.026846
1 0.576562 0.554810 0.021875 0.026846
1 0.570312 0.666667 0.025000 0.044743
1 0.585938 0.617450 0.025000 0.040268
1 0.626563 0.585011 0.021875 0.029083
1 0.657031 0.589485 0.023438 0.033557
1 0.654687 0.546980 0.018750 0.033557
1 0.707031 0.567114 0.023438 0.042506
1 0.722656 0.576063 0.023438 0.038031
1 0.753125 0.532438 0.018750 0.035794
1 0.762500 0.529083 0.018750 0.029083
1 0.799219 0.538031 0.020313 0.029083
1 0.847656 0.532438 0.023438 0.031320
1 0.811719 0.570470 0.023438 0.035794
1 0.835156 0.591723 0.023438 0.038031
1 0.933594 0.535794 0.023438 0.033557
1 0.944531 0.570470 0.023438 0.040268
1 0.937500 0.639821 0.021875 0.040268
1 0.719531 0.695749 0.029687 0.049217
1 0.600781 0.429530 0.010937 0.017897
