1 0.0515625 0.459375 0.0265625 0.0921875
0 0.0546875 0.4234375 0.0140625 0.015625
1 0.015625 0.4609375 0.025 0.090625
0 0.009375 0.4234375 0.009375 0.0125
1 0.9265625 0.678125 0.1390625 0.25
0 0.953125 0.6140625 0.0625 0.08125
1 0.3734375 0.578125 0.0625 0.2140625
0 0.3703125 0.490625 0.0265625 0.0265625
1 0.3984375 0.578125 0.040625 0.203125
0 0.4046875 0.4953125 0.0203125 0.0296875
1 0.4265625 0.578125 0.0859375 0.19375
0 0.428125 0.4984375 0.025 0.028125
1 0.45 0.5796875 0.0625 0.19375
0 0.46875 0.4984375 0.0203125 0.021875
1 0.4703125 0.5859375 0.0703125 0.2015625
0 0.4703125 0.5 0.015625 0.01875
1 0.54375 0.5734375 0.075 0.19375
0 0.5421875 0.4921875 0.0171875 0.0203125
1 0.3359375 0.5953125 0.10625 0.228125
0 0.3328125 0.4984375 0.028125 0.025