1 0.891968 0.304819 0.066667 0.106024
1 0.884739 0.303012 0.053815 0.095181
1 0.825301 0.379518 0.053815 0.091566
1 0.764659 0.340964 0.043373 0.084337
1 0.691165 0.346988 0.039357 0.072289
1 0.630924 0.353614 0.040964 0.073494
1 0.581526 0.329518 0.046586 0.090361
1 0.476305 0.440964 0.049799 0.093976
1 0.359839 0.301205 0.059438 0.115663
1 0.250602 0.555422 0.046586 0.086747
1 0.308434 0.367470 0.030522 0.057831
1 0.234137 0.370482 0.036145 0.063855
1 0.141365 0.373494 0.040161 0.072289
1 0.081124 0.366265 0.046586 0.081928
