1 0.367273 0.292067 0.087273 0.137019
1 0.496364 0.182692 0.083636 0.134615
1 0.600000 0.122596 0.080000 0.149038
1 0.731818 0.216346 0.074545 0.139423
1 0.457273 0.722356 0.089091 0.156250
1 0.590909 0.681490 0.087273 0.151442
1 0.780909 0.262019 0.045455 0.062500
1 0.878182 0.288462 0.025455 0.038462
1 0.917273 0.312500 0.020000 0.033654
1 1.000000 0.275240 0.000000 0.026442
1 0.211818 0.272837 0.016364 0.021635
1 0.183636 0.358173 0.080000 0.096154
1 0.149091 0.247596 0.014545 0.024038
1 0.093636 0.257212 0.016364 0.024038
