1 0.134375 0.5625 0.13125 0.396875
1 0.1890625 0.54375 0.1765625 0.471875
1 0.2421875 0.540625 0.0953125 0.30625
1 0.29375 0.5234375 0.0875 0.2359375
1 0.3578125 0.5421875 0.11875 0.328125
1 0.39375 0.525 0.071875 0.2078125
1 0.434375 0.521875 0.0578125 0.1828125
1 0.45625 0.50625 0.034375 0.1296875
1 0.496875 0.5140625 0.0453125 0.128125
1 0.509375 0.5109375 0.0359375 0.109375
1 0.5453125 0.515625 0.040625 0.1328125
1 0.5609375 0.525 0.075 0.14375
1 0.58125 0.5234375 0.0390625 0.13125
1 0.6078125 0.50625 0.034375 0.1203125
1 0.61875 0.5265625 0.046875 0.15
1 0.6453125 0.5546875 0.11875 0.3515625
1 0.7234375 0.5171875 0.03125 0.1140625
1 0.7390625 0.51875 0.0265625 0.0921875
1 0.775 0.51875 0.021875 0.0734375
1 0.809375 0.5390625 0.059375 0.1625
1 0.8203125 0.540625 0.0734375 0.20625
