1 0.109375 0.584375 0.2171875 0.825
1 0.303125 0.625 0.265625 0.74375
1 0.4765625 0.6328125 0.2046875 0.728125
1 0.64375 0.61875 0.2265625 0.7546875
1 0.8078125 0.671875 0.221875 0.6484375
1 0.9203125 0.6890625 0.153125 0.6140625
1 0.3140625 0.584375 0.215625 0.796875
1 0.5109375 0.59375 0.2296875 0.796875
1 0.7578125 0.615625 0.2046875 0.7640625
1 0.8625 0.628125 0.175 0.7375
1 0.9421875 0.6125 0.1109375 0.7390625
1 0.68125 0.5546875 0.1640625 0.65625
1 0.896875 0.5453125 0.15625 0.65625
1 0.765625 0.528125 0.1921875 0.7421875
