1 0.0109375 0.625 0.021875 0.0875
1 0.0359375 0.6078125 0.0453125 0.090625
1 0.0671875 0.59375 0.046875 0.0703125
1 0.0609375 0.603125 0.040625 0.0890625
1 0.08125 0.584375 0.0375 0.075
1 0.09375 0.578125 0.025 0.0640625
1 0.1015625 0.5796875 0.028125 0.0734375
1 0.10625 0.578125 0.0359375 0.0765625
1 0.121875 0.575 0.03125 0.0734375
1 0.1328125 0.5765625 0.0375 0.0734375
1 0.1390625 0.571875 0.025 0.0703125
1 0.15 0.5703125 0.0140625 0.0671875
1 0.1578125 0.5703125 0.021875 0.075
1 0.159375 0.584375 0.028125 0.0765625
1 0.1484375 0.628125 0.0390625 0.0984375
1 0.1796875 0.5984375 0.0265625 0.0828125
1 0.178125 0.5734375 0.0203125 0.065625
1 0.175 0.5640625 0.01875 0.0625
1 0.1921875 0.58125 0.0203125 0.084375
1 0.19375 0.5609375 0.0203125 0.071875
1 0.203125 0.5609375 0.0203125 0.078125
1 0.2078125 0.5734375 0.025 0.0796875
1 0.2171875 0.55 0.0265625 0.0640625
1 0.2296875 0.5453125 0.0171875 0.0609375
1 0.2484375 0.5484375 0.015625 0.0609375
1 0.2640625 0.540625 0.021875 0.05625
1 0.2890625 0.5359375 0.0296875 0.0734375
1 0.228125 0.590625 0.0359375 0.075
1 0.23125 0.5578125 0.0171875 0.053125
1 0.24375 0.584375 0.0234375 0.075
1 0.2625 0.5875 0.03125 0.0890625
1 0.2734375 0.5625 0.0203125 0.0703125
1 0.29375 0.5640625 0.025 0.0828125
1 0.3015625 0.553125 0.021875 0.0640625
1 0.3234375 0.546875 0.0203125 0.0609375
1 0.321875 0.5578125 0.0203125 0.0703125
1 0.3375 0.5625 0.015625 0.0453125
1 0.3453125 0.5484375 0.0203125 0.0703125
1 0.3453125 0.5421875 0.01875 0.06875
1 0.3609375 0.54375 0.0203125 0.0703125
1 0.3671875 0.559375 0.021875 0.0734375
1 0.3796875 0.546875 0.0265625 0.075
1 0.3828125 0.54375 0.025 0.0734375
1 0.4015625 0.54375 0.021875 0.0703125
1 0.40625 0.5328125 0.021875 0.075
1 0.428125 0.5390625 0.0359375 0.0734375
1 0.4578125 0.5421875 0.021875 0.0671875
1 0.475 0.5390625 0.0203125 0.071875
1 0.5046875 0.5421875 0.021875 0.06875
1 0.5078125 0.54375 0.025 0.0421875
1 0.515625 0.5625 0.028125 0.078125
1 0.521875 0.5453125 0.01875 0.0640625
1 0.5375 0.5546875 0.025 0.078125
1 0.540625 0.5421875 0.021875 0.0703125
1 0.56875 0.5453125 0.0265625 0.0703125
1 0.571875 0.55625 0.0234375 0.0765625
1 0.5984375 0.5484375 0.025 0.0796875
1 0.48125 0.5875 0.01875 0.071875
1 0.4953125 0.59375 0.0265625 0.078125
1 0.3421875 0.621875 0.03125 0.078125
1 0.365625 0.5984375 0.0234375 0.090625
1 0.371875 0.5984375 0.03125 0.0890625
1 0.375 0.625 0.0265625 0.071875
1 0.3765625 0.634375 0.0234375 0.0546875
1 0.3921875 0.6546875 0.0328125 0.09375
1 0.403125 0.6328125 0.03125 0.0875
1 0.421875 0.6578125 0.0296875 0.0984375
1 0.415625 0.690625 0.03125 0.084375
1 0.446875 0.678125 0.0328125 0.109375
1 0.46875 0.7015625 0.0390625 0.0625
1 0.4765625 0.6796875 0.0390625 0.09375
1 0.4625 0.653125 0.03125 0.1125
1 0.490625 0.6625 0.0390625 0.1015625
1 0.6453125 0.55 0.034375 0.075
1 0.64375 0.5453125 0.0265625 0.078125
1 0.6578125 0.546875 0.0203125 0.0703125
1 0.659375 0.5359375 0.0203125 0.0640625
1 0.6640625 0.5328125 0.0171875 0.06875
1 0.671875 0.53125 0.0171875 0.065625
1 0.68125 0.5484375 0.0265625 0.0625
1 0.6796875 0.6140625 0.0375 0.0890625
1 0.709375 0.6140625 0.0234375 0.0703125
1 0.69375 0.5515625 0.01875 0.05625
1 0.703125 0.5578125 0.0203125 0.0609375
1 0.7140625 0.5671875 0.021875 0.065625
1 0.68125 0.5421875 0.0265625 0.075
1 0.678125 0.5296875 0.0203125 0.0796875
1 0.69375 0.5140625 0.01875 0.0546875
1 0.7015625 0.5125 0.0203125 0.0578125
1 0.7296875 0.509375 0.01875 0.053125
1 0.740625 0.5140625 0.025 0.0578125
1 0.75 0.515625 0.01875 0.0609375
1 0.7578125 0.5046875 0.015625 0.059375
1 0.84375 0.5234375 0.021875 0.0609375
1 0.8625 0.5234375 0.0265625 0.06875
1 0.8828125 0.5265625 0.025 0.0640625
1 0.909375 0.5296875 0.015625 0.0609375
1 0.9265625 0.5296875 0.0265625 0.0640625
1 0.9625 0.525 0.0203125 0.053125
1 0.965625 0.509375 0.0171875 0.046875
1 0.9875 0.5546875 0.021875 0.0703125
1 0.74375 0.540625 0.0203125 0.0546875
1 0.73125 0.565625 0.0140625 0.0484375
1 0.73125 0.5921875 0.021875 0.0625
1 0.7484375 0.6046875 0.0203125 0.0375
1 0.7734375 0.6078125 0.0265625 0.0640625
1 0.778125 0.584375 0.025 0.0734375
1 0.7953125 0.578125 0.025 0.075
1 0.75625 0.5703125 0.0171875 0.0703125
1 0.76875 0.546875 0.0203125 0.0671875
1 0.7796875 0.54375 0.0265625 0.0625
1 0.7984375 0.54375 0.0203125 0.0640625
1 0.778125 0.51875 0.025 0.0625
1 0.84375 0.6125 0.0265625 0.0734375
1 0.8765625 0.615625 0.034375 0.078125
1 0.9265625 0.6078125 0.0375 0.075
1 0.959375 0.603125 0.034375 0.06875
1 0.93125 0.6453125 0.03125 0.0609375
1 0 0.2640625 0 0
1 0.878125 0.6984375 0.025 0.053125
1 0.6671875 0.6921875 0.0546875 0.0609375
1 0.8859375 0.690625 0.1203125 0.0859375
1 0.8921875 0.6890625 0.1125 0.078125
1 0.9265625 0.66875 0.0953125 0.08125
1 0.975 0.7 0.0453125 0.0671875
1 0.95625 0.475 0.0203125 0.05
1 0.9796875 0.46875 0.015625 0.0453125
1 0.96875 0.4609375 0.0140625 0.04375
1 0.99375 0.46875 0.00625 0.05
1 0.95625 0.4453125 0.015625 0.0390625
1 0.821875 0.5171875 0.015625 0.05625
1 0.815625 0.5171875 0.028125 0.0546875
1 0.6875 0.5125 0.0140625 0.059375
1 0.659375 0.540625 0.0234375 0.06875
1 0.6875 0.5828125 0.01875 0.0265625
1 0.7515625 0.565625 0.0171875 0.0578125
1 0.7453125 0.5765625 0.0265625 0.0703125
1 0.93125 0.4953125 0.0171875 0.04375
