1 0.028125 0.61875 0.0515625 0.2953125
1 0.0703125 0.6640625 0.1375 0.38125
1 0.1515625 0.65625 0.096875 0.325
1 0.246875 0.6640625 0.1765625 0.38125
1 0.371875 0.68125 0.159375 0.346875
1 0.3078125 0.6046875 0.0890625 0.2953125
1 0.48125 0.6421875 0.134375 0.325
1 0.4953125 0.6125 0.115625 0.29375
1 0.5109375 0.69375 0.1765625 0.3203125
1 0.6265625 0.6296875 0.1125 0.3609375
1 0.7015625 0.6625 0.096875 0.3515625
1 0.690625 0.6125 0.1125 0.3125
1 0.6515625 0.5015625 0.0265625 0.0828125
1 0.7140625 0.4875 0.015625 0.0515625
1 0.734375 0.4953125 0.025 0.0625
1 0.7515625 0.4953125 0.0234375 0.071875
1 0 0.140625 0 0
1 0.8046875 0.671875 0.2421875 0.365625
1 0.9375 0.69375 0.1203125 0.321875
1 0.946875 0.6703125 0.1015625 0.3671875
1 0.9421875 0.6453125 0.109375 0.390625
1 0.896875 0.6 0.078125 0.2734375
1 0.9390625 0.5 0.0375 0.1234375
1 0.9171875 0.4953125 0.034375 0.10625
1 0.840625 0.4984375 0.0375 0.0765625
1 0.8234375 0.4828125 0.021875 0.065625
1 0.8078125 0.496875 0.021875 0.0625
1 0.79375 0.4953125 0.025 0.0671875
