1 0.071875 0.7265625 0.05 0.0828125
1 0.1046875 0.721875 0.040625 0.0890625
1 0.1296875 0.709375 0.034375 0.0640625
1 0.134375 0.7046875 0.0265625 0.06875
1 0.1671875 0.6984375 0.0203125 0.0578125
1 0.16875 0.7078125 0.01875 0.0578125
1 0.1734375 0.7296875 0.0328125 0.0890625
1 0.2015625 0.7234375 0.034375 0.0953125
1 0.1859375 0.709375 0.0171875 0.0609375
1 0.2 0.703125 0.015625 0.0546875
1 0.2203125 0.71875 0.040625 0.08125
1 0.2359375 0.7296875 0.046875 0.1
1 0.2546875 0.7328125 0.0375 0.1046875
1 0.2828125 0.7390625 0.0609375 0.13125
1 0.309375 0.7328125 0.0421875 0.1125
1 0.3296875 0.7359375 0.0265625 0.09375
1 0.3421875 0.7390625 0.034375 0.103125
1 0.365625 0.7375 0.0609375 0.14375
1 0.396875 0.7296875 0.03125 0.1078125
1 0.4140625 0.734375 0.04375 0.121875
1 0.453125 0.734375 0.0359375 0.1015625
1 0.4640625 0.709375 0.0171875 0.0390625
1 0.5203125 0.73125 0.028125 0.1078125
1 0.5390625 0.725 0.03125 0.103125
1 0.55625 0.71875 0.0328125 0.09375
1 0.628125 0.709375 0.0328125 0.084375
1 0.6796875 0.73125 0.0546875 0.1140625
1 0.6765625 0.725 0.0359375 0.1015625
1 0.0984375 0.696875 0.01875 0.0359375
