1 0.0234375 0.4734375 0.0421875 0.1578125
1 0.096875 0.48125 0.0703125 0.1765625
1 0.1765625 0.4828125 0.06875 0.196875
1 0.146875 0.45625 0.071875 0.18125
1 0.228125 0.453125 0.071875 0.15625
1 0.2609375 0.484375 0.05625 0.175
1 0.315625 0.475 0.071875 0.171875
1 0.29375 0.4703125 0.0375 0.1515625
1 0.2859375 0.459375 0.040625 0.128125
1 0.34375 0.459375 0.05 0.1421875
1 0.3890625 0.475 0.053125 0.16875
1 0.396875 0.45625 0.0375 0.134375
1 0.4078125 0.4421875 0.034375 0.1140625
1 0.4375 0.453125 0.05625 0.1515625
1 0.465625 0.453125 0.0453125 0.1484375
1 0.4515625 0.4484375 0.0359375 0.1390625
1 0.4953125 0.4671875 0.053125 0.1609375
1 0.5453125 0.4625 0.0640625 0.16875
1 0.5265625 0.4453125 0.040625 0.134375
1 0.5921875 0.4671875 0.053125 0.171875
1 0.615625 0.4265625 0.0265625 0.0984375
1 0.625 0.4734375 0.06875 0.171875
1 0.665625 0.453125 0.05625 0.171875
1 0.659375 0.4375 0.0296875 0.1171875
1 0.6703125 0.4828125 0.071875 0.16875
1 0.728125 0.4703125 0.0640625 0.203125
1 0.796875 0.4828125 0.071875 0.1984375
1 0.8578125 0.48125 0.06875 0.2125
1 0.909375 0.446875 0.0484375 0.075
