1 0.2 0.5578125 0.1203125 0.31875
1 0.225 0.5953125 0.109375 0.4
1 0.3015625 0.6671875 0.196875 0.5890625
1 0.31875 0.546875 0.0953125 0.2625
1 0.4125 0.584375 0.1328125 0.3859375
1 0.4828125 0.565625 0.096875 0.278125
1 0.5640625 0.5703125 0.090625 0.3234375
1 0.6296875 0.5421875 0.10625 0.2828125
1 0.6890625 0.55625 0.128125 0.328125
1 0.7453125 0.59375 0.125 0.3359375
1 0.78125 0.5421875 0.0875 0.30625
1 0.7828125 0.6421875 0.1453125 0.475
1 0.528125 0.51875 0.0546875 0.246875
1 0.603125 0.525 0.05625 0.2421875
