1 0.5453125 0.6484375 0.6078125 0.21875
0 0.3484375 0.603125 0.075 0.0875
1 0.171875 0.30625 0.090625 0.2359375
0 0.19375 0.2109375 0.03125 0.0390625
1 0.359375 0.275 0.09375 0.16875
0 0.340625 0.209375 0.0203125 0.025
1 0.615625 0.2359375 0.053125 0.1
0 0.61875 0.196875 0.0109375 0.0125
1 0.6859375 0.303125 0.103125 0.2390625
0 0.6640625 0.209375 0.0265625 0.0328125
1 0.696875 0.2859375 0.0765625 0.2296875
0 0.7 0.19375 0.0328125 0.0390625
1 0.7859375 0.23125 0.0375 0.1171875
0 0.7875 0.1828125 0.015625 0.0171875
1 0.8203125 0.2359375 0.04375 0.140625
0 0.8171875 0.175 0.0171875 0.0171875
1 0.86875 0.240625 0.05 0.1390625
0 0.8625 0.184375 0.021875 0.021875
1 0.8453125 0.234375 0.0328125 0.1171875
0 0.85 0.1875 0.0125 0.015625