1 0.134375 0.7234375 0.0390625 0.090625
0 0.1484375 0.6875 0.009375 0.0109375
1 0.159375 0.725 0.0359375 0.103125
0 0.1609375 0.68125 0.0125 0.0125
1 0.259375 0.721875 0.0625 0.140625
0 0.265625 0.6625 0.015625 0.0125
1 0.63125 0.715625 0.0375 0.1171875
0 0.6328125 0.66875 0.0140625 0.015625
1 0.7125 0.7203125 0.05 0.1359375
0 0.7125 0.6625 0.015625 0.0140625
1 0.784375 0.7234375 0.0546875 0.14375
0 0.7828125 0.665625 0.015625 0.01875
1 0.6671875 0.715625 0.0328125 0.0953125
0 0.6640625 0.6734375 0.0125 0.0109375
1 0.6796875 0.715625 0.0265625 0.0953125
0 0.6796875 0.675 0.0125 0.0125