1 0.6359375 0.6640625 0.075 0.084375
1 0.7453125 0.6546875 0.071875 0.103125
1 0.6109375 0.6234375 0.04375 0.075
1 0.6484375 0.6203125 0.021875 0.0578125
1 0.53125 0.6296875 0.028125 0.0609375
1 0.53125 0.6234375 0.0265625 0.0734375
1 0.440625 0.628125 0.0328125 0.059375
1 0.3375 0.6359375 0.021875 0.0671875
1 0.340625 0.6296875 0.021875 0.071875
1 0.165625 0.6359375 0.0296875 0.0640625
1 0.015625 0.634375 0.021875 0.0578125
1 0.3734375 0.64375 0.0296875 0.059375
1 0.36875 0.6375 0.0234375 0.0703125
1 0.3796875 0.640625 0.0203125 0.0625
