1 0.94375 0.634375 0.1046875 0.2859375
1 0.784375 0.659375 0.1578125 0.234375
1 0.8859375 0.6609375 0.103125 0.23125
1 0.8453125 0.653125 0.0765625 0.2421875
1 0.5984375 0.6625 0.053125 0.1359375
1 0.4921875 0.6375 0.0375 0.0921875
1 0.0640625 0.66875 0.0546875 0.215625
1 0.1109375 0.6765625 0.08125 0.2
1 0.3171875 0.615625 0.0234375 0.059375
1 0.3625 0.6171875 0.028125 0.0484375
1 0.421875 0.615625 0.0328125 0.05625
1 0.4328125 0.6171875 0.0328125 0.05625
1 0.4734375 0.6125 0.028125 0.0578125
1 0.5484375 0.6109375 0.03125 0.05625
1 0.415625 0.584375 0.009375 0.0375
1 0.4625 0.5765625 0.015625 0.028125
1 0.4984375 0.575 0.0140625 0.03125
1 0.5390625 0.5875 0.0109375 0.03125
