1 0.835205 0.288701 0.053223 0.082905
1 0.744629 0.318048 0.043945 0.053558
1 0.632324 0.304109 0.040039 0.071167
1 0.559326 0.300073 0.040527 0.066031
1 0.607910 0.393984 0.041992 0.071900
1 0.577393 0.497432 0.045410 0.092443
1 0.474121 0.318048 0.034180 0.072634
1 0.429199 0.498899 0.047852 0.098313
1 0.380859 0.316948 0.037109 0.061629
1 0.368896 0.372340 0.043457 0.065297
1 0.272949 0.306676 0.038086 0.068966
1 0.277344 0.560161 0.049805 0.078503
1 0.191895 0.328320 0.040039 0.075569
1 0.155762 0.425532 0.051758 0.093910
