1 0.2609375 0.6921875 0.1875 0.6109375
1 0.4328125 0.5234375 0.225 0.5640625
1 0.5328125 0.521875 0.1109375 0.325
1 0.8 0.303125 0.0453125 0.078125
1 0.7546875 0.303125 0.0609375 0.08125
1 0.690625 0.415625 0.046875 0.1171875
1 0.63125 0.45 0.0890625 0.1015625
1 0.571875 0.4546875 0.0765625 0.1
1 0.4890625 0.4953125 0.0515625 0.1328125
1 0.4953125 0.4546875 0.05625 0.115625
1 0.2640625 0.3125 0.0703125 0.10625
1 0.190625 0.33125 0.046875 0.0671875
1 0.2 0.3390625 0.0609375 0.1
1 0.215625 0.4203125 0.05625 0.1046875
1 0.2703125 0.4296875 0.0734375 0.128125
1 0.2640625 0.4140625 0.0421875 0.1203125
1 0.3078125 0.4171875 0.046875 0.115625
1 0.334375 0.38125 0.05625 0.1171875
1 0.3375 0.509375 0.0671875 0.1328125
1 0.28125 0.5125 0.05625 0.1375
