1 0.086000 0.107104 0.080000 0.174863
1 0.054667 0.252459 0.109333 0.277596
1 0.073667 0.321311 0.139333 0.277596
1 0.296667 0.103279 0.110667 0.204372
1 0.208000 0.220765 0.130667 0.238251
1 0.393667 0.133880 0.091333 0.167213
1 0.515667 0.098361 0.076667 0.166120
1 0.553667 0.206011 0.072667 0.138798
1 0.319667 0.397268 0.114000 0.210929
1 0.409333 0.378142 0.101333 0.214208
1 0.493000 0.251913 0.091333 0.206557
1 0.459000 0.360109 0.091333 0.202186
1 0.550667 0.328962 0.078667 0.153005
1 0.624667 0.337158 0.092000 0.184699
1 0.675667 0.455738 0.088667 0.174863
1 0.720667 0.380328 0.093333 0.174863
1 0.772333 0.367213 0.082000 0.159563
1 0.120667 0.622951 0.204000 0.360656
1 0.097667 0.901093 0.188667 0.197814
1 0.279667 0.838798 0.190000 0.320219
1 0.381333 0.686885 0.148000 0.278689
1 0.378000 0.924044 0.105333 0.151913
1 0.555333 0.414208 0.088000 0.172678
1 0.580333 0.436612 0.068667 0.169399
1 0.469333 0.797814 0.165333 0.260109
1 0.570667 0.798907 0.121333 0.222951
1 0.690000 0.636612 0.125333 0.259016
1 0.722000 0.779781 0.093333 0.208743
1 0.772333 0.647541 0.080667 0.195628
1 0.815667 0.704918 0.092667 0.183607
1 0.847000 0.540984 0.099333 0.194536
1 0.921667 0.622404 0.087333 0.173770
1 0.970000 0.609836 0.060000 0.170492
1 0.317667 0.762842 0.160667 0.295082
