1 0.875 0.475 0.203125 0.5296875
0 0.884375 0.2609375 0.0609375 0.084375
1 0.7640625 0.471875 0.165625 0.4828125
0 0.7734375 0.2796875 0.04375 0.071875
1 0.584375 0.4796875 0.1734375 0.4609375
0 0.584375 0.2875 0.04375 0.06875
1 0.4015625 0.45625 0.20625 0.5484375
0 0.4046875 0.2453125 0.0625 0.078125
1 0.1515625 0.4609375 0.2671875 0.359375
0 0.1609375 0.315625 0.04375 0.053125
1 0.471875 0.3171875 0.0890625 0.209375
0 0.478125 0.2375 0.025 0.0390625
1 0.35 0.4671875 0.16875 0.4796875
0 0.3375 0.2703125 0.0515625 0.0703125
1 0.625 0.446875 0.1546875 0.4453125
0 0.625 0.259375 0.046875 0.0625
1 0.7125 0.440625 0.13125 0.45
0 0.703125 0.2515625 0.04375 0.0625