1 0.088008 0.393895 0.050290 0.084302
1 0.077369 0.341570 0.032882 0.058140
1 0.111219 0.327762 0.042553 0.091570
1 0.141199 0.357558 0.036750 0.078488
1 0.217118 0.392442 0.028046 0.055233
1 0.261122 0.394622 0.048356 0.079942
1 0.298356 0.439680 0.033849 0.053779
1 0.165377 0.311773 0.019342 0.036337
1 0.134429 0.308140 0.017408 0.034884
1 0.225338 0.318314 0.019342 0.037791
1 0.276112 0.299419 0.010638 0.023256
1 0.303675 0.325581 0.015474 0.026163
1 0.343327 0.364099 0.027079 0.053779
1 0.377176 0.364826 0.032882 0.063953
1 0.390716 0.346657 0.025145 0.050872
1 0.430851 0.365552 0.028046 0.053779
1 0.449226 0.343750 0.029981 0.053779
1 0.476789 0.351744 0.036750 0.072674
1 0.473888 0.441134 0.025145 0.053779
1 0.494681 0.342297 0.028046 0.050872
1 0.538201 0.423692 0.031915 0.065407
1 0.561412 0.343023 0.024178 0.049419
1 0.514023 0.336483 0.020309 0.036337
1 0.533366 0.332849 0.022244 0.046512
1 0.612186 0.426599 0.027079 0.047965
1 0.615087 0.356831 0.025145 0.056686
1 0.622824 0.353198 0.025145 0.052326
1 0.609284 0.332122 0.025145 0.042151
1 0.639749 0.359012 0.020309 0.037791
1 0.672631 0.345930 0.022244 0.049419
1 0.695841 0.347384 0.024178 0.049419
1 0.750967 0.356105 0.028046 0.046512
1 0.815280 0.369186 0.019342 0.043605
1 0.704545 0.354651 0.018375 0.034884
1 0.856867 0.345203 0.007737 0.015988
