1 0.05 0.5734375 0.0859375 0.2125
1 0.1421875 0.5609375 0.0671875 0.1875
1 0.1265625 0.53125 0.0453125 0.14375
1 0.1859375 0.528125 0.0453125 0.1515625
1 0.196875 0.5515625 0.05625 0.16875
1 0.253125 0.5546875 0.040625 0.15625
1 0.3109375 0.5921875 0.1109375 0.2296875
1 0.36875 0.5578125 0.0515625 0.165625
1 0.55 0.5515625 0.08125 0.1703125
1 0.6453125 0.5734375 0.06875 0.2328125
1 0.68125 0.5140625 0.0296875 0.09375
1 0.715625 0.546875 0.0640625 0.18125
1 0.7609375 0.553125 0.06875 0.2
1 0.8328125 0.5421875 0.071875 0.1515625
