1 0.038732 0.496875 0.056338 0.118750
1 0.077465 0.564583 0.039906 0.091667
1 0.193662 0.551042 0.051643 0.110417
1 0.311033 0.543750 0.037559 0.066667
1 0.332160 0.580208 0.039906 0.085417
1 0.417840 0.468750 0.056338 0.116667
1 0.526995 0.536458 0.037559 0.068750
1 0.556925 0.538542 0.034038 0.056250
1 0.588028 0.527083 0.035211 0.083333
1 0.609155 0.525000 0.044601 0.087500
1 0.689554 0.591667 0.026995 0.058333
1 0.769366 0.557292 0.034038 0.064583
1 0.797535 0.563542 0.038732 0.072917
1 0.823944 0.536458 0.039906 0.077083
1 0.847418 0.596875 0.028169 0.052083
1 0.964789 0.585417 0.025822 0.054167
1 0.712441 0.634375 0.025822 0.047917
1 0.921362 0.707292 0.014085 0.031250
