1 0.5796875 0.5671875 0.1078125 0.271875
0 0.58125 0.4546875 0.0296875 0.040625
1 0.3203125 0.5765625 0.1015625 0.2359375
0 0.321875 0.4765625 0.028125 0.0265625
1 0.165625 0.540625 0.0546875 0.1609375
0 0.1734375 0.4859375 0.01875 0.01875
1 0.140625 0.50625 0.0328125 0.096875
0 0.140625 0.465625 0.0109375 0.0109375
1 0.2171875 0.50625 0.0515625 0.1203125
0 0.2234375 0.4578125 0.0125 0.0140625
1 0.26875 0.496875 0.0578125 0.13125
0 0.2671875 0.4390625 0.0140625 0.015625
1 0.85625 0.45 0.0171875 0.0390625
0 0.8578125 0.4328125 0.0046875 0.00625