1 0.052601 0.492444 0.008995 0.013549
1 0.027767 0.481240 0.007822 0.016154
1 0.799765 0.476811 0.035980 0.058364
1 0.732890 0.470036 0.025029 0.040646
1 0.652522 0.446326 0.032460 0.053674
1 0.563355 0.467431 0.026985 0.047942
1 0.517990 0.497916 0.032460 0.055758
1 0.497849 0.465868 0.020336 0.039604
1 0.433320 0.477853 0.028158 0.041688
1 0.401838 0.498697 0.033242 0.057322
1 0.346500 0.507556 0.028158 0.048984
1 0.294486 0.507817 0.033633 0.058885
1 0.247751 0.500000 0.033242 0.046378
1 0.204928 0.516675 0.046930 0.076602
