1 0.034375 0.5984375 0.065625 0.196875
1 0.0359375 0.58125 0.046875 0.1734375
1 0.071875 0.5765625 0.0515625 0.1421875
1 0.1046875 0.5765625 0.075 0.1828125
1 0.1453125 0.590625 0.06875 0.1828125
1 0.190625 0.6015625 0.0890625 0.259375
1 0.2234375 0.578125 0.0765625 0.171875
1 0.2390625 0.5703125 0.046875 0.1296875
1 0.2625 0.5609375 0.0421875 0.1140625
1 0.24375 0.546875 0.0390625 0.10625
1 0.2703125 0.5453125 0.0296875 0.09375
1 0.2890625 0.546875 0.0265625 0.0828125
1 0.3171875 0.571875 0.04375 0.115625
1 0.3109375 0.55 0.0296875 0.1078125
1 0.3265625 0.5625 0.0296875 0.1125
1 0.3453125 0.5578125 0.05 0.1109375
1 0.359375 0.571875 0.0390625 0.1140625
1 0.3640625 0.6484375 0.1015625 0.259375
1 0.38125 0.5703125 0.034375 0.140625
1 0.40625 0.58125 0.0546875 0.175
1 0.4484375 0.5875 0.0625 0.1671875
1 0.490625 0.58125 0.046875 0.1484375
1 0.525 0.5765625 0.046875 0.1515625
1 0.546875 0.63125 0.09375 0.2953125
1 0.596875 0.58125 0.0453125 0.15625
1 0.63125 0.6359375 0.10625 0.284375
1 0.675 0.6078125 0.0828125 0.21875
1 0.7046875 0.5734375 0.034375 0.121875
1 0.728125 0.578125 0.0390625 0.1296875
1 0.7515625 0.5890625 0.059375 0.165625
1 0.7828125 0.5828125 0.0390625 0.134375
1 0.8046875 0.5734375 0.040625 0.1421875
1 0.8234375 0.5625 0.040625 0.121875
1 0.84375 0.584375 0.059375 0.1484375
1 0.878125 0.5703125 0.021875 0.1203125
1 0.8921875 0.575 0.0578125 0.1421875
1 0.91875 0.5859375 0.05625 0.1640625
1 0.959375 0.6046875 0.0765625 0.190625
