1 0.8765625 0.7046875 0.240625 0.2453125
0 0.9546875 0.65 0.084375 0.096875
1 0.934375 0.496875 0.1265625 0.4765625
0 0.9828125 0.275 0.028125 0.0578125
1 0.8640625 0.4078125 0.2140625 0.475
0 0.9078125 0.2 0.05625 0.059375
1 0.790625 0.3515625 0.078125 0.3625
0 0.7984375 0.184375 0.0421875 0.028125
1 0.721875 0.38125 0.1015625 0.4234375
0 0.74375 0.19375 0.05625 0.0484375
1 0.6796875 0.33125 0.115625 0.321875
0 0.696875 0.178125 0.0328125 0.015625
1 0.5921875 0.4 0.109375 0.4578125
0 0.60625 0.1890625 0.046875 0.0390625
1 0.7265625 0.5734375 0.1984375 0.4390625
0 0.7578125 0.3953125 0.0765625 0.078125
1 0.6703125 0.68125 0.1703125 0.2921875
0 0.6890625 0.584375 0.075 0.0953125
1 0.4859375 0.6296875 0.16875 0.3953125
0 0.4953125 0.48125 0.078125 0.0890625
1 0.5453125 0.521875 0.1921875 0.521875
0 0.5703125 0.3125 0.071875 0.1015625
1 0.3734375 0.5875 0.18125 0.48125
0 0.3953125 0.4 0.0734375 0.1
1 0.5125 0.4515625 0.16875 0.44375
0 0.5328125 0.275 0.05625 0.078125
1 0.48125 0.4015625 0.1390625 0.4359375
0 0.4984375 0.2296875 0.053125 0.0765625
1 0.3359375 0.3875 0.109375 0.434375
0 0.3546875 0.19375 0.0625 0.0453125
1 0.2453125 0.484375 0.165625 0.5046875
0 0.2390625 0.284375 0.05625 0.0984375
1 0.2203125 0.628125 0.1640625 0.3984375
0 0.20625 0.4828125 0.06875 0.0859375
1 0.1015625 0.6046875 0.1765625 0.4453125
0 0.0765625 0.4390625 0.065625 0.1015625
1 0.0765625 0.528125 0.15 0.4953125
0 0.0640625 0.33125 0.0609375 0.0890625
1 0.071875 0.3296875 0.134375 0.3203125
0 0.0546875 0.203125 0.0515625 0.0546875
1 0.325 0.271875 0.13125 0.203125
0 0.3265625 0.178125 0.034375 0.015625