1 0.284375 0.603125 0.2703125 0.465625
0 0.303125 0.353125 0.1359375 0.1546875
1 0.21875 0.6328125 0.2609375 0.4078125
0 0.2 0.4765625 0.0859375 0.1078125
1 0.1828125 0.6140625 0.29375 0.44375
0 0.1859375 0.428125 0.0734375 0.0859375
1 0.3671875 0.628125 0.165625 0.4140625
0 0.3703125 0.465625 0.06875 0.08125
1 0.51875 0.6484375 0.1703125 0.375
0 0.5125 0.5125 0.0765625 0.09375
1 0.5 0.6359375 0.1703125 0.4
0 0.4953125 0.4796875 0.0625 0.071875
1 0.734375 0.6453125 0.1765625 0.38125
0 0.721875 0.503125 0.075 0.09375
1 0.7078125 0.621875 0.175 0.4265625
0 0.715625 0.4515625 0.071875 0.08125
1 0.9234375 0.628125 0.146875 0.415625
0 0.9078125 0.471875 0.08125 0.0890625
1 0.8875 0.6375 0.196875 0.396875
0 0.915625 0.490625 0.0625 0.071875