1 0.158846 0.474922 0.040769 0.065831
1 0.129615 0.389760 0.005385 0.008359
1 0.151923 0.388192 0.005385 0.007315
1 0.031154 0.407524 0.013077 0.018809
1 0.041538 0.398642 0.016923 0.017764
1 0.202308 0.389760 0.004615 0.006270
1 0.217692 0.391327 0.004615 0.007315
1 0.215769 0.404389 0.008462 0.012539
1 0.225769 0.407524 0.008462 0.012539
1 0.240000 0.404911 0.018462 0.021944
1 0.265385 0.384013 0.004615 0.007315
1 0.290385 0.388192 0.005385 0.007315
1 0.282308 0.386625 0.003077 0.004180
1 0.215000 0.385057 0.003846 0.005225
1 0.256154 0.400209 0.023077 0.027168
1 0.255769 0.415361 0.017692 0.028213
1 0.255000 0.417450 0.020769 0.036573
1 0.307692 0.398119 0.012308 0.014629
1 0.315385 0.389760 0.013846 0.020899
1 0.336923 0.394984 0.015385 0.022989
1 0.330385 0.398642 0.013077 0.017764
1 0.365769 0.398119 0.010000 0.014629
1 0.385769 0.396029 0.008462 0.014629
1 0.410000 0.398642 0.009231 0.015674
1 0.430000 0.414316 0.013846 0.021944
1 0.429615 0.396029 0.011538 0.018809
1 0.449231 0.382445 0.004615 0.006270
1 0.461923 0.389237 0.013077 0.019854
1 0.471923 0.396552 0.006923 0.011494
1 1.001154 0.464995 -0.002308 0.035528
1 0.117308 0.391850 0.005385 0.006270
1 0.101154 0.394984 0.003846 0.006270
1 0.501154 0.386102 0.005385 0.007315
1 0.509615 0.419018 0.020769 0.027168
1 0.521923 0.414838 0.023846 0.039707
1 0.545000 0.402821 0.019231 0.028213
1 0.579615 0.459248 0.011538 0.019854
1 0.573077 0.398642 0.013846 0.026123
1 0.586923 0.411181 0.010769 0.013584
1 0.613462 0.403344 0.016154 0.027168
1 0.630385 0.405434 0.013077 0.022989
1 0.644615 0.401776 0.010769 0.017764
1 0.661154 0.409613 0.010000 0.016719
1 0.675385 0.406479 0.009231 0.014629
1 0.701538 0.405434 0.009231 0.012539
1 0.708846 0.390805 0.013077 0.018809
1 0.741923 0.419018 0.016154 0.025078
1 0.769231 0.393939 0.030769 0.045977
1 0.800000 0.393939 0.007692 0.014629
1 0.786538 0.405956 0.008462 0.015674
1 0.809231 0.409613 0.010769 0.016719
1 0.832692 0.401776 0.016154 0.024033
1 0.848462 0.402821 0.009231 0.013584
1 0.857308 0.387670 0.008462 0.010449
1 0.900000 0.412748 0.016923 0.029258
1 0.441923 0.434169 0.016154 0.028213
