1 0.0421875 0.5421875 0.0640625 0.121875
1 0.0140625 0.521875 0.025 0.109375
1 0.06875 0.528125 0.046875 0.0984375
1 0.0171875 0.5078125 0.0265625 0.090625
1 0.0625 0.5140625 0.021875 0.0765625
1 0.0984375 0.4921875 0.015625 0.05625
1 0.1171875 0.4984375 0.0140625 0.05625
1 0.278125 0.49375 0.0171875 0.0609375
1 0.4 0.4953125 0.0171875 0.0609375
1 0.4265625 0.5 0.0234375 0.06875
1 0.4625 0.5046875 0.0296875 0.078125
1 0.4625 0.49375 0.025 0.06875
1 0.4765625 0.5015625 0.0296875 0.0765625
1 0.49375 0.5078125 0.0234375 0.08125
1 0.50625 0.5078125 0.021875 0.0859375
1 0.521875 0.5203125 0.0390625 0.0953125
1 0.546875 0.5125 0.034375 0.090625
1 0.534375 0.5171875 0.0265625 0.090625
1 0.5890625 0.5140625 0.059375 0.0984375
1 0.603125 0.5109375 0.0375 0.0953125
