1 0.0375 0.4734375 0.025 0.0625
1 0.0640625 0.478125 0.0203125 0.05625
1 0.2078125 0.509375 0.0453125 0.13125
1 0.2359375 0.55 0.0625 0.2265625
1 0.2734375 0.5046875 0.0625 0.1421875
1 0.3203125 0.5578125 0.0640625 0.2296875
1 0.334375 0.5109375 0.0484375 0.15
1 0.3625 0.540625 0.059375 0.2
1 0.3953125 0.534375 0.0578125 0.1796875
1 0.4078125 0.575 0.0484375 0.1359375
1 0.4265625 0.521875 0.059375 0.1609375
1 0.4703125 0.5296875 0.0421875 0.1109375
1 0.4453125 0.50625 0.05625 0.1296875
1 0.5234375 0.5015625 0.0328125 0.1015625
1 0.521875 0.515625 0.034375 0.121875
1 0.5421875 0.5203125 0.04375 0.1375
1 0.575 0.50625 0.0484375 0.121875
1 0.5765625 0.5234375 0.0765625 0.175
1 0.65625 0.515625 0.046875 0.1328125
1 0.6734375 0.525 0.0390625 0.1390625
1 0.7015625 0.521875 0.0421875 0.128125
1 0.75 0.5375 0.0453125 0.115625
1 0.6 0.5296875 0.028125 0.0734375
1 0.4625 0.55625 0.065625 0.184375
