1 0.03046875 0.54375 0.0609375 0.440625
0 0.009375 0.359375 0.01875 0.0546875
1 0.04375 0.528125 0.0859375 0.4125
0 0.0140625 0.359375 0.0265625 0.0625
1 0.1109375 0.6078125 0.2171875 0.53125
0 0.165625 0.3984375 0.084375 0.084375
1 0.140625 0.6109375 0.1375 0.525
0 0.1671875 0.396875 0.084375 0.0890625
1 0.340625 0.621875 0.2671875 0.5046875
0 0.34375 0.4234375 0.0921875 0.1
1 0.3203125 0.5953125 0.2 0.55625
0 0.3265625 0.365625 0.06875 0.084375
1 0.559375 0.5609375 0.190625 0.59375
0 0.5171875 0.3140625 0.0640625 0.0953125
1 0.5953125 0.5890625 0.26875 0.56875
0 0.6171875 0.3765625 0.103125 0.128125
1 0.8578125 0.603125 0.275 0.5390625
0 0.7796875 0.4 0.1046875 0.1078125
1 0.446875 0.3375 0.0234375 0.0828125
0 0.446875 0.30625 0.0109375 0.0109375
1 0.85 0.3546875 0.0421875 0.1046875
0 0.85625 0.3140625 0.0140625 0.0140625
1 0.9484375 0.359375 0.0390625 0.096875
0 0.9453125 0.321875 0.0140625 0.015625
1 0.971875 0.3546875 0.03125 0.096875
0 0.9765625 0.315625 0.0125 0.0140625
1 0.8875 0.3609375 0.0234375 0.05
0 0.8875 0.34375 0.009375 0.0109375