1 0.2046875 0.6234375 0.40625 0.4140625
0 0.109375 0.3546875 0.21875 0.2
1 0.23125 0.5828125 0.2890625 0.4953125
0 0.225 0.3265625 0.125 0.1609375
1 0.2875 0.55625 0.2140625 0.546875
0 0.284375 0.3484375 0.0828125 0.1109375
1 0.4421875 0.571875 0.2921875 0.5171875
0 0.403125 0.3515625 0.1375 0.125
1 0.53125 0.634375 0.28125 0.390625
0 0.5234375 0.45 0.1328125 0.159375
1 0.665625 0.6515625 0.4046875 0.3546875
0 0.7125 0.49375 0.14375 0.159375
1 0.7546875 0.578125 0.2109375 0.5046875
0 0.7421875 0.3875 0.134375 0.1171875
1 0.875 0.6 0.2296875 0.4578125
0 0.846875 0.44375 0.1109375 0.1171875