1 0.890625 0.5390625 0.046875 0.153125
1 0.84375 0.525 0.05 0.11875
1 0.803125 0.5171875 0.0296875 0.103125
1 0.78125 0.51875 0.0359375 0.1203125
1 0.740625 0.5171875 0.0359375 0.121875
1 0.740625 0.5296875 0.0453125 0.1328125
1 0.6296875 0.53125 0.0453125 0.16875
1 0.5890625 0.5421875 0.0578125 0.1484375
1 0.5515625 0.540625 0.0703125 0.1515625
1 0.5234375 0.5359375 0.0609375 0.1609375
1 0.4734375 0.534375 0.059375 0.1640625
1 0.440625 0.540625 0.0625 0.15
1 0.3875 0.5421875 0.0484375 0.146875
1 0.3578125 0.5421875 0.05 0.1484375
1 0.303125 0.5375 0.05 0.15625
1 0.259375 0.53125 0.04375 0.1609375
1 0.2171875 0.5375 0.059375 0.1578125
1 0.240625 0.5171875 0.0359375 0.1296875
1 0.2109375 0.503125 0.0390625 0.1125
1 0.209375 0.5203125 0.040625 0.1296875
1 0.175 0.5234375 0.0375 0.128125
1 0.16875 0.503125 0.034375 0.10625
1 0.1546875 0.5078125 0.0234375 0.0984375
1 0.1359375 0.5109375 0.0296875 0.115625
1 0.1453125 0.51875 0.034375 0.1234375
1 0.121875 0.5265625 0.0390625 0.14375
1 0.103125 0.5421875 0.0296875 0.146875
1 0.084375 0.5421875 0.04375 0.1484375
1 0.075 0.5421875 0.0609375 0.1484375
1 0.0546875 0.5125 0.0203125 0.1046875
1 0.0734375 0.4953125 0.028125 0.0921875
1 0.0890625 0.50625 0.0375 0.109375
1 0.096875 0.484375 0.0125 0.05625
1 0.1046875 0.5046875 0.0328125 0.1203125
