1 0.235840 0.480586 0.049805 0.065934
1 0.288330 0.538095 0.020020 0.040293
1 0.331787 0.486447 0.015137 0.029304
1 0.414551 0.496337 0.017578 0.032967
1 0.448975 0.486813 0.018066 0.040293
1 0.413818 0.479121 0.016113 0.026374
1 0.442139 0.466667 0.013184 0.023443
1 0.464844 0.491209 0.017578 0.032967
1 0.486328 0.469597 0.017578 0.036630
1 0.485352 0.469597 0.017578 0.035165
1 0.501465 0.456410 0.012695 0.021978
1 0.535400 0.458974 0.018066 0.034432
1 0.507568 0.481319 0.015137 0.026374
1 0.579834 0.467033 0.021973 0.035897
1 0.595947 0.466300 0.018066 0.031502
1 0.569580 0.451648 0.015137 0.027106
1 0.551025 0.464469 0.012207 0.024908
1 0.535889 0.459707 0.017090 0.035897
1 0.572998 0.407692 0.010254 0.018315
1 0.635254 0.446154 0.018555 0.032234
1 0.623047 0.516117 0.025391 0.047619
1 0.673584 0.468498 0.023926 0.043223
1 0.732422 0.449084 0.015625 0.029304
1 0.690186 0.422711 0.009277 0.013187
1 0.701660 0.449451 0.012695 0.021245
1 0.715576 0.468498 0.017090 0.031502
1 0.750244 0.443590 0.015137 0.025641
1 0.796875 0.380220 0.008789 0.017582
1 0.815430 0.399267 0.007812 0.013187
1 0.794678 0.525641 0.051270 0.073993
1 0.751221 0.521245 0.035645 0.057875
1 0.779785 0.490842 0.033203 0.055678
1 0.803223 0.476557 0.028320 0.043223
1 0.824463 0.471062 0.021973 0.036630
1 0.832764 0.458242 0.025879 0.032967
1 0.886963 0.413919 0.012207 0.021978
1 0.989502 0.416484 0.013184 0.021245
1 0.988281 0.417949 0.012695 0.024176
1 0.970703 0.457875 0.021484 0.033700
