1 0.1875 0.6390625 0.371875 0.278125
1 0.725 0.6390625 0.54375 0.278125
1 0.2203125 0.615625 0.09375 0.28125
1 0.26875 0.621875 0.06875 0.2734375
1 0.290625 0.56875 0.06875 0.2453125
1 0.3390625 0.571875 0.06875 0.246875
1 0.328125 0.6203125 0.0875 0.2734375
1 0.38125 0.6140625 0.0828125 0.2734375
1 0.403125 0.571875 0.0703125 0.246875
1 0.4390625 0.615625 0.0921875 0.275
1 0.4578125 0.575 0.0703125 0.246875
1 0.4984375 0.609375 0.08125 0.290625
1 0.51875 0.575 0.1078125 0.2515625
1 0.565625 0.6140625 0.1078125 0.2796875
1 0.578125 0.5671875 0.08125 0.2546875
1 0.5984375 0.6109375 0.06875 0.28125
1 0.6328125 0.609375 0.0703125 0.2734375
1 0.6484375 0.5671875 0.0734375 0.2484375
1 0.678125 0.625 0.0875 0.2609375
1 0.7078125 0.5671875 0.09375 0.2640625
1 0.7234375 0.6203125 0.06875 0.2734375
1 0.7890625 0.6125 0.0921875 0.2875
1 0.8046875 0.56875 0.078125 0.259375
