1 0.496875 0.6046875 0.1015625 0.1921875
1 0.796875 0.5390625 0.0390625 0.0859375
1 0.74375 0.5234375 0.0234375 0.065625
1 0.85625 0.509375 0.028125 0.0515625
1 0.95625 0.5140625 0.028125 0.05
1 0.990625 0.5234375 0.0140625 0.0703125
1 0.975 0.509375 0.021875 0.05
1 0.925 0.496875 0.0125 0.03125
1 0.8984375 0.496875 0.025 0.034375
1 0.8734375 0.5015625 0.0171875 0.0359375
1 0.821875 0.503125 0.0171875 0.046875
1 0.8078125 0.5 0.015625 0.0421875
1 0.7796875 0.521875 0.0328125 0.0703125
1 0.721875 0.496875 0.0171875 0.0328125
1 0.7109375 0.490625 0.0109375 0.0265625
1 0.640625 0.496875 0.01875 0.04375
1 0.46875 0.4984375 0.021875 0.0484375
1 0.45 0.4890625 0.0140625 0.03125
1 0.35625 0.4953125 0.03125 0.05
1 0.3328125 0.4859375 0.015625 0.0265625
1 0.3203125 0.4875 0.0125 0.0359375
1 0.271875 0.4984375 0.025 0.04375
1 0.246875 0.509375 0.03125 0.0625
1 0.2046875 0.5 0.01875 0.0453125
1 0.1625 0.4984375 0.01875 0.0453125
1 0.1515625 0.4953125 0.025 0.04375
1 0.0765625 0.484375 0.0203125 0.025
1 0.0578125 0.4984375 0.0296875 0.0546875
1 0.0140625 0.4984375 0.0265625 0.053125
1 0.528125 0.49375 0.0203125 0.046875
