1 0.878125 0.7390625 0.1015625 0.1546875
1 0.80625 0.734375 0.090625 0.1640625
1 0.690625 0.728125 0.1046875 0.175
1 0.61875 0.7390625 0.0953125 0.153125
1 0.509375 0.7390625 0.125 0.153125
1 0.421875 0.746875 0.0640625 0.1375
1 0.3625 0.73125 0.1078125 0.16875
1 0.2640625 0.7390625 0.1125 0.15625
1 0.1390625 0.7234375 0.1546875 0.184375
1 0.275 0.675 0.09375 0.2375
1 0.4625 0.7296875 0.0765625 0.1734375
1 0.54375 0.7328125 0.10625 0.165625
1 0.5859375 0.725 0.09375 0.18125
1 0.603125 0.7046875 0.0890625 0.2234375
1 0.5234375 0.703125 0.075 0.225
1 0.49375 0.6875 0.0828125 0.2109375
1 0.5703125 0.6625 0.0703125 0.2078125
1 0.6859375 0.6890625 0.084375 0.2046875
1 0.7765625 0.703125 0.11875 0.225
1 0.909375 0.7109375 0.1296875 0.2109375
1 0.98125 0.6984375 0.0328125 0.2359375
1 0.98125 0.628125 0.03125 0.1765625
1 0.953125 0.68125 0.0875 0.24375
1 0.8609375 0.675 0.1125 0.221875
1 0.915625 0.63125 0.075 0.1828125
1 0.8703125 0.65625 0.06875 0.215625
1 0.8390625 0.5984375 0.075 0.15
1 0.8171875 0.60625 0.05625 0.1609375
1 0.7515625 0.64375 0.06875 0.25625
1 0.7734375 0.621875 0.08125 0.196875
1 0.6828125 0.603125 0.0921875 0.2109375
1 0.7453125 0.553125 0.078125 0.1890625
1 0.7890625 0.525 0.0796875 0.178125
1 0.98125 0.453125 0.03125 0.1765625
1 0.9234375 0.46875 0.05625 0.1640625
1 0.9421875 0.45 0.0453125 0.15625
1 0.9609375 0.4265625 0.04375 0.1390625
1 0.865625 0.45 0.0671875 0.1671875
1 0.890625 0.425 0.0515625 0.1609375
1 0.7875 0.4078125 0.0421875 0.1125
1 0.784375 0.434375 0.06875 0.1390625
1 0.7390625 0.4109375 0.04375 0.1171875
1 0.678125 0.4078125 0.0546875 0.1328125
1 0.64375 0.434375 0.0390625 0.1453125
1 0.6234375 0.446875 0.05625 0.146875
1 0.5734375 0.5671875 0.071875 0.1953125
1 0.49375 0.546875 0.05625 0.1546875
1 0.240625 0.5453125 0.0796875 0.18125
1 0.3109375 0.5453125 0.06875 0.18125
1 0.35 0.4921875 0.0640625 0.1703125
1 0.55 0.4515625 0.0390625 0.1234375
1 0.575 0.4390625 0.046875 0.1328125
1 0.55625 0.4359375 0.0421875 0.140625
1 0.5515625 0.4015625 0.0671875 0.146875
1 0.5203125 0.4453125 0.046875 0.1546875
1 0.5296875 0.4234375 0.046875 0.1609375
1 0.4703125 0.4578125 0.05625 0.14375
1 0.496875 0.425 0.0515625 0.125
1 0.4296875 0.4359375 0.053125 0.146875
1 0.396875 0.45625 0.05625 0.15
1 0.3671875 0.4109375 0.0421875 0.128125
1 0.3625 0.384375 0.0421875 0.109375
1 0.3328125 0.45 0.040625 0.1296875
1 0.31875 0.4265625 0.034375 0.121875
1 0.2640625 0.4671875 0.0703125 0.15625
1 0.25625 0.4703125 0.0703125 0.1671875
1 0.246875 0.4140625 0.0546875 0.1296875
1 0.21875 0.453125 0.0625 0.15625
1 0.221875 0.4 0.053125 0.1203125
1 0.175 0.459375 0.0546875 0.14375
1 0.134375 0.45625 0.0453125 0.15
1 0.1234375 0.478125 0.06875 0.1546875
1 0.06875 0.4796875 0.05 0.15625
1 0.034375 0.5203125 0.06875 0.1765625
1 0.0140625 0.4921875 0.0265625 0.1609375
1 0.0234375 0.4890625 0.040625 0.1609375
1 0.0171875 0.434375 0.03125 0.134375
1 0.0796875 0.4296875 0.05 0.1390625
1 0.1390625 0.4046875 0.046875 0.11875
