1 0.0921875 0.6375 0.184375 0.46875
1 0.1046875 0.621875 0.1078125 0.3671875
1 0.0953125 0.55 0.084375 0.2625
1 0.2484375 0.584375 0.15 0.4609375
1 0.19375 0.5328125 0.096875 0.2703125
1 0.3421875 0.5328125 0.078125 0.265625
1 0.3953125 0.534375 0.06875 0.2484375
1 0.428125 0.4890625 0.0390625 0.20625
1 0.5109375 0.60625 0.1484375 0.41875
1 0.4703125 0.525 0.0765625 0.2578125
1 0.63125 0.6375 0.1765625 0.471875
1 0.571875 0.5875 0.103125 0.3359375
1 0.796875 0.646875 0.215625 0.453125
1 0.8734375 0.565625 0.10625 0.328125
1 0.8984375 0.5703125 0.1 0.2859375
1 0.940625 0.509375 0.0828125 0.2640625
1 0.771875 0.5359375 0.1109375 0.3296875
1 0.8421875 0.53125 0.084375 0.284375
1 0.55625 0.5078125 0.09375 0.2703125
1 0.659375 0.4171875 0.0515625 0.1203125
1 0.6359375 0.4859375 0.06875 0.2140625
1 0.6875 0.4328125 0.05 0.1171875
1 0.7109375 0.490625 0.078125 0.215625
1 0.753125 0.4796875 0.065625 0.2359375
1 0.840625 0.475 0.0640625 0.21875
1 0.825 0.471875 0.0703125 0.21875
1 0.978125 0.5171875 0.0390625 0.259375
