1 0.1609375 0.6546875 0.309375 0.3984375
1 0.0453125 0.6921875 0.0875 0.321875
1 0.375 0.6671875 0.084375 0.253125
1 0.415625 0.6609375 0.078125 0.203125
1 0.459375 0.7125 0.084375 0.228125
1 0.4984375 0.703125 0.06875 0.2375
1 0.5625 0.7125 0.05625 0.2234375
1 0.5890625 0.7125 0.1171875 0.278125
1 0.6515625 0.696875 0.075 0.228125
1 0.7109375 0.709375 0.0625 0.1890625
1 0.715625 0.696875 0.05625 0.19375
1 0.7390625 0.6578125 0.05 0.175
1 0.790625 0.690625 0.059375 0.23125
1 0.8140625 0.70625 0.05625 0.1734375
1 0.815625 0.696875 0.059375 0.178125
1 0.85 0.69375 0.0390625 0.1671875
1 0.875 0.69375 0.05 0.1703125
1 0.9140625 0.6921875 0.06875 0.1875
1 0.89375 0.6859375 0.0421875 0.159375
1 0.9328125 0.6796875 0.05 0.1890625
1 0.94375 0.6875 0.04375 0.178125
