1 0.7046875 0.6296875 0.584375 0.2625
0 0.590625 0.403125 0.13125 0.1578125
1 0.1515625 0.5921875 0.3 0.3375
0 0.23125 0.4546875 0.08125 0.121875
1 0.3234375 0.5421875 0.2546875 0.4390625
0 0.353125 0.34375 0.078125 0.0953125
1 0.434375 0.5078125 0.1765625 0.50625
0 0.4390625 0.29375 0.0578125 0.0734375
1 0.609375 0.490625 0.2734375 0.4546875
0 0.5359375 0.303125 0.0609375 0.078125
1 0.6703125 0.51875 0.1703125 0.4734375
0 0.6609375 0.3265625 0.0578125 0.0828125
1 0.8234375 0.546875 0.240625 0.4296875
0 0.8015625 0.353125 0.090625 0.1015625