1 0.0625 0.4421875 0.1125 0.153125
1 0.18125 0.4375 0.1 0.153125
1 0.0828125 0.5109375 0.165625 0.2
1 0.1765625 0.6484375 0.2984375 0.3265625
1 0.1796875 0.5578125 0.2015625 0.2703125
1 0.2921875 0.6453125 0.3453125 0.3671875
1 0.3515625 0.68125 0.3734375 0.296875
1 0.709375 0.6640625 0.3859375 0.33125
1 0.8046875 0.65625 0.3890625 0.346875
1 0.8796875 0.4859375 0.1609375 0.21875
1 0.7796875 0.4765625 0.128125 0.2109375
1 0.715625 0.4546875 0.140625 0.203125
1 0.653125 0.4484375 0.1140625 0.178125
1 0.6046875 0.4375 0.1140625 0.1625
1 0.5390625 0.43125 0.1046875 0.1578125
1 0.696875 0.3921875 0.0546875 0.1953125
1 0.4828125 0.4203125 0.0796875 0.15
1 0.3765625 0.4328125 0.1 0.2234375
