1 0.96875 0.4984375 0.0546875 0.3640625
1 0.8515625 0.4375 0.146875 0.3515625
1 0.9421875 0.43125 0.109375 0.3546875
1 0.9515625 0.35625 0.090625 0.328125
1 0.9140625 0.3078125 0.16875 0.29375
1 0.8640625 0.3578125 0.134375 0.33125
1 0.771875 0.3703125 0.1296875 0.35625
1 0.68125 0.334375 0.159375 0.346875
1 0.7390625 0.2984375 0.1375 0.2765625
1 0.6234375 0.3015625 0.1171875 0.28125
1 0.5484375 0.35625 0.14375 0.3546875
1 0.4671875 0.325 0.1171875 0.328125
1 0.390625 0.278125 0.121875 0.2359375
1 0.428125 0.3484375 0.134375 0.31875
1 0.41875 0.578125 0.196875 0.3515625
1 0.253125 0.71875 0.134375 0.2390625
1 0.303125 0.621875 0.159375 0.31875
1 0.159375 0.6734375 0.134375 0.3296875
1 0.04375 0.6609375 0.0828125 0.31875
1 0.125 0.565625 0.10625 0.3578125
1 0.2203125 0.5734375 0.1140625 0.3421875
1 0.246875 0.528125 0.109375 0.31875
1 0.303125 0.4515625 0.1015625 0.315625
1 0.209375 0.45 0.109375 0.3015625
1 0.1390625 0.478125 0.121875 0.3125
1 0.1109375 0.4390625 0.11875 0.365625
1 0.0328125 0.475 0.0609375 0.4203125
1 0.053125 0.3328125 0.1015625 0.3453125
1 0.1671875 0.315625 0.1046875 0.3
1 0.2421875 0.31875 0.1 0.31875
1 0.31875 0.309375 0.121875 0.296875
1 0.3375 0.3625 0.10625 0.3078125
1 0.26875 0.3859375 0.1 0.2921875
1 0.39375 0.3890625 0.121875 0.2796875
