1 0.0140625 0.384375 0.025 0.109375
0 0.0078125 0.340625 0.015625 0.01875
1 0.059375 0.384375 0.04375 0.1375
0 0.0609375 0.325 0.015625 0.0171875
1 0.396875 0.371875 0.028125 0.06875
0 0.39375 0.3421875 0.0078125 0.0109375
1 0.6984375 0.3703125 0.009375 0.0265625
0 0.6984375 0.359375 0.003125 0.003125
1 0.703125 0.3671875 0.0078125 0.0265625
0 0.703125 0.3578125 0.0015625 0.003125
1 0.71875 0.36875 0.009375 0.028125
0 0.7203125 0.3578125 0.003125 0.003125
1 0.7265625 0.36875 0.0078125 0.0234375
0 0.728125 0.359375 0.003125 0.003125
1 0.9625 0.3828125 0.053125 0.090625
0 0.96875 0.346875 0.0125 0.0125