1 0.8953125 0.5015625 0.103125 0.2171875
0 0.890625 0.421875 0.0390625 0.0515625
1 0.6609375 0.496875 0.1203125 0.2984375
0 0.6375 0.4296875 0.0453125 0.0515625
1 0.7421875 0.490625 0.090625 0.23125
0 0.7515625 0.4078125 0.0453125 0.05625
1 0.8796875 0.5953125 0.2296875 0.475
0 0.8375 0.428125 0.05625 0.06875
1 0.825 0.646875 0.296875 0.4015625
0 0.7484375 0.490625 0.059375 0.0765625
1 0.6421875 0.634375 0.2421875 0.428125
0 0.60625 0.5125 0.0734375 0.1
1 0.5703125 0.6265625 0.2921875 0.44375
0 0.5578125 0.45 0.0734375 0.090625
1 0.575 0.5046875 0.1453125 0.3390625
0 0.56875 0.3953125 0.059375 0.071875
1 0.290625 0.684375 0.225 0.3265625
0 0.30625 0.5921875 0.1015625 0.1328125
1 0.265625 0.584375 0.525 0.5265625
0 0.2578125 0.45625 0.10625 0.1265625
1 0.4515625 0.490625 0.184375 0.425
0 0.41875 0.396875 0.059375 0.071875
1 0.3140625 0.46875 0.271875 0.4546875
0 0.271875 0.4 0.0625 0.06875
1 0.075 0.540625 0.14375 0.3390625
0 0.025 0.428125 0.04375 0.09375