1 0.103125 0.5359375 0.20625 0.5203125
1 0.253125 0.5296875 0.16875 0.53125
1 0.309375 0.5359375 0.240625 0.5203125
1 0.346875 0.4625 0.1640625 0.4421875
1 0.4234375 0.5328125 0.1984375 0.5265625
1 0.496875 0.4703125 0.15625 0.4375
1 0.4984375 0.5078125 0.1640625 0.5109375
1 0.5546875 0.55 0.1765625 0.4828125
1 0.5578125 0.6203125 0.253125 0.3515625
1 0.65 0.509375 0.175 0.4921875
1 0.74375 0.425 0.1546875 0.4515625
1 0.721875 0.525 0.19375 0.5390625
1 0.8015625 0.553125 0.184375 0.4875
1 0.8515625 0.5625 0.1609375 0.46875
1 0.8828125 0.6453125 0.23125 0.3
