1 0.190625 0.5109375 0.275 0.53125
0 0.25625 0.290625 0.0671875 0.0828125
1 0.35 0.4859375 0.2046875 0.5359375
0 0.4015625 0.2828125 0.0671875 0.08125
1 0.45625 0.5203125 0.221875 0.5125
0 0.5140625 0.303125 0.0625 0.0640625
1 0.6921875 0.5125 0.3171875 0.528125
0 0.628125 0.3125 0.0671875 0.0921875
1 0.65625 0.44375 0.2453125 0.425
0 0.6859375 0.2875 0.06875 0.0984375
1 0.8640625 0.515625 0.2671875 0.5234375
0 0.80625 0.296875 0.0671875 0.075
1 0.8015625 0.55625 0.1828125 0.440625
0 0.8171875 0.3828125 0.078125 0.0921875