1 0.9015625 0.171875 0.034375 0.103125
0 0.9 0.1328125 0.0140625 0.0140625
1 0.8625 0.190625 0.0390625 0.1375
0 0.859375 0.134375 0.01875 0.0171875
1 0.8421875 0.209375 0.053125 0.1546875
0 0.834375 0.146875 0.0234375 0.021875
1 0.7828125 0.240625 0.0796875 0.2203125
0 0.7671875 0.15625 0.025 0.03125
1 0.7359375 0.25625 0.071875 0.2265625
0 0.7296875 0.1578125 0.0234375 0.0265625
1 0.753125 0.2765625 0.0734375 0.225
0 0.746875 0.184375 0.028125 0.0328125
1 0.6734375 0.25625 0.0671875 0.2171875
0 0.671875 0.1671875 0.0234375 0.03125
1 0.65 0.259375 0.103125 0.2671875
0 0.65 0.146875 0.028125 0.028125
1 0.6234375 0.30625 0.1 0.2578125
0 0.634375 0.1984375 0.0359375 0.040625
1 0.553125 0.3234375 0.109375 0.346875
0 0.521875 0.1765625 0.040625 0.0484375
1 0.4640625 0.3703125 0.134375 0.4203125
0 0.425 0.19375 0.053125 0.0640625
1 0.3296875 0.3015625 0.0828125 0.2609375
0 0.328125 0.1984375 0.0421875 0.0484375
1 0.3140625 0.3328125 0.096875 0.296875
0 0.30625 0.2125 0.046875 0.0515625
1 0.303125 0.415625 0.1125 0.4
0 0.2890625 0.246875 0.046875 0.05625
1 0.2359375 0.35625 0.109375 0.30625
0 0.2203125 0.2296875 0.0421875 0.04375
1 0.2515625 0.2828125 0.0984375 0.2703125
0 0.25 0.16875 0.0359375 0.0421875
1 0.215625 0.4609375 0.159375 0.4421875
0 0.1984375 0.275 0.05625 0.05625
1 0.15625 0.353125 0.096875 0.321875
0 0.146875 0.221875 0.0484375 0.05625
1 0.153125 0.4390625 0.215625 0.4046875
0 0.09375 0.2734375 0.0703125 0.0671875
1 0.1078125 0.5484375 0.2125 0.796875
0 0.028125 0.2125 0.053125 0.103125
1 0.3984375 0.49375 0.2515625 0.528125
0 0.4265625 0.275 0.065625 0.0828125