1 0.04375 0.7234375 0.084375 0.2125
1 0.15 0.7140625 0.1640625 0.23125
1 0.090625 0.7125 0.0671875 0.228125
1 0.175 0.7140625 0.084375 0.23125
1 0.2359375 0.696875 0.0421875 0.1328125
1 0.2015625 0.6921875 0.040625 0.171875
1 0.2703125 0.7125 0.078125 0.234375
1 0.3203125 0.7234375 0.0515625 0.2125
1 0.36875 0.7109375 0.0921875 0.2375
1 0.44375 0.725 0.075 0.2109375
1 0.5 0.7203125 0.075 0.2203125
1 0.3984375 0.715625 0.0640625 0.196875
1 0.5234375 0.6921875 0.03125 0.1140625
1 0.5890625 0.70625 0.0703125 0.209375
1 0.55625 0.7015625 0.0421875 0.171875
1 0.6328125 0.6921875 0.0421875 0.125
1 0.659375 0.690625 0.0328125 0.1140625
1 0.696875 0.678125 0.0328125 0.103125
1 0.746875 0.665625 0.0296875 0.0859375
1 0.73125 0.665625 0.021875 0.0703125
1 0.721875 0.6609375 0.0171875 0.0625
1 0.6703125 0.675 0.034375 0.1015625
1 0.6171875 0.675 0.021875 0.0953125
