1 0.0109375 0.5578125 0.021875 0.0546875
0 0.0078125 0.5359375 0.00625 0.00625
1 0.071875 0.5734375 0.1046875 0.275
0 0.08125 0.4546875 0.0421875 0.0375
1 0.203125 0.553125 0.10625 0.253125
0 0.225 0.44375 0.034375 0.03125
1 0.2453125 0.5625 0.2078125 0.3109375
0 0.2703125 0.428125 0.0390625 0.0390625
1 0.3359375 0.5640625 0.209375 0.384375
0 0.36875 0.396875 0.040625 0.046875
1 0.4734375 0.56875 0.1125 0.290625
0 0.484375 0.446875 0.0328125 0.04375
1 0.684375 0.5640625 0.15625 0.340625
0 0.6609375 0.4171875 0.034375 0.04375
1 0.784375 0.525 0.225 0.4921875
0 0.7765625 0.3203125 0.0640625 0.059375