1 0.0546875 0.609375 0.10625 0.3125
1 0.1671875 0.5796875 0.2578125 0.371875
1 0.38125 0.59375 0.1140625 0.34375
1 0 0.228125 0 0
1 0.6859375 0.5578125 0.1828125 0.415625
1 0.8296875 0.5390625 0.1375 0.2546875
1 0.8484375 0.4703125 0.075 0.1125
1 0.8703125 0.4515625 0.01875 0.0359375
1 0.915625 0.453125 0.021875 0.04375
1 0.9390625 0.453125 0.0234375 0.0421875
1 0.9578125 0.45 0.01875 0.046875
1 0.98125 0.4484375 0.0296875 0.05625
1 0.9890625 0.45 0.015625 0.05625
1 0.7828125 0.490625 0.040625 0.1078125
1 0.7703125 0.44375 0.01875 0.05625
1 0.4421875 0.4875 0.01875 0.040625
1 0.425 0.4875 0.0171875 0.046875
1 0.325 0.5140625 0.04375 0.096875
1 0.2734375 0.5015625 0.01875 0.0515625
1 0.284375 0.49375 0.0125 0.0265625
1 0.296875 0.4921875 0.0109375 0.0265625
1 0.3078125 0.490625 0.0109375 0.0265625
1 0.1359375 0.5078125 0.015625 0.0359375
1 0.1203125 0.5046875 0.0125 0.0328125
1 0.1109375 0.5125 0.0171875 0.0328125
1 0.1 0.509375 0.0109375 0.0265625
1 0.0875 0.534375 0.034375 0.0734375
