1 0.846875 0.58125 0.125 0.3375
1 0.7671875 0.615625 0.08125 0.278125
1 0.6765625 0.6078125 0.0875 0.275
1 0.628125 0.5703125 0.0609375 0.1671875
1 0.603125 0.5578125 0.059375 0.16875
1 0.6140625 0.5265625 0.0375 0.1234375
1 0.578125 0.525 0.03125 0.1171875
1 0.559375 0.5453125 0.046875 0.1671875
1 0.5375 0.5578125 0.05 0.1671875
1 0.515625 0.528125 0.0296875 0.1125
1 0.475 0.5953125 0.1125 0.2921875
1 0.3703125 0.615625 0.1265625 0.259375
1 0.3890625 0.54375 0.0703125 0.1421875
1 0.3953125 0.5328125 0.0375 0.1234375
1 0.2625 0.53125 0.0625 0.1375
1 0.3203125 0.5171875 0.03125 0.09375
1 0.309375 0.5109375 0.025 0.078125
1 0.325 0.5171875 0.0265625 0.078125
1 0.215625 0.5234375 0.0265625 0.078125
1 0.2296875 0.5140625 0.0234375 0.078125
1 0.175 0.509375 0.025 0.0703125
1 0.134375 0.509375 0.0203125 0.071875
1 0.1421875 0.5046875 0.025 0.0703125
1 0.165625 0.5078125 0.0171875 0.0625
1 0.646875 0.5390625 0.0359375 0.115625
1 0.7171875 0.525 0.028125 0.0828125
1 0.7390625 0.515625 0.025 0.071875
1 0.6890625 0.5140625 0.0265625 0.078125
1 0.659375 0.5078125 0.0234375 0.0625
1 0.8921875 0.571875 0.0703125 0.134375
1 0.9 0.56875 0.06875 0.134375
