1 0.2625 0.540625 0.321875 0.2765625
0 0.2375 0.446875 0.0875 0.0890625
1 0.3421875 0.51875 0.3390625 0.31875
0 0.3015625 0.409375 0.0625 0.0734375
1 0.4328125 0.49375 0.1125 0.3546875
0 0.425 0.34375 0.0359375 0.0421875
1 0.740625 0.5515625 0.3359375 0.25625
0 0.73125 0.434375 0.0671875 0.0859375
1 0.640625 0.534375 0.23125 0.2890625
0 0.6640625 0.4515625 0.0546875 0.053125
1 0.6015625 0.525 0.24375 0.30625
0 0.65 0.40625 0.0578125 0.0640625
1 0.5375 0.4984375 0.109375 0.3609375
0 0.559375 0.34375 0.0375 0.05