1 0.3328125 0.659375 0.2375 0.340625
0 0.3484375 0.5375 0.05625 0.0734375
1 0.3578125 0.6125 0.259375 0.3828125
0 0.3859375 0.4796875 0.0546875 0.065625
1 0.503125 0.6296875 0.24375 0.2609375
0 0.4828125 0.5546875 0.0546875 0.0671875
1 0.50625 0.5921875 0.253125 0.4265625
0 0.4890625 0.4234375 0.0546875 0.071875
1 0.5875 0.44375 0.18125 0.375
0 0.590625 0.3203125 0.0546875 0.075
1 0.6625 0.63125 0.2125 0.3515625
0 0.646875 0.5046875 0.05625 0.08125
1 0.771875 0.5953125 0.2328125 0.4125
0 0.753125 0.4453125 0.0640625 0.078125
1 0.83125 0.5484375 0.2546875 0.434375
0 0.846875 0.3859375 0.0671875 0.0640625
1 0.8625 0.475 0.2015625 0.4671875
0 0.865625 0.2890625 0.05 0.065625