1 0.1921875 0.6796875 0.38125 0.3625
0 0.1109375 0.453125 0.2046875 0.25625
1 0.8125 0.6796875 0.36875 0.3625
0 0.8703125 0.4671875 0.2046875 0.2734375
1 0.559375 0.621875 0.4171875 0.48125
0 0.56875 0.3046875 0.128125 0.1671875
1 0.4421875 0.6796875 0.8796875 0.3625
0 0.278125 0.384375 0.334375 0.384375
1 0.6578125 0.6796875 0.5234375 0.3625
0 0.7359375 0.4046875 0.3359375 0.325
1 0.8125 0.6328125 0.3671875 0.459375
0 0.815625 0.284375 0.1796875 0.2109375
1 0.16875 0.6375 0.3328125 0.446875
0 0.1015625 0.3609375 0.14375 0.190625