1 0.083333 0.480556 0.023958 0.044444
1 0.018750 0.499074 0.029167 0.048148
1 0.047135 0.479630 0.036979 0.062963
1 0.117448 0.567130 0.018229 0.043519
1 0.173958 0.490278 0.023958 0.036111
1 0.206771 0.482407 0.014583 0.031481
1 0.199219 0.481944 0.021354 0.034259
1 0.180729 0.504167 0.015625 0.030556
1 0.282292 0.464815 0.027083 0.048148
1 0.311198 0.489352 0.023438 0.043519
1 0.381771 0.437500 0.028125 0.052778
1 0.416667 0.457407 0.022917 0.044444
1 0.484635 0.445833 0.020313 0.043519
1 0.503906 0.452778 0.022396 0.042593
1 0.536198 0.390278 0.039062 0.076852
1 0.527083 0.468981 0.029167 0.056481
1 0.631510 0.457407 0.024479 0.038889
1 0.667188 0.431481 0.017708 0.037037
1 0.664844 0.433333 0.030729 0.055556
1 0.673438 0.427315 0.021875 0.039815
1 0.759896 0.399074 0.029167 0.066667
1 0.831771 0.439815 0.022917 0.035185
1 0.863281 0.454630 0.019271 0.038889
1 0.867708 0.424074 0.025000 0.048148
1 0.892708 0.399074 0.029167 0.057407
1 0.963281 0.394444 0.034896 0.062963
