1 0.203125 0.53125 0.1453125 0.4171875
1 0.284375 0.509375 0.11875 0.3359375
1 0.340625 0.5390625 0.140625 0.4125
1 0.4328125 0.5328125 0.1296875 0.4140625
1 0.553125 0.509375 0.1703125 0.4140625
1 0.6296875 0.4828125 0.109375 0.31875
1 0.65 0.4609375 0.1203125 0.3015625
1 0.7265625 0.5 0.1484375 0.3703125
1 0.8375 0.55 0.23125 0.48125
1 0.2390625 0.6453125 0.20625 0.36875
1 0.4 0.634375 0.159375 0.3921875
1 0.5515625 0.6359375 0.23125 0.3859375
1 0.65 0.640625 0.1796875 0.35625
1 0.8046875 0.6359375 0.2046875 0.3765625
1 0.10625 0.64375 0.096875 0.2234375
