1 0.084375 0.2609375 0.0515625 0.0828125
1 0.0359375 0.3046875 0.0515625 0.1609375
1 0.0859375 0.3234375 0.0578125 0.140625
1 0.134375 0.328125 0.0546875 0.1421875
1 0.1359375 0.2625 0.046875 0.0859375
1 0.1796875 0.265625 0.0546875 0.090625
1 0.234375 0.259375 0.046875 0.078125
1 0.203125 0.421875 0.0546875 0.1671875
1 0.2640625 0.4140625 0.0546875 0.171875
1 0.296875 0.446875 0.0546875 0.1640625
1 0.3953125 0.421875 0.1125 0.1609375
1 0.4 0.4171875 0.05625 0.153125
1 0.475 0.4234375 0.0640625 0.15625
1 0.534375 0.425 0.059375 0.153125
1 0.4796875 0.321875 0.059375 0.1609375
1 0.534375 0.29375 0.0546875 0.128125
1 0.5421875 0.3265625 0.075 0.165625
1 0.6140625 0.33125 0.0625 0.1640625
1 0.6890625 0.2953125 0.0640625 0.15
1 0.709375 0.3265625 0.046875 0.1375
1 0.75 0.296875 0.0515625 0.15
1 0.7796875 0.325 0.071875 0.1609375
1 0.8328125 0.3046875 0.059375 0.1703125
1 0.84375 0.3265625 0.046875 0.15
1 0.8921875 0.3171875 0.0578125 0.1828125
1 0.9546875 0.3203125 0.05625 0.1640625
1 0.9375 0.2796875 0.0578125 0.11875
1 0.2421875 0.603125 0.225 0.309375
1 0.234375 0.546875 0.13125 0.3953125
1 0.2265625 0.63125 0.15625 0.2546875
1 0.390625 0.565625 0.1140625 0.3671875
1 0.340625 0.640625 0.0796875 0.23125
1 0.3984375 0.6 0.09375 0.3125
1 0.4046875 0.6328125 0.0796875 0.24375
1 0.44375 0.6328125 0.084375 0.246875
1 0.4609375 0.603125 0.09375 0.29375
1 0.503125 0.596875 0.0796875 0.3078125
1 0.521875 0.6375 0.0890625 0.234375
1 0.5265625 0.6140625 0.1015625 0.2796875
1 0.5640625 0.6015625 0.0796875 0.3046875
1 0.603125 0.6125 0.096875 0.28125
1 0.6015625 0.6390625 0.0859375 0.23125
1 0.6546875 0.640625 0.071875 0.23125
1 0.6265625 0.578125 0.1265625 0.3515625
1 0.690625 0.609375 0.1171875 0.29375
1 0.734375 0.5609375 0.0765625 0.2421875
1 0.3171875 0.596875 0.0875 0.2859375
