1 0.00625 0.5921875 0.0125 0.0578125
1 0.0421875 0.5921875 0.0453125 0.1578125
1 0.0671875 0.5859375 0.0484375 0.1625
1 0.0703125 0.5921875 0.0640625 0.1890625
1 0.1359375 0.66875 0.1046875 0.30625
1 0.1375 0.6234375 0.0703125 0.265625
1 0.228125 0.6296875 0.1015625 0.2546875
1 0.1640625 0.590625 0.05 0.1640625
1 0.19375 0.596875 0.0515625 0.1859375
1 0.2546875 0.5953125 0.0453125 0.146875
1 0.2734375 0.59375 0.04375 0.153125
1 0.30625 0.59375 0.0359375 0.1359375
1 0.31875 0.6796875 0.1234375 0.2921875
1 0.375 0.5859375 0.0296875 0.140625
1 0.428125 0.5953125 0.0796875 0.228125
1 0.45625 0.6234375 0.0640625 0.1875
1 0.4953125 0.603125 0.0640625 0.221875
1 0.509375 0.5875 0.0484375 0.1390625
1 0.528125 0.5828125 0.0375 0.1328125
1 0.559375 0.6015625 0.053125 0.234375
1 0.6 0.6484375 0.0875 0.2734375
1 0.7171875 0.584375 0.05 0.13125
1 0.7796875 0.596875 0.0984375 0.240625
1 0.9046875 0.675 0.1546875 0.309375
1 0.8171875 0.578125 0.0109375 0.0453125
1 0.9484375 0.5765625 0.015625 0.0390625
