1 0.7640625 0.596875 0.4078125 0.3625
0 0.7421875 0.359375 0.109375 0.15
1 0.6484375 0.625 0.353125 0.30625
0 0.58125 0.45625 0.071875 0.071875
1 0.3234375 0.496875 0.2265625 0.5515625
0 0.3984375 0.34375 0.0640625 0.0625
1 0.20625 0.53125 0.1890625 0.49375
0 0.2046875 0.3953125 0.0546875 0.0578125
1 0.4203125 0.3578125 0.1640625 0.2734375
0 0.4046875 0.2359375 0.040625 0.03125
1 0.290625 0.3640625 0.15625 0.2875
0 0.2703125 0.2421875 0.046875 0.0421875
1 0.20625 0.3703125 0.1765625 0.2984375
0 0.1921875 0.2484375 0.0515625 0.0546875
1 0.1171875 0.3796875 0.14375 0.3078125
0 0.078125 0.25625 0.04375 0.0609375
1 0.0625 0.403125 0.1234375 0.3125
0 0.0390625 0.2828125 0.0390625 0.0546875
1 0.9125 0.50625 0.1015625 0.15625
0 0.909375 0.4578125 0.0296875 0.034375
1 0.9703125 0.5109375 0.0546875 0.15
0 0.9765625 0.459375 0.03125 0.040625
1 0.871875 0.428125 0.0796875 0.128125
0 0.8734375 0.3828125 0.0234375 0.03125