1 0.1390625 0.565625 0.1890625 0.5515625
0 0.1375 0.3359375 0.0765625 0.0859375
1 0.3546875 0.659375 0.1296875 0.2
0 0.3796875 0.584375 0.0328125 0.0421875
1 0.45 0.61875 0.14375 0.4546875
0 0.434375 0.4390625 0.075 0.0875
1 0.434375 0.53125 0.14375 0.5890625
0 0.421875 0.284375 0.0828125 0.09375
1 0.4578125 0.4578125 0.153125 0.440625
0 0.4578125 0.2703125 0.05625 0.0625
1 0.553125 0.528125 0.153125 0.5625
0 0.5234375 0.2953125 0.0625 0.0828125
1 0.603125 0.5359375 0.15 0.58125
0 0.5859375 0.29375 0.078125 0.0859375
1 0.684375 0.559375 0.1890625 0.5890625
0 0.725 0.31875 0.05625 0.0640625
1 0.725 0.5265625 0.1625 0.490625
0 0.7171875 0.3171875 0.0640625 0.065625
1 0.8265625 0.5984375 0.125 0.53125
0 0.8375 0.3984375 0.0828125 0.0875
1 0.9265625 0.5046875 0.140625 0.525
0 0.915625 0.28125 0.05625 0.0671875
1 0.925 0.53125 0.1453125 0.6640625
0 0.9578125 0.265625 0.0796875 0.1265625