1 0.8921875 0.653125 0.2109375 0.353125
0 0.8875 0.48125 0.1234375 0.1296875
1 0.7203125 0.6640625 0.29375 0.33125
0 0.7 0.528125 0.115625 0.1515625
1 0.4875 0.6640625 0.2578125 0.33125
0 0.4890625 0.5359375 0.1203125 0.1515625
1 0.2828125 0.6640625 0.2875 0.33125
0 0.284375 0.5375 0.1390625 0.1671875
1 0.1234375 0.5578125 0.2453125 0.54375
0 0.096875 0.2625 0.0984375 0.11875
1 0.2984375 0.54375 0.2578125 0.571875
0 0.303125 0.284375 0.0859375 0.1078125
1 0.4984375 0.5359375 0.2421875 0.5875
0 0.49375 0.253125 0.0890625 0.109375
1 0.6984375 0.5328125 0.2234375 0.59375
0 0.6734375 0.25 0.0890625 0.115625