1 0.11875 0.6 0.16875 0.359375
0 0.09375 0.4578125 0.046875 0.059375
1 0.16875 0.6234375 0.134375 0.3125
0 0.175 0.503125 0.04375 0.0578125
1 0.346875 0.66875 0.2234375 0.221875
0 0.33125 0.5859375 0.0359375 0.05
1 0.3640625 0.578125 0.096875 0.2765625
0 0.3625 0.4671875 0.034375 0.04375
1 0.471875 0.6109375 0.146875 0.275
0 0.453125 0.503125 0.0421875 0.053125
1 0.5640625 0.6234375 0.11875 0.3125
0 0.546875 0.5 0.0359375 0.0453125
1 0.6703125 0.6265625 0.0984375 0.3046875
0 0.6765625 0.5 0.0375 0.0453125
1 0.7375 0.6390625 0.090625 0.28125
0 0.7375 0.5203125 0.034375 0.04375
1 0.8015625 0.6421875 0.121875 0.2515625
0 0.81875 0.5421875 0.034375 0.0421875
1 0.8765625 0.621875 0.084375 0.2984375
0 0.865625 0.4953125 0.0359375 0.040625