1 0.0921875 0.4609375 0.1203125 0.3203125
1 0.1734375 0.475 0.1234375 0.315625
1 0.228125 0.4875 0.1125 0.303125
1 0.2953125 0.5046875 0.1015625 0.3203125
1 0.3828125 0.5140625 0.1078125 0.3375
1 0.4578125 0.5390625 0.1390625 0.4078125
1 0.5453125 0.56875 0.153125 0.4234375
1 0.634375 0.5828125 0.125 0.425
1 0.7328125 0.584375 0.125 0.425
1 0.29375 0.4515625 0.09375 0.309375
1 0.3375 0.4171875 0.103125 0.290625
1 0.3921875 0.4640625 0.1 0.3234375
1 0.453125 0.434375 0.096875 0.3015625
1 0.5125 0.465625 0.1046875 0.325
1 0.5953125 0.4625 0.1 0.3109375
1 0.69375 0.453125 0.1 0.30625
1 0.709375 0.51875 0.1078125 0.3578125
1 0.7859375 0.559375 0.125 0.475
1 0.875 0.534375 0.1890625 0.525
