1 0.153125 0.5234375 0.2578125 0.509375
0 0.15625 0.303125 0.09375 0.096875
1 0.203125 0.53125 0.328125 0.4921875
0 0.271875 0.3296875 0.0671875 0.0859375
1 0.2546875 0.5390625 0.3625 0.4765625
0 0.33125 0.3515625 0.065625 0.0859375
1 0.4515625 0.5421875 0.3234375 0.4703125
0 0.421875 0.3515625 0.0671875 0.0859375
1 0.4921875 0.565625 0.30625 0.4234375
0 0.5234375 0.403125 0.0640625 0.0859375
1 0.8546875 0.525 0.253125 0.50625
0 0.8359375 0.3234375 0.0734375 0.09375
1 0.78125 0.5234375 0.396875 0.4734375
0 0.7109375 0.328125 0.0625 0.0765625
1 0.5984375 0.534375 0.228125 0.421875
0 0.6125 0.36875 0.059375 0.06875
1 0.4609375 0.503125 0.1796875 0.3734375
0 0.478125 0.359375 0.05625 0.06875