1 0.0328125 0.790625 0.0640625 0.0796875
1 0.06875 0.7703125 0.0828125 0.11875
1 0.0125 0.7875 0.021875 0.0828125
1 0.2109375 0.7875 0.05625 0.0859375
1 0.2546875 0.784375 0.0828125 0.090625
1 0.325 0.7828125 0.071875 0.09375
1 0.275 0.78125 0.0546875 0.096875
1 0.296875 0.76875 0.075 0.121875
1 0.4125 0.7484375 0.0515625 0.1625
1 0.4765625 0.7640625 0.0625 0.13125
1 0.46875 0.7515625 0.05625 0.15
1 0.41875 0.690625 0.05625 0.1515625
1 0.45 0.6265625 0.0484375 0.1453125
1 0.378125 0.590625 0.0484375 0.1328125
1 0.115625 0.6640625 0.0578125 0.15
1 0.171875 0.6625 0.0421875 0.1328125
1 0.19375 0.63125 0.0484375 0.1453125
1 0.2 0.6234375 0.053125 0.125
1 0.2828125 0.653125 0.0625 0.1390625
1 0.2546875 0.6109375 0.0453125 0.1234375
1 0.296875 0.6015625 0.04375 0.125
1 0.3140625 0.6140625 0.0421875 0.13125
1 0.2703125 0.58125 0.0390625 0.1140625
1 0.234375 0.55625 0.0421875 0.115625
1 0.2109375 0.54375 0.03125 0.1328125
1 0.2578125 0.540625 0.0546875 0.134375
1 0.2296875 0.51875 0.034375 0.1046875
1 0.2890625 0.5125 0.0453125 0.11875
1 0.2125 0.475 0.025 0.0734375
1 0.2546875 0.4984375 0.05 0.1078125
1 0.23125 0.4484375 0.0296875 0.103125
1 0.26875 0.4515625 0.0328125 0.0953125
1 0.296875 0.4359375 0.0328125 0.0921875
1 0.3328125 0.43125 0.0296875 0.08125
1 0.346875 0.5171875 0.025 0.09375
1 0.365625 0.5125 0.034375 0.1046875
1 0.3453125 0.4890625 0.03125 0.1046875
1 0.353125 0.4703125 0.0328125 0.10625
1 0.384375 0.428125 0.0296875 0.0875
1 0.3625 0.41875 0.03125 0.0828125
1 0.3453125 0.409375 0.025 0.0765625
1 0.3859375 0.39375 0.0296875 0.06875
1 0.6203125 0.75 0.053125 0.1234375
1 0.61875 0.775 0.053125 0.1109375
1 0.6546875 0.7703125 0.0609375 0.11875
1 0.675 0.79375 0.0484375 0.071875
1 0.6953125 0.7546875 0.071875 0.1171875
1 0.8109375 0.78125 0.0609375 0.0984375
1 0.878125 0.7796875 0.065625 0.1
1 0.959375 0.7828125 0.078125 0.0953125
1 0.9375 0.7359375 0.06875 0.1609375
1 0.840625 0.7484375 0.065625 0.159375
1 0.8703125 0.71875 0.05625 0.16875
1 0.90625 0.71875 0.059375 0.15
1 0.896875 0.6859375 0.0625 0.15
1 0.9484375 0.68125 0.0671875 0.15625
1 0.8265625 0.6625 0.071875 0.1484375
1 0.7953125 0.6125 0.04375 0.1421875
1 0.7640625 0.64375 0.0515625 0.1359375
1 0.725 0.6390625 0.0515625 0.11875
1 0.765625 0.609375 0.0421875 0.134375
1 0.7140625 0.5421875 0.0515625 0.1203125
1 0.7578125 0.54375 0.034375 0.103125
1 0.7984375 0.5359375 0.0546875 0.1109375
1 0.796875 0.51875 0.0421875 0.1125
1 0.6421875 0.6515625 0.0421875 0.125
1 0.615625 0.6546875 0.05625 0.13125
1 0.5765625 0.65625 0.05625 0.1453125
1 0.5703125 0.609375 0.046875 0.134375
1 0.6140625 0.60625 0.034375 0.1140625
1 0.63125 0.6171875 0.0359375 0.121875
1 0.621875 0.5296875 0.03125 0.1109375
1 0.5953125 0.525 0.0421875 0.1109375
1 0.603125 0.4984375 0.0421875 0.09375
1 0.59375 0.46875 0.028125 0.0953125
1 0.6046875 0.453125 0.0296875 0.0984375
1 0.675 0.515625 0.03125 0.10625
1 0.7 0.5203125 0.0296875 0.1109375
1 0.7390625 0.44375 0.0265625 0.090625
1 0.759375 0.44375 0.03125 0.084375
1 0.7765625 0.4765625 0.0375 0.09375
1 0.809375 0.4734375 0.0296875 0.090625
1 0.78125 0.440625 0.0265625 0.0796875
1 0.7890625 0.45 0.0359375 0.0875
1 0.6953125 0.4171875 0.0296875 0.0859375
1 0.653125 0.4421875 0.034375 0.0875
1 0.7125 0.3921875 0.021875 0.0765625
1 0.6984375 0.3875 0.0296875 0.090625
1 0.75 0.4 0.028125 0.0765625
1 0.7765625 0.4046875 0.028125 0.075
1 0.65 0.4140625 0.03125 0.0796875
1 0.64375 0.353125 0.0171875 0.065625
1 0.70625 0.340625 0.0265625 0.0625
1 0.70625 0.334375 0.021875 0.065625
1 0.671875 0.3046875 0.028125 0.0640625
1 0.671875 0.2984375 0.01875 0.05625
1 0.6484375 0.3015625 0.025 0.0625
1 0.6640625 0.28125 0.01875 0.0546875
1 0.075 0.4671875 0.028125 0.08125
1 0.140625 0.60625 0.034375 0.1
1 0.3140625 0.23125 0.015625 0.0375
