1 0.7140625 0.1515625 0.0265625 0.053125
0 0.7203125 0.1265625 0.00625 0.0015625
1 0.678125 0.1515625 0.028125 0.053125
0 0.6828125 0.1265625 0.00625 0.003125
1 0.653125 0.1515625 0.021875 0.0515625
0 0.6578125 0.1265625 0.00625 0.0015625
1 0.78125 0.5375 0.290625 0.6703125
0 0.8265625 0.2765625 0.1296875 0.165625
1 0.6859375 0.5046875 0.190625 0.5359375
0 0.6828125 0.303125 0.0828125 0.1140625
1 0.525 0.5453125 0.2890625 0.6546875
0 0.5546875 0.29375 0.1203125 0.165625
1 0.4015625 0.553125 0.2078125 0.640625
0 0.3984375 0.3078125 0.1046875 0.1453125
1 0.3078125 0.5625 0.2015625 0.6203125
0 0.3 0.34375 0.1296875 0.15625
1 0.1609375 0.6859375 0.321875 0.3734375
0 0.1453125 0.478125 0.2515625 0.33125