1 0.8578125 0.50625 0.134375 0.4078125
1 0.9578125 0.5609375 0.078125 0.4046875
1 0.79375 0.6234375 0.1796875 0.45
1 0.79375 0.6078125 0.4078125 0.48125
1 0.8109375 0.640625 0.3734375 0.415625
1 0.671875 0.5609375 0.153125 0.3703125
1 0.484375 0.384375 0.1265625 0.2578125
1 0.61875 0.5921875 0.265625 0.5125
1 0.4984375 0.5375 0.1765625 0.434375
1 0.46875 0.6234375 0.234375 0.4515625
1 0.3609375 0.575 0.2125 0.5484375
1 0.1859375 0.6203125 0.296875 0.4578125
1 0.171875 0.590625 0.2296875 0.515625
1 0.0640625 0.5484375 0.125 0.38125
1 0.1546875 0.6734375 0.30625 0.35
1 0.209375 0.6609375 0.4140625 0.375
