1 0.9265625 0.5875 0.0125 0.028125
1 0.8703125 0.6046875 0.034375 0.0984375
1 0.846875 0.609375 0.028125 0.075
1 0.8375 0.5875 0.0203125 0.0484375
1 0.8171875 0.5890625 0.025 0.0484375
1 0.8078125 0.590625 0.01875 0.0515625
1 0.7953125 0.590625 0.01875 0.05
1 0.753125 0.5859375 0.0125 0.05
1 0.7421875 0.584375 0.01875 0.053125
1 0.7796875 0.7046875 0.1171875 0.2859375
1 0.7375 0.653125 0.0671875 0.18125
1 0.70625 0.61875 0.046875 0.1328125
1 0.6796875 0.6875 0.0796875 0.240625
1 0.65625 0.603125 0.028125 0.0875
1 0.6421875 0.615625 0.04375 0.1125
1 0.6296875 0.66875 0.0828125 0.1890625
1 0.5953125 0.646875 0.0609375 0.178125
1 0.571875 0.6578125 0.0640625 0.1984375
1 0.575 0.684375 0.0828125 0.2375
1 0.5453125 0.6390625 0.0390625 0.1484375
1 0.5109375 0.68125 0.071875 0.2578125
1 0.46875 0.6828125 0.0671875 0.228125
1 0.4703125 0.615625 0.0484375 0.146875
1 0.43125 0.615625 0.065625 0.15
1 0.3984375 0.6765625 0.06875 0.2015625
1 0.4 0.6046875 0.0484375 0.1421875
1 0.3984375 0.6171875 0.0453125 0.1203125
1 0.340625 0.621875 0.1015625 0.1625
1 0.359375 0.615625 0.046875 0.1265625
1 0.334375 0.6625 0.06875 0.2234375
1 0.353125 0.690625 0.06875 0.2453125
1 0.303125 0.70625 0.090625 0.296875
1 0.29375 0.6359375 0.0609375 0.1703125
1 0.265625 0.68125 0.075 0.225
1 0.225 0.6390625 0.059375 0.1875
1 0.2078125 0.7375 0.11875 0.38125
1 0.1140625 0.725 0.11875 0.3328125
1 0.103125 0.659375 0.08125 0.2375
1 0.06875 0.7578125 0.1359375 0.3765625
