1 0.025982 0.393525 0.017321 0.011511
1 0.042148 0.390288 0.015012 0.009353
1 0.080254 0.386331 0.012702 0.007194
1 0.421478 0.373381 0.016166 0.025899
1 0.514434 0.365108 0.005774 0.003597
1 0.029446 0.639209 0.058891 0.039568
1 0.081986 0.625180 0.030023 0.020144
1 0.133372 0.662590 0.063510 0.040288
1 0.180716 0.652158 0.042725 0.028058
1 0.225751 0.682734 0.054273 0.034532
1 0.278868 0.640647 0.042725 0.029496
1 0.363741 0.650360 0.046189 0.028777
1 0.329099 0.592806 0.039261 0.027338
1 0.428984 0.676259 0.040416 0.030216
1 0.491339 0.659353 0.049654 0.032374
1 0.610277 0.628777 0.049654 0.034532
1 0.622402 0.626619 0.025404 0.020144
1 0.741339 0.667266 0.046189 0.035252
1 0.719977 0.661871 0.049654 0.033094
1 0.835450 0.637770 0.047344 0.038129
1 0.897806 0.633094 0.042725 0.028777
1 0.916859 0.611511 0.041570 0.027338
