1 0.0140625 0.6015625 0.025 0.0953125
1 0.2234375 0.5703125 0.021875 0.06875
1 0.2375 0.5703125 0.0265625 0.06875
1 0.284375 0.546875 0.0140625 0.05625
1 0.30625 0.55 0.01875 0.053125
1 0.3234375 0.5484375 0.021875 0.0578125
1 0.3640625 0.534375 0.0125 0.0390625
1 0.4125 0.528125 0.0140625 0.034375
1 0.41875 0.528125 0.009375 0.0296875
1 0.4390625 0.5234375 0.009375 0.0203125
1 0.4484375 0.5265625 0.0125 0.03125
1 0.4609375 0.5234375 0.0140625 0.0375
1 0.4703125 0.509375 0.009375 0.0265625
1 0.496875 0.521875 0.0109375 0.021875
1 0.53125 0.5265625 0.0140625 0.034375
1 0.5171875 0.540625 0.0171875 0.0421875
1 0.5640625 0.534375 0.0171875 0.0375
1 0.671875 0.55 0.021875 0.0390625
1 0.671875 0.5546875 0.01875 0.05
1 0.6953125 0.55625 0.021875 0.0421875
1 0.7328125 0.5640625 0.01875 0.05625
1 0.696875 0.58125 0.0296875 0.071875
1 0.7609375 0.5984375 0.0359375 0.090625
1 0.8015625 0.60625 0.0453125 0.1125
1 0.8078125 0.6453125 0.0671875 0.128125
1 0.5578125 0.575 0.025 0.071875
1 0.58125 0.578125 0.0265625 0.0609375
1 0.5578125 0.6390625 0.0390625 0.1125
1 0.29375 0.634375 0.0390625 0.1140625
1 0.3015625 0.653125 0.0390625 0.134375
