1 0.113198 0.757433 0.226396 0.485134
1 0.020695 0.291871 0.039062 0.104253
1 0.162650 0.310689 0.037068 0.091457
1 0.201878 0.252917 0.023438 0.057207
1 0.345163 0.244637 0.059342 0.162589
1 0.320063 0.180843 0.051695 0.179526
1 0.395030 0.266466 0.049368 0.115167
1 0.512134 0.186489 0.061835 0.175762
1 0.550532 0.273429 0.042886 0.126082
1 0.645196 0.302597 0.061004 0.173880
1 0.656084 0.240497 0.045878 0.115920
1 0.788231 0.421152 0.052527 0.147535
1 0.863697 0.278510 0.061170 0.149040
1 0.943152 0.299398 0.066489 0.195333
1 0.787566 0.328378 0.050199 0.130598
1 0.758228 0.284908 0.040725 0.107640
1 0.985123 0.272864 0.026762 0.080542
