1 0.06875 0.7015625 0.1328125 0.25625
1 0.2515625 0.6734375 0.1921875 0.3140625
1 0.325 0.696875 0.1046875 0.265625
1 0.3609375 0.7046875 0.0421875 0.1984375
1 0.384375 0.69375 0.046875 0.1921875
1 0.40625 0.7125 0.096875 0.2328125
1 0.41875 0.6953125 0.0515625 0.2015625
1 0.471875 0.7078125 0.075 0.24375
1 0.521875 0.71875 0.084375 0.221875
1 0.5546875 0.709375 0.0796875 0.240625
1 0.6234375 0.7109375 0.1265625 0.2375
1 0.584375 0.653125 0.025 0.0765625
1 0.671875 0.63125 0.0171875 0.0625
1 0.684375 0.6359375 0.0203125 0.0625
1 0.70625 0.715625 0.1328125 0.228125
1 0.75625 0.6734375 0.0546875 0.146875
1 0.815625 0.7015625 0.0796875 0.2546875
