1 0.984375 0.778125 0.028125 0.10625
1 0.93125 0.7796875 0.03125 0.053125
1 0.909375 0.78125 0.0203125 0.046875
1 0.8703125 0.76875 0.0140625 0.0328125
1 0.8671875 0.7703125 0.0140625 0.03125
1 0.809375 0.765625 0.00625 0.0140625
1 0.7609375 0.7984375 0.0671875 0.15
1 0.6578125 0.7796875 0.0328125 0.0859375
1 0.61875 0.7875 0.040625 0.103125
1 0.6 0.8234375 0.0375 0.1
1 0.5640625 0.803125 0.0234375 0.078125
1 0.553125 0.8125 0.0421875 0.1203125
1 0.521875 0.8078125 0.0375 0.1171875
1 0.50625 0.7953125 0.0265625 0.096875
1 0.4953125 0.8109375 0.03125 0.09375
1 0.484375 0.7734375 0.0109375 0.0265625
1 0.475 0.771875 0.0078125 0.0234375
1 0.45625 0.8046875 0.034375 0.1125
1 0.4234375 0.8 0.053125 0.146875
1 0.3859375 0.828125 0.0515625 0.090625
1 0.36875 0.809375 0.046875 0.1265625
1 0.3296875 0.8171875 0.0296875 0.1109375
1 0.303125 0.7921875 0.03125 0.0890625
1 0.2859375 0.79375 0.0296875 0.084375
1 0.2921875 0.796875 0.0296875 0.09375
1 0.146875 0.784375 0.0140625 0.040625
1 0.0984375 0.7859375 0.015625 0.0421875
1 0.10625 0.784375 0.01875 0.046875
1 0.0734375 0.7859375 0.0140625 0.0265625
1 0.0609375 0.7859375 0.0109375 0.0265625
1 0.0453125 0.7875 0.0171875 0.0390625
1 0.0390625 0.7859375 0.0109375 0.028125
1 0.0265625 0.7875 0.0125 0.0265625
1 0.0140625 0.7859375 0.0125 0.0296875
1 0.00625 0.7875 0.0109375 0.0328125
1 0.1140625 0.7859375 0.015625 0.0390625
1 0.6515625 0.8140625 0.059375 0.1171875
