1 0.099655 0.389106 0.027034 0.058134
1 0.157567 0.392770 0.026239 0.056668
1 0.203949 0.423058 0.023589 0.059599
1 0.248874 0.428432 0.023324 0.055691
1 0.284389 0.398144 0.024384 0.056668
1 0.330639 0.395213 0.024119 0.060576
1 0.371853 0.389350 0.022794 0.055691
1 0.405248 0.403517 0.023324 0.052760
1 0.462364 0.393991 0.025179 0.057157
1 0.496952 0.393747 0.023854 0.055691
1 0.536178 0.406204 0.022794 0.049340
1 0.591969 0.390083 0.026769 0.059111
1 0.624172 0.380801 0.021733 0.058134
1 0.668699 0.414021 0.023324 0.055203
1 0.708190 0.413776 0.021733 0.048852
1 0.758548 0.411822 0.021203 0.055691
1 0.817387 0.433806 0.023854 0.052760
1 0.838457 0.414998 0.020938 0.049340
1 0.867347 0.407670 0.024649 0.056180
1 0.903260 0.381534 0.024914 0.051783
