1 0.2921875 0.603125 0.0703125 0.25625
1 0.109375 0.5921875 0.096875 0.26875
1 0.1921875 0.59375 0.090625 0.2515625
1 0.3765625 0.5734375 0.065625 0.2015625
1 0.44375 0.565625 0.0625 0.215625
1 0.58125 0.559375 0.053125 0.184375
1 0.7484375 0.578125 0.0671875 0.19375
1 0.709375 0.565625 0.0546875 0.190625
1 0.6359375 0.5578125 0.0546875 0.184375
1 0.665625 0.5578125 0.0453125 0.1765625
1 0.5359375 0.5703125 0.05 0.18125
1 0.5046875 0.5828125 0.0546875 0.175
1 0.246875 0.584375 0.0484375 0.2265625
1 0.321875 0.5828125 0.0515625 0.2078125
1 0.16875 0.58125 0.071875 0.24375
1 0.5875 0.546875 0.0546875 0.190625
1 0.4078125 0.5625 0.0515625 0.1859375
1 0.29375 0.5859375 0.0890625 0.2515625
1 0.7609375 0.5640625 0.065625 0.1703125
1 0.60625 0.521875 0.04375 0.1609375
