1 0.0796875 0.703125 0.1578125 0.253125
1 0.2078125 0.725 0.278125 0.2109375
1 0.2390625 0.7203125 0.2171875 0.2203125
1 0.2546875 0.6765625 0.30625 0.30625
1 0.5109375 0.696875 0.2171875 0.2640625
1 0.5515625 0.71875 0.2046875 0.221875
1 0.596875 0.5703125 0.209375 0.51875
1 0.7921875 0.690625 0.19375 0.2765625
1 0.965625 0.653125 0.0625 0.3546875
1 0.678125 0.5796875 0.1859375 0.5
1 0.8265625 0.5796875 0.23125 0.5015625
1 0.828125 0.5484375 0.278125 0.5640625
1 0 0.165625 0 0
1 0.84375 0.565625 0.1671875 0.434375
1 0.890625 0.4375 0.1390625 0.4265625
1 0.796875 0.4203125 0.140625 0.4265625
1 0.728125 0.375 0.10625 0.3125
1 0.565625 0.5328125 0.125 0.3875
1 0.6171875 0.45625 0.121875 0.35
1 0.6421875 0.321875 0.125 0.271875
1 0.4171875 0.55625 0.2265625 0.5484375
1 0.2484375 0.58125 0.1703125 0.4984375
1 0.19375 0.6015625 0.1546875 0.45625
1 0.0640625 0.596875 0.1234375 0.4671875
1 0.06484375 0.43359375 0.1296875 0.3828125
1 0.0625 0.3296875 0.1171875 0.325
1 0.175 0.4109375 0.0875 0.3359375
1 0.240625 0.4015625 0.1359375 0.359375
1 0.3109375 0.3453125 0.09375 0.35625
1 0.3390625 0.3765625 0.109375 0.353125
1 0.38125 0.4515625 0.1984375 0.4140625
1 0.4546875 0.5140625 0.2453125 0.5984375
1 0.5203125 0.34375 0.1421875 0.353125
1 0.896875 0.3734375 0.178125 0.4171875
1 0.940625 0.3421875 0.1125 0.35
1 0.1203125 0.4359375 0.109375 0.284375
1 0.20625 0.521875 0.2296875 0.484375
