1 0.185446 0.668750 0.025822 0.045833
1 0.300469 0.611458 0.016432 0.027083
1 0.321009 0.685417 0.012911 0.025000
1 0.338615 0.634375 0.019953 0.035417
1 0.320423 0.632292 0.016432 0.031250
1 0.421362 0.642708 0.011737 0.027083
1 0.458333 0.745833 0.022300 0.050000
1 0.517019 0.652083 0.022300 0.045833
1 0.696009 0.644792 0.032864 0.064583
1 0.866784 0.643750 0.034038 0.070833
1 0.487089 0.607292 0.014085 0.027083
1 0.631455 0.620833 0.004695 0.008333
1 0.643779 0.555208 0.008216 0.018750
1 0.680751 0.579167 0.014085 0.025000
1 0.656690 0.568750 0.008216 0.016667
1 0.622066 0.588542 0.021127 0.110417
1 0.665493 0.594792 0.007042 0.014583
1 0.681338 0.583333 0.012911 0.029167
1 0.700704 0.551042 0.009390 0.014583
1 0.713028 0.545833 0.008216 0.020833
1 0.732981 0.562500 0.010563 0.020833
1 0.758803 0.566667 0.008216 0.016667
1 0.794014 0.566667 0.015258 0.033333
1 0.826291 0.545833 0.009390 0.016667
1 0.829225 0.555208 0.008216 0.014583
1 0.869718 0.550000 0.009390 0.020833
1 0.890258 0.572917 0.005869 0.012500
1 0.910211 0.550000 0.008216 0.016667
1 0.928404 0.560417 0.011737 0.020833
1 0.948357 0.555208 0.009390 0.018750
1 0.767019 0.552083 0.005869 0.012500
