1 0.459375 0.3859375 0.040625 0.125
1 0.4984375 0.390625 0.0390625 0.1140625
1 0.5234375 0.3796875 0.03125 0.0953125
1 0.553125 0.3796875 0.0375 0.096875
1 0.559375 0.3734375 0.0265625 0.090625
1 0.584375 0.375 0.034375 0.096875
1 0.61875 0.3921875 0.0515625 0.1234375
1 0.71875 0.365625 0.01875 0.04375
1 0.7359375 0.3640625 0.021875 0.0453125
1 0.715625 0.3546875 0.0171875 0.0375
1 0.7765625 0.3890625 0.04375 0.096875
1 0.8359375 0.3796875 0.046875 0.1046875
1 0.8640625 0.375 0.0359375 0.10625
1 0.8703125 0.3921875 0.0390625 0.1109375
1 0.9 0.384375 0.0640625 0.1515625
1 0.921875 0.4140625 0.0734375 0.184375
1 0.95625 0.4015625 0.0625 0.165625
