1 0.7640625 0.4609375 0.15625 0.15625
1 0.5078125 0.4390625 0.1390625 0.1390625
1 0.309375 0.4625 0.2203125 0.3328125
1 0.190625 0.4328125 0.125 0.2390625
1 0.2609375 0.41875 0.0796875 0.2140625
1 0.4609375 0.40625 0.05625 0.0953125
1 0.4796875 0.41875 0.0390625 0.1359375
1 0.5703125 0.4171875 0.0296875 0.0859375
1 0.5953125 0.4171875 0.0546875 0.1296875
1 0.6375 0.415625 0.0421875 0.1375
1 0.665625 0.428125 0.03125 0.0921875
1 0.6890625 0.4265625 0.0484375 0.1265625
1 0.7203125 0.4375 0.0453125 0.1046875
1 0.7359375 0.4296875 0.0328125 0.1046875
1 0.7453125 0.459375 0.03125 0.078125
1 0.7796875 0.4375 0.0359375 0.1171875
1 0.859375 0.428125 0.0578125 0.1296875
1 0.890625 0.465625 0.040625 0.0984375
1 0.89375 0.421875 0.0328125 0.096875
1 0.0078125 0.40625 0.0140625 0.0984375
1 0.08125 0.4328125 0.0546875 0.1
1 0.09375 0.4328125 0.034375 0.0796875
1 0.090625 0.41875 0.0234375 0.0859375
1 0.1078125 0.4234375 0.028125 0.0734375
1 0.128125 0.4296875 0.025 0.0703125
1 0.121875 0.425 0.0203125 0.0765625
