1 0.046875 0.5125 0.0890625 0.5015625
0 0.0234375 0.303125 0.04375 0.06875
1 0.1796875 0.5171875 0.25625 0.615625
0 0.1921875 0.2625 0.078125 0.103125
1 0.240625 0.49375 0.1546875 0.4953125
0 0.2390625 0.2890625 0.040625 0.06875
1 0.3203125 0.525 0.0984375 0.384375
0 0.3171875 0.3671875 0.0359375 0.0578125
1 0.43125 0.5421875 0.190625 0.6359375
0 0.44375 0.28125 0.0703125 0.096875
1 0.475 0.50625 0.1421875 0.4828125
0 0.5046875 0.3078125 0.0515625 0.06875
1 0.571875 0.5125 0.1671875 0.5734375
0 0.5828125 0.2703125 0.0609375 0.0796875
1 0 0.1140625 0 0
0 0.7390625 0.19375 0.0734375 0.1015625