1 0.021875 0.3625 0.0421875 0.146875
1 0.0578125 0.36875 0.0578125 0.1453125
1 0.1609375 0.3671875 0.040625 0.1296875
1 0.278125 0.365625 0.065625 0.146875
1 0.3484375 0.3640625 0.040625 0.115625
1 0.5125 0.359375 0.0375 0.125
1 0.53125 0.36875 0.0296875 0.0875
1 0.671875 0.3625 0.0375 0.125
1 0.6953125 0.3640625 0.0453125 0.1296875
1 0.753125 0.3796875 0.040625 0.0953125
1 0.9 0.375 0.0328125 0.096875
1 0.9515625 0.371875 0.0609375 0.16875
1 0.9859375 0.3734375 0.021875 0.1421875
1 0.3625 0.3953125 0.140625 0.2359375
1 0.3734375 0.40625 0.271875 0.31875
1 0.5203125 0.40625 0.290625 0.384375
