1 0.3953125 0.665625 0.4171875 0.6625
1 0.609375 0.6796875 0.409375 0.6328125
1 0.7109375 0.61875 0.4640625 0.7546875
1 0.73125 0.6171875 0.46875 0.759375
1 0.621875 0.596875 0.21875 0.6890625
1 0.4421875 0.59375 0.171875 0.80625
1 0.3171875 0.578125 0.48125 0.8375
1 0.284375 0.5671875 0.4125 0.7671875
1 0.9390625 0.3203125 0.1140625 0.134375
1 0.9 0.3015625 0.0921875 0.1640625
1 0.7328125 0.2671875 0.0640625 0.221875
1 0.678125 0.2546875 0.08125 0.2140625
1 0.559375 0.209375 0.084375 0.0890625
1 0.54375 0.2015625 0.06875 0.084375
1 0.3 0.1875 0.0421875 0.1390625
1 0.171875 0.2 0.0796875 0.196875
1 0.23125 0.196875 0.04375 0.1765625
1 0.1453125 0.2015625 0.0921875 0.1890625
1 0.1796875 0.1875 0.0546875 0.1890625
1 0.24375 0.190625 0.071875 0.1765625
1 0.234375 0.184375 0.046875 0.171875
1 0.2609375 0.1875 0.0421875 0.1640625
1 0.1265625 0.1984375 0.0546875 0.184375
1 0.125 0.1859375 0.059375 0.1796875
