1 0.8890625 0.63125 0.1359375 0.396875
1 0.8 0.6390625 0.1078125 0.3796875
1 0.7109375 0.634375 0.121875 0.3875
1 0.6546875 0.6375 0.0890625 0.3796875
1 0.5671875 0.68125 0.1671875 0.2765625
1 0.5890625 0.634375 0.1 0.3875
1 0.509375 0.6421875 0.103125 0.3609375
1 0.4296875 0.6859375 0.134375 0.2765625
1 0.409375 0.6484375 0.1328125 0.35
1 0.29375 0.68125 0.1265625 0.2796875
1 0.3234375 0.6390625 0.1 0.321875
1 0.275 0.6265625 0.1140625 0.31875
1 0.19375 0.6875 0.1125 0.28125
1 0.1828125 0.628125 0.1046875 0.3171875
1 0.1015625 0.6875 0.1421875 0.2796875
1 0.0875 0.6234375 0.128125 0.34375
