1 0.0453125 0.5359375 0.0875 0.3234375
0 0.0125 0.4015625 0.021875 0.059375
1 0.1734375 0.4765625 0.1078125 0.29375
0 0.1734375 0.35 0.034375 0.034375
1 0.275 0.415625 0.15 0.4328125
0 0.26875 0.23125 0.040625 0.053125
1 0.2265625 0.5828125 0.190625 0.2609375
0 0.203125 0.49375 0.05 0.0640625
1 0.3375 0.528125 0.15 0.31875
0 0.3734375 0.4296875 0.05 0.05625
1 0.4265625 0.55 0.13125 0.278125
0 0.4296875 0.425 0.040625 0.0453125
1 0.4421875 0.4375 0.196875 0.434375
0 0.4546875 0.2546875 0.0453125 0.0609375
1 0.575 0.43125 0.1515625 0.4125
0 0.5875 0.259375 0.05 0.05625
1 0.715625 0.4484375 0.146875 0.4125
0 0.7140625 0.2796875 0.040625 0.05
1 0.9 0.45 0.1734375 0.4328125
0 0.8734375 0.265625 0.04375 0.05
1 0.846875 0.559375 0.1765625 0.25
0 0.846875 0.4703125 0.0484375 0.065625
1 0.575 0.5171875 0.578125 0.5765625
0 0.5140625 0.3203125 0.11875 0.13125