1 0.102347 0.524462 0.040417 0.082192
1 0.181226 0.546967 0.044329 0.084149
1 0.151239 0.475538 0.039113 0.070450
1 0.080834 0.444227 0.036506 0.070450
1 0.192308 0.420744 0.037810 0.070450
1 0.254237 0.437378 0.039113 0.072407
1 0.280313 0.484344 0.036506 0.072407
1 0.348761 0.446184 0.037810 0.078278
1 0.273142 0.693738 0.053455 0.068493
1 0.404172 0.467710 0.039113 0.078278
1 0.432203 0.590998 0.040417 0.082192
1 0.487614 0.459883 0.036506 0.070450
1 0.550847 0.528376 0.035202 0.078278
1 0.573012 0.470646 0.037810 0.072407
1 0.658409 0.690802 0.054759 0.086106
1 0.638853 0.605675 0.046936 0.080235
1 0.638201 0.453033 0.040417 0.072407
1 0.666884 0.545988 0.040417 0.070450
1 0.699478 0.606654 0.045632 0.093933
1 0.735984 0.546967 0.048240 0.095890
1 0.709257 0.475538 0.041721 0.082192
1 0.794654 0.474560 0.037810 0.072407
1 0.826597 0.511742 0.039113 0.080235
1 0.881356 0.487280 0.039113 0.074364
1 0.915906 0.527397 0.040417 0.064579
1 0.415906 0.230920 0.036506 0.070450
