1 0.45 0.6859375 0.05625 0.1375
0 0.440625 0.628125 0.01875 0.01875
1 0.75 0.7109375 0.08125 0.1875
0 0.7484375 0.63125 0.01875 0.01875
1 0.7703125 0.7015625 0.05 0.1484375
0 0.775 0.640625 0.0203125 0.0234375
1 0.8046875 0.7109375 0.06875 0.184375
0 0.8 0.6359375 0.021875 0.021875
1 0.8828125 0.6703125 0.06875 0.14375
0 0.871875 0.609375 0.015625 0.01875
1 0.934375 0.6640625 0.05625 0.1203125
0 0.9203125 0.615625 0.0171875 0.0203125
1 0.9484375 0.6484375 0.03125 0.0828125
0 0.95 0.6140625 0.009375 0.0109375
1 0.9875 0.665625 0.01875 0.096875
0 0.9921875 0.628125 0.009375 0.015625