1 0.1390625 0.453125 0.134375 0.3296875
0 0.1546875 0.3140625 0.0375 0.0484375
1 0.225 0.5046875 0.1328125 0.4171875
0 0.24375 0.3328125 0.0578125 0.0671875
1 0.3140625 0.4609375 0.10625 0.33125
0 0.3328125 0.321875 0.0359375 0.05
1 0.41875 0.4640625 0.184375 0.36875
0 0.4546875 0.3125 0.0375 0.0546875
1 0.4734375 0.546875 0.1390625 0.425
0 0.46875 0.371875 0.05 0.0578125
1 0.6140625 0.5 0.18125 0.43125
0 0.6234375 0.321875 0.0453125 0.06875
1 0.69375 0.56875 0.2109375 0.3828125
0 0.7171875 0.3671875 0.0953125 0.115625
1 0.8484375 0.5671875 0.203125 0.384375
0 0.871875 0.4125 0.0546875 0.0703125