1 0.0390625 0.5109375 0.0765625 0.2015625
1 0.4109375 0.4765625 0.03125 0.10625
1 0.434375 0.4796875 0.025 0.0875
1 0.45 0.4875 0.05 0.10625
1 0.4625 0.478125 0.028125 0.084375
1 0.50625 0.4921875 0.075 0.0796875
1 0.509375 0.478125 0.0265625 0.084375
1 0.525 0.4703125 0.0234375 0.1015625
1 0.546875 0.471875 0.034375 0.0953125
1 0.5859375 0.46875 0.0390625 0.0921875
1 0.6578125 0.4625 0.04375 0.0953125
1 0.6828125 0.465625 0.01875 0.0484375
1 0.6765625 0.4671875 0.0140625 0.0390625
1 0.6890625 0.4671875 0.0125 0.0421875
1 0.7078125 0.4640625 0.0125 0.0390625
1 0.71875 0.465625 0.0140625 0.0359375
1 0.815625 0.4546875 0.0359375 0.08125
1 0.8453125 0.446875 0.0390625 0.09375
