1 0.1828125 0.09375 0.0328125 0.103125
1 0.271875 0.08125 0.103125 0.1234375
1 0.403125 0.0734375 0.10625 0.1453125
1 0.4546875 0.10625 0.0828125 0.134375
1 0.54375 0.0625 0.0609375 0.125
1 0.5234375 0.1 0.0703125 0.14375
1 0.5921875 0.1265625 0.071875 0.1859375
1 0.659375 0.115625 0.08125 0.2078125
1 0.728125 0.1078125 0.078125 0.1875
1 0.6578125 0.190625 0.1171875 0.271875
1 0.54375 0.2015625 0.20625 0.25625
1 0.5578125 0.3109375 0.1125 0.171875
1 0.6234375 0.4734375 0.103125 0.3265625
1 0.4859375 0.4921875 0.121875 0.1859375
1 0.4828125 0.36875 0.0953125 0.25625
1 0.4109375 0.2875 0.075 0.2140625
1 0.346875 0.3265625 0.0734375 0.15
1 0.25625 0.3265625 0.090625 0.16875
1 0.3 0.1671875 0.1 0.1453125
1 0.259375 0.215625 0.078125 0.15
1 0.2296875 0.26875 0.1125 0.1671875
1 0.2453125 0.5125 0.09375 0.184375
1 0.2203125 0.678125 0.10625 0.3640625
1 0.33125 0.590625 0.121875 0.2015625
1 0.74375 0.2921875 0.171875 0.4765625
1 0.7328125 0.4453125 0.1890625 0.84375
1 0.440625 0.465625 0.2171875 0.7296875
1 0.5265625 0.721875 0.2078125 0.2765625
1 0.803125 0.103125 0.053125 0.203125
1 0.478125 0.5078125 0.1375 0.2234375
