1 0.171875 0.5828125 0.1921875 0.58125
0 0.2140625 0.340625 0.06875 0.0890625
1 0.28125 0.540625 0.16875 0.4921875
0 0.2828125 0.3453125 0.0546875 0.0765625
1 0.3875 0.5703125 0.140625 0.5125
0 0.403125 0.36875 0.0640625 0.0890625
1 0.521875 0.546875 0.2203125 0.4890625
0 0.49375 0.3421875 0.05 0.075
1 0.5921875 0.5453125 0.1609375 0.5140625
0 0.58125 0.325 0.0515625 0.06875
1 0.6875 0.559375 0.3109375 0.4859375
0 0.6796875 0.3546875 0.0546875 0.071875
1 0.796875 0.5578125 0.1921875 0.546875
0 0.7875 0.3296875 0.06875 0.0875
1 0.8609375 0.45625 0.0875 0.31875
0 0.85625 0.325 0.0390625 0.046875