1 0.9421875 0.484375 0.0984375 0.2046875
1 0.8625 0.55 0.13125 0.2890625
1 0.81875 0.54375 0.1484375 0.3015625
1 0.8078125 0.565625 0.153125 0.3
1 0.7828125 0.5515625 0.16875 0.3390625
1 0.7625 0.603125 0.1765625 0.3921875
1 0.6171875 0.6203125 0.303125 0.41875
1 0.5453125 0.6359375 0.228125 0.3875
1 0.3546875 0.6359375 0.375 0.384375
1 0.709375 0.4703125 0.078125 0.196875
1 0.5484375 0.4625 0.0984375 0.2
1 0.5109375 0.4375 0.0703125 0.175
1 0.4328125 0.440625 0.0828125 0.171875
1 0.3609375 0.4359375 0.071875 0.175
1 0.2890625 0.4609375 0.09375 0.228125
1 0.20625 0.4765625 0.1 0.2609375
1 0.1046875 0.4765625 0.1 0.2796875
1 0.071875 0.4953125 0.140625 0.2765625
1 0.046875 0.4234375 0.0796875 0.1734375
1 0.0359375 0.375 0.06875 0.2265625
1 0.1046875 0.3875 0.06875 0.2265625
1 0.1375 0.375 0.0828125 0.2125
1 0.21875 0.3609375 0.071875 0.1875
1 0.2828125 0.3859375 0.0625 0.18125
1 0.371875 0.3890625 0.0625 0.1671875
1 0.34375 0.371875 0.0609375 0.153125
1 0.3 0.38125 0.046875 0.14375
1 0.3265625 0.378125 0.0515625 0.15625
1 0.028125 0.36875 0.05 0.19375
