1 0.0875 0.6171875 0.1734375 0.4
1 0.1984375 0.5953125 0.1453125 0.2765625
1 0.1203125 0.5375 0.1265625 0.2484375
1 0.178125 0.5109375 0.121875 0.196875
1 0.2890625 0.571875 0.153125 0.2890625
1 0.390625 0.5984375 0.1953125 0.4140625
1 0.5109375 0.5875 0.25625 0.4234375
1 0.5625 0.540625 0.1515625 0.31875
1 0.246875 0.509375 0.0796875 0.203125
1 0.3421875 0.490625 0.103125 0.190625
1 0.2890625 0.4484375 0.059375 0.1109375
1 0.4765625 0.5046875 0.103125 0.2015625
1 0.6765625 0.5015625 0.128125 0.26875
1 0.7046875 0.5328125 0.13125 0.3015625
1 0.7703125 0.4984375 0.0953125 0.2359375
1 0.8921875 0.49375 0.171875 0.2625
1 0.9515625 0.49375 0.090625 0.2625
1 0.534375 0.4125 0.05 0.1046875
