1 0.0796875 0.475 0.1046875 0.40625
0 0.0921875 0.303125 0.0453125 0.05
1 0.1453125 0.50625 0.2125 0.5765625
0 0.128125 0.259375 0.08125 0.10625
1 0.2828125 0.46875 0.13125 0.3796875
0 0.29375 0.3125 0.04375 0.0546875
1 0.4484375 0.475 0.1109375 0.365625
0 0.4375 0.321875 0.05 0.053125
1 0.5984375 0.5046875 0.125 0.44375
0 0.575 0.315625 0.046875 0.05625
1 0.6234375 0.528125 0.1609375 0.528125
0 0.60625 0.309375 0.059375 0.0765625
1 0.909375 0.5171875 0.15625 0.440625
0 0.9109375 0.3359375 0.0640625 0.0640625