1 0.93125 0.76875 0.05625 0.0796875
1 0.88125 0.765625 0.05 0.0875
1 0.8375 0.7734375 0.059375 0.071875
1 0.80625 0.759375 0.084375 0.1
1 0.76875 0.7671875 0.0625 0.084375
1 0.7328125 0.775 0.05 0.06875
1 0.7015625 0.7703125 0.05625 0.078125
1 0.6640625 0.7671875 0.0625 0.084375
1 0.675 0.7671875 0.05625 0.0828125
1 0.6296875 0.771875 0.0515625 0.075
1 0.6046875 0.771875 0.04375 0.0734375
1 0.58125 0.759375 0.0515625 0.0984375
1 0.55625 0.7546875 0.0546875 0.1078125
1 0.5921875 0.75625 0.05 0.10625
1 0.5203125 0.771875 0.0421875 0.075
1 0.453125 0.775 0.05625 0.06875
1 0.4296875 0.771875 0.05 0.075
1 0.471875 0.759375 0.0484375 0.1
1 0.5 0.759375 0.0421875 0.0984375
1 0.5375 0.75625 0.05 0.1046875
1 0.3765625 0.7703125 0.06875 0.0765625
1 0.4203125 0.765625 0.05 0.0859375
1 0.434375 0.740625 0.0375 0.1375
1 0.39375 0.7453125 0.046875 0.1265625
1 0.359375 0.753125 0.04375 0.1125
1 0.353125 0.765625 0.05 0.0875
1 0.33125 0.771875 0.065625 0.075
1 0.30625 0.76875 0.046875 0.08125
1 0.30625 0.7515625 0.0546875 0.1140625
1 0.2640625 0.765625 0.0515625 0.0875
1 0.2671875 0.775 0.059375 0.06875
1 0.2390625 0.765625 0.075 0.0875
1 0.24375 0.7765625 0.046875 0.0640625
1 0.234375 0.759375 0.0421875 0.1
1 0.196875 0.7671875 0.05625 0.084375
1 0.121875 0.7671875 0.05625 0.0828125
1 0.1875 0.7609375 0.0515625 0.0953125
1 0.0390625 0.775 0.075 0.0671875
1 0.046875 0.78125 0.078125 0.05625
1 0.0375 0.759375 0.0703125 0.1
1 0.0703125 0.75 0.04375 0.1171875
1 0.10625 0.75 0.05 0.11875
1 0.146875 0.75625 0.05 0.10625
1 0.171875 0.740625 0.05625 0.1375
1 0.2125 0.7453125 0.04375 0.128125
1 0.2484375 0.7203125 0.0484375 0.1625
1 0.21875 0.7375 0.0421875 0.14375
1 0.196875 0.7 0.0484375 0.13125
1 0.221875 0.690625 0.034375 0.1203125
1 0.30625 0.73125 0.040625 0.159375
1 0.3375 0.715625 0.0421875 0.13125
1 0.371875 0.696875 0.0484375 0.11875
1 0.4125 0.69375 0.034375 0.1375
1 0.4640625 0.73125 0.05 0.15625
1 0.4421875 0.709375 0.0546875 0.1546875
1 0.50625 0.7359375 0.05 0.140625
1 0.5515625 0.7125 0.0375 0.1625
1 0.5859375 0.7078125 0.034375 0.1390625
1 0.621875 0.740625 0.0390625 0.125
1 0.609375 0.7109375 0.0328125 0.115625
1 0.64375 0.7546875 0.05 0.1078125
1 0.6765625 0.7453125 0.0421875 0.115625
1 0.7234375 0.7515625 0.05 0.115625
1 0.7125 0.746875 0.04375 0.125
1 0.64375 0.7140625 0.0390625 0.1125
1 0.771875 0.75625 0.0515625 0.10625
1 0.825 0.7515625 0.05 0.1140625
1 0.86875 0.74375 0.0390625 0.121875
1 0.91875 0.7609375 0.05 0.096875
1 0.93125 0.771875 0.046875 0.075
1 0.9625 0.765625 0.0421875 0.0859375
1 0.953125 0.74375 0.0515625 0.13125
1 0.975 0.7375 0.0421875 0.14375
1 0.975 0.725 0.04375 0.1546875
1 0.8984375 0.75 0.05 0.11875
1 0.9421875 0.73125 0.046875 0.15625
1 0.9046875 0.7328125 0.046875 0.15
1 0.8296875 0.7390625 0.0515625 0.1390625
1 0.790625 0.734375 0.0703125 0.15
1 0.759375 0.7359375 0.0515625 0.1453125
1 0.875 0.715625 0.0515625 0.15
1 0.93125 0.709375 0.0546875 0.1625
1 0.9078125 0.6875 0.0375 0.15625
1 0.8765625 0.678125 0.0421875 0.1578125
1 0.834375 0.6671875 0.04375 0.1296875
1 0.80625 0.684375 0.0421875 0.115625
1 0.715625 0.715625 0.040625 0.1359375
1 0.734375 0.703125 0.0296875 0.1265625
1 0.759375 0.6984375 0.03125 0.1265625
1 0.7765625 0.6875 0.03125 0.121875
1 0.7234375 0.665625 0.0328125 0.1078125
1 0.75 0.6625 0.0296875 0.11875
1 0.784375 0.66875 0.0328125 0.1421875
1 0.80625 0.64375 0.0296875 0.1
1 0.83125 0.6546875 0.0328125 0.1171875
1 0.95625 0.6484375 0.0421875 0.109375
1 0.9734375 0.696875 0.04375 0.128125
1 0.9453125 0.671875 0.034375 0.115625
1 0.95625 0.6375 0.0421875 0.10625
1 0.971875 0.609375 0.0328125 0.09375
1 0.9875 0.6171875 0.01875 0.0875
1 0.73125 0.41875 0.01875 0.05625
1 0.3921875 0.409375 0.0125 0.03125
1 0.1234375 0.425 0.028125 0.0578125
1 0.86875 0.415625 0.0234375 0.053125
1 0.5078125 0.66875 0.034375 0.125
1 0.471875 0.66875 0.0375 0.0875
1 0.4203125 0.6671875 0.034375 0.09375
1 0.340625 0.675 0.04375 0.1109375
1 0.30625 0.665625 0.0484375 0.115625
1 0.2921875 0.66875 0.0296875 0.0921875
1 0.26875 0.6625 0.0265625 0.10625
1 0.23125 0.646875 0.034375 0.0921875
1 0.221875 0.6625 0.0328125 0.08125
1 0.15625 0.69375 0.0421875 0.1328125
1 0.1125 0.7390625 0.059375 0.1390625
1 0.115625 0.7265625 0.05 0.1421875
1 0.128125 0.7 0.040625 0.1453125
1 0.0859375 0.725 0.040625 0.146875
1 0.0296875 0.7125 0.05 0.125
1 0.0828125 0.69375 0.04375 0.1265625
1 0.0515625 0.6828125 0.040625 0.1359375
1 0.0328125 0.6984375 0.0421875 0.134375
1 0.1046875 0.6671875 0.03125 0.1125
1 0.0234375 0.665625 0.034375 0.115625
1 0.3640625 0.659375 0.025 0.0953125
1 0.3484375 0.64375 0.0234375 0.084375
1 0.371875 0.6359375 0.0296875 0.096875
1 0.39375 0.6578125 0.025 0.078125
1 0.3984375 0.65 0.0296875 0.09375
1 0.3546875 0.6359375 0.0296875 0.1203125
1 0.3328125 0.63125 0.025 0.1
1 0.31875 0.615625 0.0296875 0.096875
1 0.290625 0.615625 0.034375 0.0828125
1 0.2859375 0.6171875 0.03125 0.0875
1 0.271875 0.615625 0.021875 0.075
1 0.39375 0.6234375 0.021875 0.071875
1 0.4140625 0.63125 0.028125 0.075
1 0.44375 0.6203125 0.025 0.0671875
1 0.4375 0.646875 0.0265625 0.08125
1 0.459375 0.65 0.028125 0.0828125
1 0.478125 0.628125 0.025 0.078125
1 0.5 0.6359375 0.034375 0.084375
1 0.5078125 0.6578125 0.0375 0.096875
1 0.534375 0.6625 0.03125 0.08125
1 0.55625 0.6890625 0.0390625 0.121875
1 0.625 0.6765625 0.0375 0.128125
1 0.534375 0.6109375 0.0296875 0.1078125
1 0.43125 0.4625 0.0125 0.03125
1 0.4078125 0.4640625 0.0125 0.0296875
1 0.196875 0.503125 0.009375 0.0421875
1 0.20625 0.5046875 0.01875 0.034375
1 0.21875 0.4984375 0.0140625 0.034375
1 0.25625 0.49375 0.0125 0.03125
