1 0.059375 0.6921875 0.1125 0.275
1 0.175 0.6609375 0.1625 0.3359375
1 0.3046875 0.671875 0.1515625 0.3140625
1 0.421875 0.659375 0.1546875 0.3390625
1 0.559375 0.6546875 0.16875 0.35
1 0.68125 0.6671875 0.13125 0.325
1 0.815625 0.69375 0.2015625 0.2703125
1 0.9265625 0.68125 0.140625 0.296875
1 0.071875 0.6453125 0.1390625 0.36875
1 0.221875 0.65 0.1421875 0.359375
1 0.34375 0.6328125 0.159375 0.39375
1 0.5078125 0.6328125 0.1390625 0.3921875
1 0.61875 0.628125 0.146875 0.4015625
1 0.75625 0.65 0.1390625 0.359375
1 0.8328125 0.6390625 0.1390625 0.3796875
1 0.1375 0.5796875 0.1265625 0.3484375
1 0.2015625 0.625 0.159375 0.4078125
1 0.2640625 0.5546875 0.1390625 0.365625
1 0.321875 0.5703125 0.1421875 0.3625
1 0.4421875 0.565625 0.1421875 0.425
1 0.5484375 0.5765625 0.1421875 0.4234375
1 0.6046875 0.5546875 0.1140625 0.3328125
1 0.6765625 0.5546875 0.1125 0.3328125
1 0.709375 0.5734375 0.1390625 0.3359375
1 0.8015625 0.5875 0.10625 0.31875
1 0.4921875 0.525 0.096875 0.2953125
1 0.6015625 0.5453125 0.1046875 0.328125
