1 0.221875 0.646875 0.0734375 0.10625
1 0.375 0.665625 0.109375 0.225
1 0.321875 0.6046875 0.05 0.115625
1 0.484375 0.5921875 0.040625 0.1
1 0.5296875 0.6109375 0.0421875 0.0875
1 0.5671875 0.60625 0.0328125 0.103125
1 0.5953125 0.59375 0.046875 0.121875
1 0.5890625 0.5671875 0.0265625 0.06875
1 0.615625 0.5796875 0.0234375 0.0875
1 0.640625 0.6 0.0375 0.1203125
1 0.6390625 0.59375 0.0390625 0.1203125
1 0.684375 0.6015625 0.0484375 0.1296875
1 0.6875 0.59375 0.0421875 0.121875
1 0.6890625 0.5703125 0.040625 0.09375
1 0.73125 0.565625 0.0234375 0.0828125
1 0.75 0.5609375 0.0265625 0.0625
1 0.75 0.6109375 0.05 0.14375
1 0.76875 0.615625 0.0609375 0.153125
1 0.784375 0.5890625 0.04375 0.1328125
1 0.8125 0.625 0.046875 0.1515625
1 0.8125 0.5859375 0.0453125 0.1296875
1 0.8453125 0.5953125 0.040625 0.11875
1 0.8546875 0.60625 0.04375 0.1453125
1 0.8671875 0.640625 0.065625 0.1609375
1 0.8796875 0.603125 0.04375 0.1421875
1 0.915625 0.64375 0.0484375 0.1828125
1 0.946875 0.65625 0.05 0.1859375
1 0.915625 0.584375 0.040625 0.1125
1 0.9484375 0.615625 0.0421875 0.1453125
1 0.9765625 0.6140625 0.040625 0.1546875
1 0.984375 0.625 0.0265625 0.1625
1 0.975 0.5875 0.0421875 0.1359375
1 0.715625 0.58125 0.0390625 0.0921875
