1 0.0953125 0.728125 0.1203125 0.234375
1 0.0921875 0.6984375 0.121875 0.228125
1 0.096875 0.684375 0.1484375 0.1984375
1 0.184375 0.684375 0.096875 0.175
1 0.1640625 0.73125 0.11875 0.140625
1 0.203125 0.7203125 0.121875 0.190625
1 0.2703125 0.703125 0.1015625 0.121875
1 0.2890625 0.7140625 0.1078125 0.1375
1 0.1828125 0.6296875 0.0609375 0.11875
1 0.225 0.64375 0.0703125 0.1328125
1 0.2453125 0.61875 0.0625 0.11875
1 0.26875 0.6109375 0.078125 0.15
1 0.309375 0.646875 0.1015625 0.1984375
1 0.346875 0.6453125 0.096875 0.1453125
1 0.346875 0.6859375 0.103125 0.1421875
1 0.30625 0.5734375 0.059375 0.1109375
1 0.340625 0.6078125 0.096875 0.1828125
1 0.3796875 0.5765625 0.0796875 0.1625
1 0.40625 0.5921875 0.090625 0.18125
1 0.40625 0.653125 0.0671875 0.121875
1 0.45625 0.6390625 0.0984375 0.1078125
1 0.4046875 0.5609375 0.0640625 0.115625
1 0.415625 0.56875 0.0734375 0.1609375
1 0.4546875 0.5671875 0.0875 0.1734375
1 0.5015625 0.6078125 0.0984375 0.1546875
1 0.49375 0.5640625 0.0875 0.1765625
1 0.49375 0.528125 0.0875 0.15
1 0.5203125 0.5 0.0734375 0.13125
1 0.5546875 0.51875 0.075 0.1484375
1 0.5375 0.46875 0.0890625 0.19375
1 0.5859375 0.440625 0.0640625 0.140625
1 0.6015625 0.5078125 0.053125 0.1171875
1 0.603125 0.459375 0.059375 0.1265625
1 0.6015625 0.428125 0.05 0.0953125
1 0.6328125 0.4546875 0.0671875 0.15
1 0.6515625 0.440625 0.0609375 0.1328125
1 0.675 0.4265625 0.0625 0.1328125
1 0.703125 0.4328125 0.0609375 0.1390625
1 0.734375 0.3875 0.0671875 0.109375
1 0.7578125 0.384375 0.0765625 0.121875
1 0.753125 0.4171875 0.0671875 0.14375
1 0.790625 0.3828125 0.0890625 0.1296875
1 0.790625 0.36875 0.06875 0.153125
1 0.828125 0.3734375 0.071875 0.1375
1 0.8328125 0.346875 0.0671875 0.125
1 0.85 0.3609375 0.0765625 0.1515625
1 0.878125 0.3296875 0.084375 0.1484375
1 0.903125 0.34375 0.0859375 0.196875
1 0.9484375 0.3234375 0.1 0.184375
1 0.89375 0.38125 0.075 0.159375
1 0.9609375 0.390625 0.075 0.153125
1 0.9703125 0.446875 0.0546875 0.2
1 0.9109375 0.4046875 0.0984375 0.128125
1 0.853125 0.4203125 0.0875 0.1359375
1 0.8546875 0.459375 0.1171875 0.1640625
1 0.79375 0.4453125 0.0875 0.146875
1 0.7828125 0.478125 0.0921875 0.1421875
1 0.74375 0.4640625 0.0734375 0.128125
1 0.746875 0.478125 0.090625 0.1140625
1 0.7390625 0.503125 0.0875 0.1125
1 0.7140625 0.4875 0.0921875 0.1234375
1 0.70625 0.5078125 0.1109375 0.128125
1 0.678125 0.5171875 0.09375 0.1375
1 0.68125 0.5328125 0.109375 0.1203125
1 0.6390625 0.546875 0.0953125 0.1171875
1 0.6109375 0.503125 0.0734375 0.1109375
1 0.5890625 0.55625 0.140625 0.16875
1 0.584375 0.60625 0.16875 0.203125
1 0.621875 0.6734375 0.178125 0.21875
1 0.9875 0.2640625 0.0203125 0.065625
