1 0.0890625 0.29375 0.028125 0.075
0 0.0890625 0.2640625 0.009375 0.0109375
1 0.13125 0.315625 0.025 0.0765625
0 0.13125 0.284375 0.009375 0.009375
1 0.1640625 0.325 0.05625 0.0703125
0 0.1671875 0.2953125 0.009375 0.009375
1 0.2 0.334375 0.0234375 0.0703125
0 0.196875 0.30625 0.009375 0.009375
1 0.2265625 0.3453125 0.021875 0.0671875
0 0.221875 0.31875 0.00625 0.009375
1 0.2453125 0.3515625 0.0171875 0.065625
0 0.24375 0.325 0.009375 0.009375
1 0.3078125 0.490625 0.275 0.709375
0 0.375 0.296875 0.065625 0.084375
1 0.36875 0.5953125 0.3265625 0.55625
0 0.4546875 0.36875 0.084375 0.0984375
1 0.534375 0.5875 0.3140625 0.5703125
0 0.5296875 0.359375 0.08125 0.10625
1 0.6484375 0.55625 0.696875 0.6328125
0 0.7 0.3828125 0.1015625 0.109375
1 0.7734375 0.6546875 0.45 0.4375
0 0.809375 0.4515625 0.1140625 0.1609375
1 0.525 0.4703125 0.3296875 0.6546875
0 0.490625 0.3 0.071875 0.090625