1 0.9828125 0.7984375 0.028125 0.0625
1 0.809375 0.784375 0.071875 0.090625
1 0.7125 0.778125 0.059375 0.103125
1 0.6640625 0.7765625 0.0671875 0.10625
1 0.628125 0.7734375 0.0546875 0.1140625
1 0.7015625 0.778125 0.046875 0.103125
1 0.5796875 0.7765625 0.0703125 0.10625
1 0.525 0.7765625 0.071875 0.1046875
1 0.4078125 0.7765625 0.0671875 0.10625
1 0.3203125 0.778125 0.071875 0.103125
1 0.2625 0.7703125 0.0578125 0.11875
1 0.9765625 0.746875 0.0390625 0.1453125
1 0.89375 0.7609375 0.0625 0.1375
1 0.95625 0.715625 0.0390625 0.1140625
1 0.9796875 0.696875 0.0328125 0.1140625
1 0.9828125 0.6734375 0.028125 0.121875
1 0.921875 0.7046875 0.046875 0.13125
1 0.89375 0.7375 0.046875 0.1421875
1 0.903125 0.7109375 0.0390625 0.1125
1 0.884375 0.678125 0.0421875 0.121875
1 0.8578125 0.7109375 0.0546875 0.15
1 0.8265625 0.7359375 0.046875 0.1390625
1 0.7921875 0.7359375 0.046875 0.128125
1 0.7625 0.7125 0.046875 0.1421875
1 0.71875 0.721875 0.0421875 0.1203125
1 0.6828125 0.7609375 0.05625 0.1375
1 0.6125 0.7515625 0.0515625 0.15625
1 0.578125 0.70625 0.0515625 0.1171875
1 0.634375 0.690625 0.046875 0.1203125
1 0.4484375 0.7140625 0.04375 0.1390625
1 0.4109375 0.7125 0.0515625 0.15
1 0.346875 0.7390625 0.04375 0.1453125
1 0.315625 0.7359375 0.0484375 0.15625
1 0.29375 0.7296875 0.05 0.1125
1 0.2828125 0.7078125 0.0421875 0.125
1 0.9390625 0.65625 0.034375 0.084375
1 0.9546875 0.6375 0.028125 0.0765625
1 0.9921875 0.5921875 0.0109375 0.0546875
1 0.9875 0.5859375 0.021875 0.05625
1 0.965625 0.596875 0.01875 0.059375
1 0.95 0.5984375 0.025 0.0546875
1 0.921875 0.6125 0.0265625 0.0671875
1 0.890625 0.6109375 0.0296875 0.059375
1 0.846875 0.6171875 0.028125 0.0734375
1 0.875 0.59375 0.025 0.0703125
1 0.9265625 0.5890625 0.021875 0.059375
1 0.8203125 0.6421875 0.034375 0.0875
1 0.7578125 0.634375 0.03125 0.0796875
1 0.73125 0.640625 0.03125 0.0640625
1 0.7 0.696875 0.0546875 0.1265625
1 0.6625 0.64375 0.034375 0.0953125
1 0.696875 0.6296875 0.03125 0.071875
1 0.625 0.634375 0.0328125 0.0828125
1 0.5203125 0.659375 0.0421875 0.103125
1 0.425 0.671875 0.0390625 0.0984375
1 0.396875 0.646875 0.0359375 0.0875
1 0.4609375 0.6390625 0.0390625 0.0890625
1 0.4953125 0.634375 0.0328125 0.0984375
1 0.51875 0.6375 0.03125 0.0859375
1 0.5359375 0.63125 0.0390625 0.0796875
1 0.5890625 0.6203125 0.03125 0.0703125
1 0.5796875 0.6046875 0.034375 0.06875
1 0.775 0.621875 0.0390625 0.0765625
1 0.790625 0.6203125 0.0234375 0.065625
1 0.725 0.6046875 0.021875 0.05625
1 0.746875 0.60625 0.0265625 0.0640625
1 0.69375 0.603125 0.025 0.0734375
1 0.64375 0.5984375 0.021875 0.0609375
1 0.6265625 0.6125 0.0296875 0.0734375
1 0.6109375 0.6015625 0.0265625 0.0765625
1 0.8265625 0.58125 0.025 0.046875
1 0.771875 0.5921875 0.0171875 0.046875
1 0.80625 0.5890625 0.021875 0.0515625
1 0.8484375 0.571875 0.0171875 0.040625
1 0.9046875 0.578125 0.021875 0.05625
1 0.6796875 0.5921875 0.0171875 0.0515625
1 0.66875 0.5828125 0.0234375 0.0515625
1 0.6515625 0.5859375 0.01875 0.05625
1 0.74375 0.5734375 0.0171875 0.04375
1 0.7234375 0.5859375 0.021875 0.046875
1 0.815625 0.7828125 0.0625 0.0953125
1 0.7546875 0.6859375 0.0421875 0.1140625
1 0.890625 0.603125 0.0296875 0.06875
1 0.6625 0.6296875 0.025 0.046875
