1 0.259375 0.815625 0.0359375 0.1125
1 0.28125 0.834375 0.05 0.0734375
1 0.3125 0.8390625 0.046875 0.0640625
1 0.3234375 0.81875 0.0421875 0.10625
1 0.353125 0.809375 0.040625 0.1125
1 0.39375 0.825 0.04375 0.0921875
1 0.4625 0.8421875 0.0515625 0.059375
1 0.5046875 0.8390625 0.05 0.065625
1 0.5484375 0.834375 0.05625 0.0734375
1 0.565625 0.83125 0.0390625 0.0796875
1 0.4625 0.8234375 0.046875 0.096875
1 0.53125 0.8078125 0.05 0.1203125
1 0.5625 0.78125 0.0375 0.1015625
1 0.4546875 0.8109375 0.0421875 0.1125
1 0.4296875 0.815625 0.034375 0.1140625
1 0.41875 0.79375 0.046875 0.15
1 0.4625 0.75 0.0421875 0.1046875
1 0.515625 0.765625 0.0390625 0.1
1 0.4921875 0.721875 0.0296875 0.09375
1 0.503125 0.7015625 0.0296875 0.09375
1 0.5390625 0.734375 0.0296875 0.0984375
1 0.4234375 0.796875 0.0421875 0.1375
1 0.8015625 0.8375 0.034375 0.06875
1 0.859375 0.840625 0.0375 0.0625
1 0.928125 0.821875 0.059375 0.1
1 0.815625 0.55 0.034375 0.06875
1 0.725 0.5140625 0.0265625 0.090625
