1 0.79375 0.33125 0.028125 0.0671875
1 0.8375 0.3453125 0.028125 0.046875
1 0.8828125 0.3421875 0.03125 0.0453125
1 0.91875 0.340625 0.0234375 0.04375
1 0.940625 0.340625 0.021875 0.0453125
1 0.9671875 0.3421875 0.0265625 0.046875
1 0.9859375 0.35625 0.025 0.05
1 0.9359375 0.3578125 0.028125 0.0484375
1 0.90625 0.3578125 0.025 0.04375
1 0.8828125 0.35625 0.0234375 0.0421875
1 0.878125 0.371875 0.025 0.0375
1 0.853125 0.371875 0.021875 0.040625
1 0.6625 0.353125 0.0234375 0.04375
1 0.6453125 0.3546875 0.021875 0.0390625
1 0.60625 0.3546875 0.025 0.0421875
1 0.590625 0.3546875 0.025 0.0390625
1 0.55625 0.353125 0.01875 0.0421875
1 0.5359375 0.3546875 0.021875 0.04375
1 0.515625 0.353125 0.01875 0.0453125
1 0.5234375 0.334375 0.0171875 0.065625
1 0.4859375 0.3546875 0.03125 0.04375
1 0.478125 0.3734375 0.025 0.046875
1 0.4625 0.3734375 0.021875 0.046875
1 0.4140625 0.3625 0.0234375 0.06875
1 0.3765625 0.365625 0.0265625 0.065625
1 0.384375 0.3640625 0.05 0.0703125
1 0.3265625 0.378125 0.0265625 0.065625
1 0.4171875 0.3375 0.0234375 0.0734375
1 0.4140625 0.35625 0.0265625 0.06875
1 0.4328125 0.359375 0.028125 0.075
1 0.459375 0.3546875 0.0234375 0.0765625
1 0.853125 0.5203125 0.034375 0.078125
1 0.7859375 0.5234375 0.0203125 0.065625
1 0.959375 0.5375 0.0546875 0.1609375
1 0.853125 0.578125 0.078125 0.1609375
1 0.7921875 0.6140625 0.1109375 0.2171875
1 0.68125 0.5484375 0.0859375 0.14375
1 0.5140625 0.5640625 0.1203125 0.140625
1 0.4734375 0.540625 0.0359375 0.121875
1 0.45625 0.54375 0.0609375 0.1515625
1 0.3515625 0.5 0.0703125 0.2140625
1 0.275 0.4890625 0.075 0.2109375
1 0.421875 0.6296875 0.1125 0.234375
1 0.153125 0.60625 0.125 0.2328125
1 0.203125 0.5015625 0.1234375 0.1140625
1 0.0421875 0.5640625 0.075 0.1046875
1 0.065625 0.5625 0.0515625 0.0953125
1 0.1578125 0.540625 0.04375 0.1171875
1 0.203125 0.5328125 0.034375 0.084375
1 0.2359375 0.5328125 0.034375 0.0875
1 0.234375 0.5328125 0.0296875 0.0828125
1 0.253125 0.5328125 0.0203125 0.08125
1 0.2703125 0.5296875 0.025 0.0796875
