1 0.884375 0.484375 0.125 0.3671875
1 0.7359375 0.4765625 0.125 0.371875
1 0.7265625 0.4 0.1140625 0.3390625
1 0.584375 0.440625 0.1109375 0.3359375
1 0.584375 0.421875 0.1265625 0.35625
1 0.5140625 0.490625 0.1921875 0.5234375
1 0.2796875 0.6765625 0.2109375 0.3125
1 0.575 0.634375 0.1375 0.3953125
1 0.5875 0.6265625 0.278125 0.4109375
1 0.2953125 0.4671875 0.1828125 0.409375
1 0.3984375 0.39375 0.121875 0.353125
1 0.1421875 0.5703125 0.1171875 0.3015625
1 0.0421875 0.5703125 0.0796875 0.2765625
1 0.1484375 0.30625 0.1375 0.2671875
1 0.0375 0.3046875 0.071875 0.259375
1 0.1859375 0.253125 0.1171875 0.178125
