1 0.0484375 0.50625 0.0953125 0.2359375
1 0.078125 0.484375 0.1265625 0.2859375
1 0.01875 0.384375 0.0359375 0.1765625
1 0.009375 0.7078125 0.0171875 0.05625
1 0.021875 0.7078125 0.0125 0.0453125
1 0.05625 0.7109375 0.034375 0.084375
1 0.071875 0.715625 0.04375 0.0953125
1 0.0984375 0.7125 0.025 0.0921875
1 0.1234375 0.7125 0.0421875 0.09375
1 0.1421875 0.70625 0.0375 0.0953125
1 0.1796875 0.7078125 0.040625 0.0953125
1 0.1984375 0.7078125 0.0265625 0.0875
1 0.2234375 0.7125 0.04375 0.121875
1 0.2390625 0.7078125 0.028125 0.103125
1 0.259375 0.709375 0.034375 0.0890625
1 0.2921875 0.7109375 0.0234375 0.078125
1 0.3125 0.7203125 0.0640625 0.13125
1 0.34375 0.70625 0.03125 0.084375
1 0.371875 0.7078125 0.0375 0.09375
1 0.3875 0.7078125 0.01875 0.0734375
1 0.396875 0.7015625 0.0125 0.04375
1 0.403125 0.703125 0.0140625 0.04375
1 0.4109375 0.7046875 0.015625 0.053125
1 0.4265625 0.70625 0.021875 0.05625
1 0.45 0.6984375 0.040625 0.109375
1 0.465625 0.703125 0.028125 0.0953125
1 0.5046875 0.7265625 0.065625 0.1578125
1 0.5 0.68125 0.021875 0.0703125
1 0.534375 0.7015625 0.0140625 0.0671875
1 0.546875 0.703125 0.0203125 0.059375
1 0.5625 0.7046875 0.0265625 0.065625
1 0.584375 0.7 0.021875 0.075
1 0.6046875 0.7015625 0.028125 0.0734375
1 0.6640625 0.7046875 0.0234375 0.0734375
1 0.684375 0.7015625 0.0125 0.04375
1 0.69375 0.696875 0.0171875 0.040625
1 0.7 0.709375 0.021875 0.04375
1 0.7375 0.7 0.0234375 0.0828125
1 0.771875 0.7 0.034375 0.071875
1 0.79375 0.7171875 0.0515625 0.1359375
1 0.8375 0.7125 0.05625 0.15625
1 0.8546875 0.6984375 0.028125 0.0828125
1 0.871875 0.7015625 0.021875 0.0546875
1 0.9171875 0.7015625 0.025 0.0734375
1 0.93125 0.7 0.0265625 0.08125
1 0.9890625 0.703125 0.01875 0.090625
1 0.9859375 0.696875 0.025 0.0921875
