1 0.040957 0.275887 0.047872 0.092199
1 0.061702 0.336879 0.053191 0.086525
1 0.106915 0.316312 0.047872 0.085106
1 0.223936 0.364539 0.052128 0.082270
1 0.326064 0.368085 0.062766 0.089362
1 0.479787 0.395035 0.072340 0.095035
1 0.526064 0.353901 0.064894 0.114894
1 0.425532 0.221986 0.057447 0.092199
1 0.445745 0.278723 0.055319 0.086525
1 0.559574 0.319858 0.061702 0.106383
1 0.636702 0.248227 0.052128 0.079433
1 0.685106 0.246809 0.046809 0.073759
1 0.781915 0.328369 0.061702 0.095035
1 0.917553 0.248227 0.045745 0.076596
