1 0.015625 0.6390625 0.0265625 0.1078125
0 0.009375 0.59375 0.015625 0.015625
1 0.034375 0.63125 0.0203125 0.078125
0 0.0390625 0.6015625 0.0125 0.0125
1 0.0703125 0.63125 0.0671875 0.121875
0 0.0671875 0.5796875 0.0125 0.0125
1 0.0796875 0.6296875 0.05 0.128125
0 0.084375 0.5765625 0.01875 0.01875
1 0.1078125 0.625 0.03125 0.103125
0 0.10625 0.5828125 0.0125 0.0125
1 0.1359375 0.621875 0.053125 0.13125
0 0.1234375 0.5703125 0.0140625 0.015625
1 0.1546875 0.6234375 0.0234375 0.0703125
0 0.1484375 0.596875 0.0109375 0.0125
1 0.184375 0.6203125 0.0265625 0.075
0 0.18125 0.5921875 0.0078125 0.0125
1 0.196875 0.61875 0.025 0.0765625
0 0.1984375 0.5859375 0.009375 0.009375
1 0.2015625 0.615625 0.028125 0.084375
0 0.2015625 0.58125 0.0078125 0.009375
1 0.23125 0.615625 0.0296875 0.08125
0 0.2265625 0.58125 0.0078125 0.009375
1 0.2546875 0.6109375 0.028125 0.075
0 0.253125 0.5796875 0.0078125 0.009375
1 0.2953125 0.6140625 0.084375 0.140625
0 0.2796875 0.553125 0.0171875 0.01875
1 0.3015625 0.60625 0.0359375 0.0875
0 0.296875 0.5703125 0.0125 0.009375
1 0.3265625 0.603125 0.03125 0.0875
0 0.3203125 0.5671875 0.0109375 0.0125
1 0.3671875 0.6296875 0.096875 0.21875
0 0.35 0.540625 0.0234375 0.025
1 0.403125 0.6015625 0.034375 0.078125
0 0.396875 0.5703125 0.0078125 0.009375
1 0.4484375 0.6 0.03125 0.0625
0 0.4421875 0.575 0.0078125 0.00625
1 0.50625 0.5890625 0.025 0.08125
0 0.5 0.5546875 0.009375 0.009375
1 0.5546875 0.5953125 0.0703125 0.165625
0 0.5328125 0.53125 0.0234375 0.021875
1 0.58125 0.5875 0.0375 0.103125
0 0.5828125 0.5453125 0.0109375 0.0125
1 0.5953125 0.5796875 0.03125 0.1
0 0.5953125 0.5390625 0.015625 0.015625
1 0.6203125 0.584375 0.0390625 0.1
0 0.6140625 0.546875 0.0125 0.015625
1 0.6359375 0.58125 0.0390625 0.1
0 0.63125 0.540625 0.0125 0.015625
1 0.6546875 0.5765625 0.0421875 0.1109375
0 0.65 0.53125 0.0125 0.015625
1 0.690625 0.5796875 0.0328125 0.1
0 0.6890625 0.5375 0.0125 0.0125
1 0.73125 0.590625 0.109375 0.2671875
0 0.696875 0.4796875 0.03125 0.0375
1 0.765625 0.5921875 0.1015625 0.2296875
0 0.7828125 0.49375 0.0203125 0.0203125
1 0.78125 0.5796875 0.096875 0.234375
0 0.759375 0.4796875 0.03125 0.03125
1 0.7953125 0.5765625 0.0953125 0.21875
0 0.778125 0.496875 0.01875 0.01875
1 0.803125 0.5734375 0.096875 0.190625
0 0.7796875 0.49375 0.01875 0.0203125
1 0.821875 0.56875 0.0359375 0.1125
0 0.8234375 0.53125 0.0125 0.015625
1 0.83125 0.5765625 0.046875 0.1046875
0 0.821875 0.53125 0.0125 0.0171875
1 0.84375 0.5703125 0.0515625 0.1125
0 0.8328125 0.521875 0.0125 0.0125
1 0.8765625 0.571875 0.0484375 0.109375
0 0.8640625 0.5265625 0.0125 0.015625
1 0.890625 0.56875 0.046875 0.109375
0 0.8828125 0.5265625 0.0125 0.015625
1 0.9046875 0.5578125 0.04375 0.115625
0 0.9015625 0.5125 0.0109375 0.015625
1 0.9421875 0.5625 0.059375 0.11875
0 0.925 0.515625 0.01875 0.015625
1 0.9515625 0.5546875 0.0359375 0.121875
0 0.9484375 0.5046875 0.015625 0.0171875
1 0.978125 0.5546875 0.0375 0.11875
0 0.9734375 0.5109375 0.015625 0.015625
1 0.9859375 0.5484375 0.0203125 0.1265625
0 0.9875 0.496875 0.0140625 0.0171875