1 0.0375 0.359375 0.0625 0.1765625
1 0.0921875 0.365625 0.0703125 0.1890625
1 0.1484375 0.3671875 0.05625 0.1609375
1 0.05 0.5203125 0.0953125 0.50625
1 0.06875 0.5390625 0.134375 0.5390625
1 0.153125 0.5375 0.103125 0.4734375
1 0.2078125 0.5359375 0.1234375 0.5359375
1 0.2734375 0.5109375 0.1015625 0.5109375
1 0.321875 0.51875 0.1265625 0.5375
1 0.3828125 0.5203125 0.1015625 0.4890625
1 0.44375 0.528125 0.1484375 0.525
1 0.5078125 0.5109375 0.115625 0.5046875
1 0.559375 0.53125 0.1640625 0.525
1 0.61875 0.5203125 0.1390625 0.5015625
1 0.6796875 0.525 0.1484375 0.528125
1 0.73125 0.509375 0.115625 0.51875
1 0.79375 0.5234375 0.140625 0.5375
1 0.85625 0.5046875 0.109375 0.5203125
1 0.915625 0.5328125 0.15 0.515625
