1 0.921875 0.725 0.121875 0.1890625
1 0.7375 0.625 0.0453125 0.103125
1 0.7171875 0.6359375 0.05 0.103125
1 0.6203125 0.615625 0.0296875 0.084375
1 0.6546875 0.640625 0.0453125 0.121875
1 0.640625 0.65625 0.0609375 0.134375
1 0.5515625 0.5984375 0.0296875 0.075
1 0.5375 0.6 0.0328125 0.0796875
1 0.5484375 0.6171875 0.028125 0.0890625
1 0.521875 0.621875 0.028125 0.0890625
1 0.48125 0.6 0.0296875 0.075
1 0.471875 0.603125 0.0296875 0.0796875
1 0.4546875 0.5875 0.028125 0.0625
1 0.5703125 0.7125 0.0890625 0.184375
1 0.4421875 0.6890625 0.05625 0.1609375
1 0.465625 0.765625 0.1 0.196875
1 0.359375 0.5703125 0.0171875 0.04375
1 0.3765625 0.571875 0.01875 0.05
1 0.4203125 0.5859375 0.0234375 0.0671875
1 0.3953125 0.584375 0.01875 0.0625
1 0.3671875 0.609375 0.0375 0.096875
1 0.2109375 0.5828125 0.025 0.0703125
1 0.2796875 0.5921875 0.0171875 0.075
1 0.275 0.6046875 0.025 0.075
1 0.2671875 0.6078125 0.025 0.0890625
1 0.2359375 0.5890625 0.015625 0.0625
1 0.2296875 0.596875 0.01875 0.06875
1 0.2265625 0.60625 0.028125 0.0890625
1 0.1625 0.59375 0.025 0.0828125
1 0.1546875 0.6109375 0.0328125 0.096875
1 0.14375 0.6296875 0.040625 0.11875
1 0.1234375 0.60625 0.0296875 0.090625
1 0.0953125 0.6078125 0.0375 0.0875
1 0.1109375 0.584375 0.025 0.071875
1 0.2921875 0.6 0.0203125 0.078125
1 0.35 0.6171875 0.025 0.1
1 0.3578125 0.728125 0.090625 0.178125
1 0.3328125 0.5921875 0.021875 0.0703125
1 0.3203125 0.6046875 0.0359375 0.090625
1 0.315625 0.6171875 0.03125 0.0921875
1 0.30625 0.6390625 0.0328125 0.0875
1 0.190625 0.60625 0.0359375 0.1
1 0.2046875 0.709375 0.071875 0.2140625
1 0.0921875 0.66875 0.0671875 0.15
1 0.0609375 0.615625 0.0375 0.096875
1 0.025 0.590625 0.0359375 0.065625
1 0.0265625 0.640625 0.0515625 0.1140625
1 0.0296875 0.7046875 0.05625 0.1625
1 0.0515625 0.7734375 0.1015625 0.1828125
1 0.4984375 0.621875 0.0375 0.1125
1 0.4046875 0.6 0.0328125 0.0859375
1 0.2109375 0.621875 0.0375 0.103125
1 0.2484375 0.6234375 0.0390625 0.1140625
1 0.325 0.659375 0.0578125 0.140625
