1 0.8453125 0.5140625 0.01875 0.053125
0 0.8484375 0.4953125 0.00625 0.00625
1 0.815625 0.5140625 0.025 0.1
0 0.815625 0.4734375 0.0140625 0.015625
1 0.8109375 0.5125 0.04375 0.1015625
0 0.80625 0.4703125 0.0109375 0.0125
1 0.859375 0.659375 0.13125 0.340625
0 0.871875 0.5359375 0.0609375 0.075
1 0.9125 0.6390625 0.1703125 0.3796875
0 0.971875 0.3703125 0.05 0.11875
1 0.0984375 0.578125 0.19375 0.503125
0 0.084375 0.4015625 0.096875 0.1
1 0.28125 0.603125 0.1625 0.453125
0 0.296875 0.43125 0.065625 0.071875
1 0.51875 0.65 0.1140625 0.359375
0 0.5265625 0.503125 0.05625 0.0625
1 0.6109375 0.65 0.140625 0.359375
0 0.6078125 0.5109375 0.0515625 0.0640625
1 0.71875 0.678125 0.1375 0.303125
0 0.7 0.5578125 0.0515625 0.053125