1 0.975 0.778125 0.04375 0.1265625
1 0.9515625 0.78125 0.06875 0.13125
1 0.8625 0.796875 0.0921875 0.1484375
1 0.8875 0.8 0.08125 0.14375
1 0.825 0.7984375 0.08125 0.146875
1 0.890625 0.790625 0.0515625 0.1625
1 0.74375 0.778125 0.05 0.1359375
1 0.68125 0.7921875 0.0671875 0.159375
1 0.59375 0.8015625 0.0515625 0.1390625
1 0.56875 0.7984375 0.06875 0.1453125
1 0.484375 0.7984375 0.078125 0.1453125
1 0.3734375 0.80625 0.071875 0.13125
1 0.4015625 0.803125 0.0515625 0.1375
1 0.375 0.8078125 0.046875 0.128125
1 0.3265625 0.7953125 0.0296875 0.1
1 0.3171875 0.790625 0.025 0.1078125
1 0.2984375 0.8125 0.075 0.1171875
1 0.2828125 0.8140625 0.05 0.115625
1 0.240625 0.8125 0.05 0.11875
1 0.2046875 0.815625 0.0515625 0.1125
1 0.1515625 0.8125 0.0375 0.1203125
1 0.0515625 0.80625 0.075 0.1296875
1 0.115625 0.803125 0.0828125 0.1375
