1 0.759062 0.873333 0.014375 0.023333
1 0.719688 0.870417 0.014375 0.019167
1 0.607187 0.783333 0.014375 0.021667
1 0.761563 0.718333 0.010625 0.020000
1 0.749062 0.668333 0.009375 0.016667
1 0.574375 0.786667 0.015000 0.021667
1 0.580000 0.757917 0.012500 0.024167
1 0.197187 0.780417 0.011875 0.017500
1 0.178750 0.759167 0.012500 0.021667
1 0.226562 0.700417 0.010625 0.015833
1 0.259062 0.687917 0.008125 0.017500
1 0.327813 0.637917 0.008125 0.014167
1 0.297187 0.560833 0.010625 0.015000
1 0.238125 0.640833 0.006250 0.010000
1 0.213750 0.629583 0.008750 0.012500
1 0.330000 0.518750 0.007500 0.010833
1 0.352812 0.517917 0.005625 0.010833
1 0.380937 0.486667 0.005625 0.010000
1 0.395625 0.487917 0.005000 0.009167
1 0.422812 0.475417 0.005625 0.007500
1 0.390000 0.550833 0.007500 0.011667
1 0.403125 0.554167 0.007500 0.010000
1 0.431250 0.540417 0.007500 0.010833
1 0.449375 0.539167 0.007500 0.013333
1 0.461250 0.490833 0.007500 0.011667
1 0.511875 0.630417 0.008750 0.012500
1 0.703750 0.546250 0.007500 0.010833
1 0.595625 0.429167 0.003750 0.005000
1 0.605313 0.465000 0.006875 0.010000
1 0.582812 0.477500 0.005625 0.008333
1 0.595000 0.508750 0.006250 0.009167
1 0.606875 0.503750 0.007500 0.010833
1 0.552813 0.509583 0.006875 0.009167
1 0.438750 0.469583 0.005000 0.007500
1 0.447813 0.460417 0.004375 0.007500
1 0.461562 0.457083 0.004375 0.007500
1 0.461875 0.442500 0.005000 0.006667
1 0.193125 0.606667 0.008750 0.013333
1 0.192188 0.612500 0.009375 0.013333
1 0.195937 0.614167 0.008125 0.010000
1 0.437188 0.608750 0.008125 0.012500
1 0.435000 0.624167 0.008750 0.011667
1 0.451562 0.652500 0.028125 0.060000
1 0.542500 0.640833 0.007500 0.011667
1 0.560000 0.627917 0.008750 0.014167
1 0.578750 0.627500 0.011250 0.015000
1 0.611875 0.626667 0.010000 0.011667
1 0.614375 0.602500 0.010000 0.015000
1 0.600938 0.596667 0.008125 0.013333
1 0.595938 0.604167 0.009375 0.015000
1 0.591250 0.577500 0.007500 0.011667
1 0.560312 0.589167 0.009375 0.013333
1 0.579063 0.584167 0.008125 0.011667
1 0.573438 0.564583 0.009375 0.012500
1 0.576562 0.540000 0.005625 0.010000
1 0.547813 0.573750 0.023125 0.067500
1 0.539062 0.545000 0.006875 0.011667
1 0.643437 0.555833 0.008125 0.011667
1 0.643125 0.556250 0.007500 0.010833
1 0.660937 0.534583 0.008125 0.010833
1 0.672813 0.530000 0.006875 0.011667
1 0.651250 0.471250 0.003750 0.005833
1 0.541562 0.447500 0.004375 0.008333
1 0.556562 0.450417 0.004375 0.005833
1 0.556562 0.462917 0.005625 0.007500
1 0.521875 0.465000 0.005000 0.008333
1 0.518125 0.458750 0.006250 0.007500
1 0.517188 0.427083 0.004375 0.005833
1 0.502500 0.430417 0.003750 0.007500
1 0.493437 0.438333 0.011875 0.041667
1 0.523750 0.255417 0.005000 0.005833
1 0.554063 0.259167 0.005625 0.008333
1 0.153125 0.252917 0.007500 0.010833
1 0.896250 0.988333 0.016250 0.023333
1 0.858750 0.992917 0.018750 0.014167
1 0.685312 0.533750 0.005625 0.009167
