1 0.840820 0.187683 0.070312 0.143695
1 0.726562 0.232405 0.062500 0.109971
1 0.621582 0.196481 0.069336 0.137830
1 0.506348 0.183284 0.071289 0.114370
1 0.397461 0.183284 0.066406 0.126100
1 0.300781 0.186217 0.064453 0.123167
1 0.203613 0.185484 0.073242 0.139296
1 0.031250 0.315982 0.062500 0.104106
1 0.051270 0.260997 0.059570 0.105572
1 0.924805 0.228739 0.044922 0.079179
1 0.958496 0.236070 0.020508 0.038123
1 0.640137 0.195015 0.045898 0.087977
1 0.458984 0.203812 0.039062 0.079179
1 0.988281 0.275660 0.021484 0.038123
