1 0.762695 0.010294 0.013672 0.020588
1 0.686035 0.013971 0.016602 0.027941
1 0.724609 0.059559 0.015625 0.025000
1 0.739746 0.128676 0.016602 0.027941
1 0.954102 0.105147 0.017578 0.030882
1 0.926758 0.083088 0.015625 0.027941
1 0.974121 0.188971 0.014648 0.027941
1 0.979004 0.280147 0.016602 0.025000
1 0.952637 0.264706 0.014648 0.026471
1 0.933594 0.199265 0.017578 0.030882
1 0.870117 0.160294 0.015625 0.026471
1 0.824707 0.139706 0.014648 0.032353
1 0.863281 0.272059 0.017578 0.035294
1 0.837402 0.257353 0.012695 0.026471
1 0.808594 0.207353 0.017578 0.032353
1 0.781250 0.180147 0.017578 0.027941
1 0.693848 0.287500 0.016602 0.030882
1 0.788574 0.349265 0.014648 0.033824
1 0.858398 0.415441 0.015625 0.025000
1 0.674316 0.709559 0.016602 0.033824
1 0.618652 0.646324 0.016602 0.025000
1 0.575684 0.429412 0.049805 0.170588
1 0.544922 0.483088 0.015625 0.027941
1 0.567871 0.044853 0.014648 0.027941
1 0.425781 0.037500 0.015625 0.030882
1 0.521973 0.033088 0.016602 0.027941
1 0.577637 0.175000 0.014648 0.023529
1 0.557617 0.116176 0.015625 0.029412
1 0.536133 0.188971 0.017578 0.025000
1 0.545410 0.243382 0.020508 0.036765
1 0.524902 0.354412 0.016602 0.023529
1 0.532227 0.530147 0.017578 0.027941
1 0.499512 0.503676 0.014648 0.027941
1 0.444336 0.151471 0.015625 0.029412
1 0.426758 0.131618 0.017578 0.027941
1 0.437012 0.237500 0.010742 0.016176
1 0.387207 0.233088 0.016602 0.025000
1 0.412598 0.316176 0.014648 0.026471
1 0.401367 0.316912 0.009766 0.019118
1 0.318848 0.254412 0.016602 0.032353
1 0.362305 0.319853 0.015625 0.025000
1 0.386719 0.389706 0.015625 0.026471
1 0.360352 0.381618 0.015625 0.022059
1 0.342773 0.418382 0.013672 0.022059
1 0.259766 0.074265 0.017578 0.027941
1 0.240723 0.043382 0.016602 0.027941
1 0.224121 0.210294 0.016602 0.029412
1 0.250977 0.247794 0.015625 0.025000
1 0.282715 0.261765 0.018555 0.035294
1 0.453613 0.358824 0.016602 0.029412
1 0.485840 0.405147 0.016602 0.027941
1 0.436035 0.524265 0.016602 0.030882
1 0.530762 0.625735 0.014648 0.027941
1 0.573242 0.677206 0.017578 0.030882
1 0.534668 0.713971 0.016602 0.027941
1 0.487305 0.719853 0.017578 0.030882
1 0.475098 0.794853 0.012695 0.025000
1 0.435059 0.748529 0.014648 0.026471
1 0.405273 0.721324 0.015625 0.025000
1 0.477539 0.897794 0.015625 0.025000
1 0.436035 0.907353 0.016602 0.029412
1 0.385742 0.961029 0.015625 0.027941
1 0.333984 0.967647 0.013672 0.029412
1 0.306152 0.945588 0.018555 0.029412
1 0.254395 0.919853 0.016602 0.030882
1 0.234375 0.903676 0.015625 0.027941
1 0.213867 0.877941 0.015625 0.029412
1 0.211914 0.811029 0.017578 0.027941
1 0.128418 0.797059 0.016602 0.026471
1 0.091797 0.809559 0.019531 0.030882
1 0.073242 0.776471 0.013672 0.020588
1 0.006836 0.800000 0.013672 0.023529
1 0.008789 0.589706 0.017578 0.026471
1 0.013672 0.338235 0.021484 0.038235
1 0.035645 0.370588 0.018555 0.023529
1 0.077637 0.413971 0.018555 0.030882
1 0.053223 0.502206 0.018555 0.030882
1 0.093750 0.512500 0.015625 0.025000
1 0.122070 0.576471 0.015625 0.023529
1 0.163574 0.504412 0.018555 0.023529
1 0.178223 0.566912 0.012695 0.022059
1 0.212891 0.624265 0.019531 0.030882
1 0.253906 0.422794 0.013672 0.025000
1 0.265137 0.453676 0.016602 0.027941
1 0.281250 0.500735 0.015625 0.027941
1 0.370117 0.511029 0.013672 0.025000
1 0.375488 0.568382 0.016602 0.027941
1 0.331543 0.591176 0.016602 0.029412
1 0.284180 0.676471 0.017578 0.029412
1 0.261230 0.643382 0.016602 0.027941
1 0.258301 0.733088 0.016602 0.027941
1 0.230957 0.709559 0.018555 0.027941
1 0.136230 0.652941 0.014648 0.026471
1 0.097656 0.660294 0.017578 0.029412
1 0.115723 0.722794 0.016602 0.027941
1 0.384766 0.435294 0.017578 0.026471
1 0.649902 0.008088 0.010742 0.016176
