1 0.265625 0.668977 0.015625 0.027730
1 0.299805 0.662045 0.013672 0.024263
1 0.588379 0.603986 0.008789 0.015598
1 0.619629 0.603986 0.006836 0.012132
1 0.625488 0.590988 0.004883 0.010399
1 0.687012 0.853553 0.012695 0.029463
1 0.803223 0.762565 0.010742 0.024263
1 0.766113 0.637782 0.006836 0.013865
1 0.862305 0.694974 0.007812 0.013865
1 0.887207 0.832756 0.016602 0.032929
1 0.990723 0.961872 0.018555 0.034662
1 0.957031 0.670711 0.007812 0.017331
1 0.883301 0.318891 0.010742 0.045061
1 0.967773 0.370017 0.013672 0.064125
1 0.984863 0.345754 0.006836 0.012132
