1 0.146140 0.206291 0.004902 0.008170
1 0.159620 0.197304 0.004902 0.008170
1 0.185049 0.196691 0.005515 0.007761
1 0.416360 0.248775 0.005515 0.008987
1 0.361366 0.253268 0.003983 0.007353
1 0.358303 0.217729 0.004596 0.006536
1 0.308977 0.239992 0.007047 0.009395
1 0.324142 0.244690 0.006127 0.008987
1 0.505208 0.261846 0.004902 0.006536
1 0.538909 0.262459 0.006127 0.008578
1 0.946998 0.479167 0.011642 0.020425
1 0.987132 0.320874 0.007966 0.010212
1 0.973346 0.319240 0.006127 0.011029
1 0.900582 0.255923 0.005821 0.006944
1 0.930300 0.256536 0.005208 0.007353
1 0.567402 0.215074 0.003676 0.006944
1 0.706189 0.198121 0.004289 0.006536
1 0.684589 0.170956 0.003370 0.006127
1 0.847580 0.200368 0.004596 0.006127
1 0.858303 0.199346 0.005208 0.006536
1 0.985754 0.212418 0.005208 0.007353
1 0.954350 0.212827 0.004289 0.006536
1 0.929534 0.198325 0.004902 0.006944
1 0.941789 0.205474 0.005515 0.007353
1 0.956495 0.248366 0.010417 0.028595
1 0.961550 0.211193 0.004596 0.006536
1 0.980852 0.177083 0.004596 0.006127
1 0.628523 0.174224 0.005208 0.007761
1 0.611060 0.171364 0.004596 0.006127
1 0.601562 0.174428 0.005208 0.006536
1 0.557904 0.197917 0.003676 0.005310
1 0.560815 0.194036 0.003370 0.004902
1 0.399357 0.133783 0.002757 0.003676
1 0.101409 0.189134 0.005515 0.008170
1 0.609069 0.232435 0.005515 0.008987
1 0.621477 0.239583 0.005208 0.007761
1 0.635110 0.233047 0.005515 0.009395
1 0.628064 0.230392 0.005515 0.008170
1 0.642463 0.223243 0.005515 0.006944
1 0.650735 0.225694 0.004902 0.006944
