1 0.150000 0.436768 0.053125 0.105386
1 0.234375 0.303279 0.062500 0.110070
1 0.233594 0.306792 0.057813 0.103044
1 0.415625 0.291569 0.025000 0.039813
1 0.510938 0.309133 0.018750 0.028103
1 0.574219 0.345433 0.029687 0.058548
1 0.769531 0.416862 0.048438 0.070258
1 0.871875 0.371194 0.050000 0.077283
1 0.678125 0.295082 0.015625 0.023419
1 0.654687 0.285714 0.021875 0.028103
1 0.356250 0.304450 0.012500 0.023419
1 0.444531 0.320843 0.039062 0.088993
1 0.687500 0.385246 0.034375 0.194379
1 0.291406 0.316159 0.057813 0.112412
