1 0.972706 0.844615 0.042973 0.033846
1 0.987224 0.831538 0.025552 0.024615
1 0.789779 0.801923 0.041812 0.034615
1 0.758420 0.811923 0.027875 0.025385
1 0.540070 0.853846 0.072009 0.052308
1 0.642276 0.809615 0.041812 0.033077
1 0.531940 0.809615 0.044135 0.033077
1 0.517422 0.656154 0.029036 0.021538
1 0.591754 0.614231 0.033682 0.023846
1 0.501161 0.623846 0.026713 0.023077
1 0.566783 0.493846 0.020906 0.013846
1 0.494774 0.477308 0.018583 0.017692
1 0.502904 0.445385 0.018583 0.015385
1 0.505807 0.315385 0.010453 0.007692
1 0.493612 0.312308 0.011614 0.009231
1 0.484321 0.315000 0.009292 0.006923
1 0.476771 0.328077 0.010453 0.008462
1 0.456446 0.327308 0.009292 0.006923
1 0.440767 0.314615 0.012776 0.009231
1 0.396051 0.312308 0.013937 0.009231
1 0.409408 0.323077 0.012776 0.010769
1 0.391986 0.344615 0.012776 0.010769
1 0.325784 0.397692 0.017422 0.013846
1 0.349013 0.404615 0.017422 0.015385
1 0.297329 0.442692 0.018583 0.016154
1 0.338560 0.461154 0.017422 0.016154
1 0.262485 0.478077 0.020906 0.020769
1 0.328107 0.490769 0.022067 0.018462
1 0.214866 0.577692 0.027875 0.024615
1 0.222416 0.633077 0.026713 0.026154
1 0.274100 0.643077 0.027875 0.024615
1 0.055749 0.790000 0.039489 0.032308
1 0.178862 0.833846 0.051103 0.041538
1 0.034262 0.934615 0.068525 0.053846
1 0.350755 0.433077 0.018583 0.015385
1 0.228804 0.514231 0.023229 0.022308
