1 0.864583 0.776563 0.270833 0.446875
1 0.672917 0.550312 0.087500 0.066875
1 0.976250 0.521250 0.047500 0.047500
1 0.864167 0.443437 0.038333 0.034375
1 0.928750 0.511250 0.070833 0.163750
1 0.778750 0.440312 0.049167 0.038125
1 0.804583 0.406562 0.020833 0.018125
1 0.733750 0.437500 0.039167 0.030000
1 0.810417 0.396250 0.015833 0.010000
1 0.790000 0.397500 0.015000 0.012500
1 0.749167 0.401250 0.028333 0.021250
1 0.732917 0.400000 0.019167 0.018750
1 0.709167 0.402500 0.015000 0.012500
1 0.157917 0.884687 0.262500 0.230625
1 0.159583 0.600000 0.115833 0.103750
1 0.105833 0.533125 0.105000 0.080000
1 0.032917 0.476250 0.065833 0.062500
1 0.576667 0.430312 0.033333 0.026875
1 0.626667 0.424375 0.030000 0.026250
1 0.529583 0.423438 0.035833 0.030625
1 0.655417 0.396875 0.015833 0.015000
1 0.632500 0.393125 0.016667 0.012500
1 0.617083 0.392188 0.017500 0.013125
1 0.576250 0.395000 0.017500 0.015000
1 0.540000 0.398125 0.018333 0.015000
1 0.501667 0.415000 0.028333 0.020000
1 0.495417 0.400313 0.019167 0.015625
1 0.453333 0.415938 0.031667 0.024375
1 0.415833 0.451562 0.033333 0.031875
1 0.135417 0.414375 0.037500 0.028750
1 0.050000 0.385625 0.020000 0.017500
