1 0.991538 0.562933 0.012308 0.017321
1 0.970385 0.581409 0.011538 0.045035
1 0.937308 0.553695 0.013077 0.019630
1 0.865000 0.659353 0.020769 0.034642
1 0.875385 0.557737 0.012308 0.020785
1 0.848462 0.546189 0.007692 0.013857
1 0.860769 0.606813 0.023077 0.114319
1 0.800769 0.581986 0.018462 0.032333
1 0.791538 0.561201 0.007692 0.011547
1 0.726538 0.566975 0.013077 0.023095
1 0.718462 0.556582 0.009231 0.016166
1 0.703462 0.567552 0.010000 0.017321
1 0.691538 0.557737 0.010769 0.018476
1 0.667308 0.570439 0.013077 0.018476
1 0.626923 0.572748 0.023077 0.034642
1 0.573846 0.522517 0.020000 0.031178
1 0.401923 0.455543 0.119231 0.232102
1 0.520385 0.564665 0.005385 0.009238
1 0.496154 0.598152 0.016923 0.071594
1 0.484231 0.574480 0.008462 0.012702
1 0.446923 0.569284 0.020000 0.036952
1 0.230769 0.552540 0.006154 0.010393
1 0.221923 0.568129 0.005385 0.009238
1 0.264615 0.594111 0.016923 0.068129
1 0.338846 0.527714 0.011538 0.018476
1 0.183077 0.558891 0.009231 0.013857
1 0.171154 0.538684 0.014615 0.026559
1 0.155000 0.452656 0.023846 0.036952
1 0.133846 0.441686 0.021538 0.040416
1 0.102308 0.576212 0.006154 0.009238
1 0.088846 0.561201 0.005385 0.009238
1 0.078462 0.584873 0.012308 0.058891
1 0.067308 0.584873 0.014615 0.063510
1 0.051538 0.558891 0.007692 0.011547
1 0.038846 0.569861 0.005385 0.008083
1 0.030385 0.583718 0.011538 0.042725
1 0.013077 0.554850 0.006154 0.010393
1 0.200000 0.550231 0.010769 0.017321
