1 0.875000 0.887891 0.025000 0.019531
1 0.841146 0.890625 0.015625 0.014063
1 0.776563 0.886719 0.019792 0.021875
1 0.745833 0.924219 0.066667 0.059375
1 0.618229 0.899609 0.038542 0.035156
1 0.595833 0.898438 0.031250 0.026562
1 0.693229 0.882031 0.015625 0.012500
1 0.666667 0.883203 0.018750 0.017969
1 0.644792 0.900391 0.035417 0.035156
1 0.583333 0.897266 0.025000 0.025781
1 0.505208 0.904687 0.025000 0.025000
1 0.522396 0.888672 0.019792 0.016406
1 0.473958 0.884375 0.018750 0.015625
1 0.443750 0.882422 0.027083 0.022656
1 0.432292 0.918750 0.025000 0.023438
1 0.396875 0.912891 0.025000 0.025781
1 0.336979 0.907813 0.032292 0.028125
1 0.302604 0.881641 0.021875 0.019531
1 0.281771 0.882812 0.023958 0.020313
1 0.216667 0.896875 0.029167 0.023438
1 0.168750 0.956250 0.025000 0.020313
1 0.257292 0.898047 0.016667 0.016406
1 0.371354 0.880078 0.019792 0.014844
1 0.389583 0.893750 0.025000 0.018750
1 0.717708 0.899609 0.025000 0.024219
1 0.750521 0.883594 0.019792 0.018750
1 0.828646 0.888281 0.015625 0.015625
1 0.154688 0.890234 0.015625 0.013281
1 0.120313 0.894141 0.019792 0.014844
1 0.172396 0.930859 0.015625 0.013281
1 0.085417 0.897266 0.039583 0.033594
1 0.043750 0.894531 0.029167 0.023438
1 0.135417 0.889062 0.016667 0.017188
1 0.796354 0.885156 0.019792 0.018750
