1 0.177308 0.617353 0.073077 0.151061
1 0.350000 0.121723 0.063077 0.123596
1 0.340385 0.149813 0.043846 0.072409
1 0.381538 0.167291 0.035385 0.084894
1 0.476154 0.568040 0.047692 0.074906
1 0.465385 0.433208 0.043077 0.079900
1 0.650385 0.600499 0.034615 0.052434
1 0.496154 0.323970 0.033846 0.058677
1 0.525769 0.294632 0.028462 0.057428
1 0.549615 0.337703 0.028462 0.056180
1 0.560000 0.471910 0.138462 0.192260
1 0.773077 0.580524 0.027692 0.052434
1 0.796154 0.539950 0.026154 0.043695
1 0.830385 0.599251 0.023846 0.037453
1 0.718462 0.474407 0.023077 0.039950
1 0.676538 0.378901 0.025385 0.048689
1 0.616538 0.362047 0.017692 0.032459
1 0.645000 0.361423 0.019231 0.043695
1 0.600385 0.358926 0.017692 0.031211
1 0.684615 0.338951 0.020000 0.036205
1 0.710385 0.360799 0.020769 0.032459
1 0.751923 0.355805 0.022308 0.037453
1 0.761154 0.361423 0.020769 0.031211
1 0.780769 0.362672 0.018462 0.031211
1 0.807692 0.355805 0.018462 0.029963
1 0.826154 0.350811 0.021538 0.039950
1 0.848462 0.353308 0.020000 0.037453
1 0.874231 0.362047 0.019231 0.032459
1 0.009231 0.353933 0.018462 0.031211
1 0.024615 0.398876 0.012308 0.021223
1 0.069615 0.457553 0.016154 0.031211
1 0.083462 0.405119 0.010000 0.018727
1 0.122692 0.406367 0.008462 0.013733
1 0.141923 0.396380 0.010000 0.018727
1 0.147308 0.399501 0.014615 0.027466
1 0.246154 0.499376 0.015385 0.034956
1 0.242308 0.395131 0.009231 0.013733
1 0.281538 0.388265 0.015385 0.027466
1 0.175000 0.343321 0.019231 0.032459
1 0.200769 0.335830 0.021538 0.037453
