1 0.048584 0.470330 0.043457 0.052747
1 0.460449 0.502198 0.022461 0.037363
1 0.419678 0.489377 0.023926 0.038095
1 0.436279 0.490476 0.020020 0.034432
1 0.472900 0.500000 0.020020 0.034432
1 0.471436 0.481319 0.018066 0.027839
1 0.502686 0.499267 0.019043 0.031502
1 0.502930 0.490842 0.014648 0.029304
1 0.535889 0.499634 0.017090 0.027839
1 0.538574 0.476190 0.016602 0.032234
1 0.569824 0.500366 0.015625 0.027839
1 0.572754 0.484615 0.014648 0.028571
1 0.602295 0.500366 0.016113 0.027839
1 0.608154 0.482784 0.015137 0.030769
1 0.639648 0.506227 0.014648 0.027839
1 0.647705 0.499267 0.013184 0.027106
1 0.675537 0.500366 0.017090 0.030769
1 0.683350 0.481319 0.015137 0.029304
1 0.783203 0.510623 0.040039 0.043956
1 0.944336 0.467033 0.022461 0.032967
