1 0.008333 0.498889 0.016667 0.024444
1 0.079167 0.491667 0.013333 0.021111
1 0.185000 0.483333 0.058333 0.077778
1 0.117500 0.450000 0.050000 0.064444
1 0.147500 0.466667 0.045000 0.057778
1 0.246667 0.517222 0.046667 0.054444
1 0.350000 0.499444 0.058333 0.070000
1 0.322917 0.497778 0.037500 0.060000
1 0.266667 0.458333 0.046667 0.050000
1 0.323333 0.450556 0.038333 0.054444
1 0.487083 0.473333 0.050833 0.062222
1 0.498333 0.619444 0.036667 0.045556
1 0.429167 0.607222 0.038333 0.058889
1 0.412917 0.575000 0.040833 0.061111
