1 0.781641 0.635193 0.050781 0.062232
1 0.704297 0.647532 0.033594 0.050429
1 0.487500 0.685086 0.040625 0.076180
1 0.130078 0.809549 0.044531 0.067597
1 0.135156 0.809013 0.032813 0.066524
1 0.251953 0.767704 0.022656 0.041845
1 0.317578 0.729614 0.027344 0.036481
1 0.367578 0.719957 0.025781 0.042918
1 0.398047 0.697425 0.024219 0.051502
1 0.421094 0.707618 0.034375 0.061159
1 0.582812 0.666845 0.029687 0.046137
1 0.555859 0.684549 0.025781 0.040773
1 0.553125 0.682403 0.026562 0.036481
1 0.317188 0.729614 0.025000 0.036481
1 0.357031 0.712983 0.017188 0.031116
1 0.378516 0.693670 0.014844 0.026824
1 0.445312 0.688305 0.012500 0.020386
1 0.460938 0.710300 0.029687 0.042918
