1 0.335938 0.698438 0.013542 0.021875
1 0.369271 0.682813 0.011458 0.018750
1 0.391667 0.600781 0.010417 0.020313
1 0.480208 0.652344 0.012500 0.017188
1 0.503125 0.642969 0.014583 0.020313
1 0.509896 0.639844 0.009375 0.017188
1 0.542708 0.654687 0.012500 0.015625
1 0.568229 0.646875 0.013542 0.021875
1 0.579167 0.614844 0.010417 0.017188
1 0.601042 0.605469 0.012500 0.017188
1 0.631771 0.602344 0.011458 0.017188
1 0.394271 0.746094 0.011458 0.023438
1 0.357812 0.752344 0.015625 0.026562
1 0.538542 0.850000 0.016667 0.025000
1 0.585417 0.739844 0.018750 0.020313
1 0.573438 0.710156 0.013542 0.023438
1 0.593750 0.702344 0.014583 0.020313
1 0.700000 0.691406 0.014583 0.020313
1 0.713021 0.677344 0.015625 0.023438
1 0.667188 0.642969 0.009375 0.014063
1 0.677083 0.626563 0.010417 0.018750
