1 0.619260 0.293499 0.059949 0.089866
1 0.748087 0.310707 0.052296 0.093690
1 0.973852 0.398662 0.026786 0.055449
1 0.940051 0.385277 0.020408 0.043977
1 0.903061 0.392925 0.012755 0.024857
1 0.994260 0.343212 0.011480 0.032505
1 0.985969 0.346080 0.017857 0.034417
1 0.891582 0.344168 0.015306 0.030593
1 0.829719 0.354685 0.011480 0.021033
1 0.812500 0.365201 0.015306 0.022945
1 0.727041 0.369981 0.010204 0.017208
1 0.702806 0.369025 0.010204 0.015296
1 0.577806 0.372849 0.007653 0.015296
1 0.595663 0.366157 0.010204 0.017208
1 0.459184 0.374761 0.005102 0.007648
1 0.480230 0.370937 0.006378 0.011472
1 0.486607 0.369025 0.006378 0.011472
1 0.487245 0.409178 0.017857 0.057361
1 0.448342 0.390057 0.016582 0.068834
1 0.308673 0.364245 0.007653 0.009560
1 0.325255 0.395793 0.007653 0.011472
1 0.124362 0.394837 0.008929 0.013384
1 0.083546 0.375717 0.008929 0.013384
1 0.069515 0.422562 0.026786 0.076482
1 0.045918 0.374761 0.007653 0.011472
1 0.028061 0.370937 0.007653 0.011472
1 0.036352 0.406310 0.016582 0.082218
