1 0.023000 0.182272 0.010000 0.014981
1 0.046000 0.183521 0.012000 0.017478
1 0.044500 0.165418 0.013000 0.016230
1 0.063500 0.166042 0.009000 0.012484
1 0.084500 0.165418 0.009000 0.016230
1 0.105000 0.167915 0.010000 0.013733
1 0.048500 0.115481 0.009000 0.013733
1 0.028000 0.143571 0.010000 0.017478
1 0.170500 0.124844 0.011000 0.014981
1 0.215500 0.128589 0.009000 0.012484
1 0.259500 0.109238 0.009000 0.013733
1 0.279000 0.127341 0.008000 0.012484
1 0.296500 0.118602 0.011000 0.014981
1 0.317000 0.119226 0.010000 0.013733
1 0.333000 0.182272 0.010000 0.012484
1 0.359000 0.116729 0.006000 0.008739
1 0.383500 0.116729 0.009000 0.013733
1 0.414500 0.113608 0.011000 0.014981
1 0.437000 0.121723 0.010000 0.013733
1 0.470500 0.159800 0.007000 0.009988
1 0.492500 0.159176 0.011000 0.013733
1 0.554000 0.144819 0.008000 0.012484
1 0.602500 0.136080 0.009000 0.014981
1 0.642500 0.122347 0.009000 0.014981
1 0.625000 0.226592 0.012000 0.018727
1 0.650000 0.253433 0.026000 0.079900
1 0.620500 0.193508 0.013000 0.014981
1 0.642000 0.191011 0.008000 0.012484
1 0.770000 0.186017 0.008000 0.012484
1 0.797000 0.214107 0.010000 0.016230
1 0.836500 0.201623 0.009000 0.013733
1 0.872000 0.199750 0.010000 0.014981
1 0.915000 0.167915 0.008000 0.011236
1 0.993000 0.341448 0.014000 0.063670
1 0.974000 0.308365 0.012000 0.019975
1 0.950000 0.310237 0.012000 0.016230
1 0.910000 0.304619 0.012000 0.014981
1 0.926000 0.275281 0.010000 0.013733
1 0.905500 0.278402 0.011000 0.014981
1 0.889500 0.274657 0.009000 0.012484
1 0.859500 0.269663 0.009000 0.012484
1 0.841000 0.262172 0.012000 0.017478
1 0.810000 0.299001 0.012000 0.016230
1 0.323500 0.232834 0.009000 0.016230
1 0.349000 0.240949 0.010000 0.017478
1 0.040500 0.282147 0.009000 0.012484
1 0.067500 0.272160 0.011000 0.014981
1 0.110500 0.249064 0.045000 0.066167
1 0.210500 0.231586 0.045000 0.058677
1 0.275000 0.231586 0.046000 0.061174
1 0.386500 0.227216 0.043000 0.057428
1 0.460000 0.264045 0.042000 0.058677
1 0.502000 0.224719 0.040000 0.057428
1 0.569000 0.235955 0.042000 0.064919
1 0.683500 0.239076 0.043000 0.068664
1 0.734000 0.256554 0.034000 0.046192
1 0.903000 0.397628 0.054000 0.076155
1 0.756000 0.398876 0.048000 0.068664
1 0.581500 0.408240 0.051000 0.084894
1 0.383500 0.403870 0.053000 0.071161
1 0.245000 0.379526 0.052000 0.077403
