1 0.021026 0.800719 0.015385 0.011511
1 0.086667 0.766906 0.013333 0.012950
1 0.160513 0.777698 0.015385 0.012950
1 0.171282 0.760432 0.014359 0.011511
1 0.196410 0.755396 0.015385 0.010072
1 0.312821 0.945324 0.049231 0.061871
1 0.331282 0.903597 0.016410 0.012950
1 0.353333 0.895683 0.019487 0.020144
1 0.361538 0.881295 0.019487 0.015827
1 0.381538 0.863669 0.018462 0.013669
1 0.392308 0.852878 0.013333 0.012230
1 0.358974 0.810791 0.018462 0.015827
1 0.377436 0.932734 0.024615 0.017986
1 0.393333 0.894964 0.019487 0.014388
1 0.404103 0.876259 0.022564 0.014388
1 0.419487 0.865468 0.018462 0.017266
1 0.428205 0.852158 0.017436 0.016547
1 0.424615 0.802878 0.016410 0.011511
1 0.453846 0.787410 0.015385 0.013669
1 0.550769 0.775540 0.014359 0.011511
1 0.765128 0.841007 0.018462 0.015827
1 0.822051 0.846763 0.019487 0.015827
1 0.863077 0.912950 0.021538 0.017266
1 0.829231 0.821583 0.019487 0.015827
1 0.796410 0.772302 0.013333 0.010791
1 0.215897 0.601079 0.007179 0.005036
1 0.260000 0.620144 0.015385 0.031655
1 0.224615 0.637770 0.008205 0.005036
1 0.233333 0.671942 0.009231 0.007194
1 0.234872 0.661511 0.010256 0.009353
1 0.262051 0.653957 0.009231 0.007194
1 0.275897 0.639568 0.008205 0.005755
1 0.288718 0.636691 0.007179 0.005755
1 0.295385 0.668705 0.010256 0.006475
1 0.321538 0.617266 0.007179 0.005755
1 0.333333 0.643525 0.008205 0.006475
1 0.345641 0.632374 0.008205 0.007194
1 0.345128 0.617266 0.007179 0.004317
1 0.336923 0.610791 0.007179 0.005755
1 0.370256 0.614388 0.008205 0.005755
1 0.377436 0.616547 0.008205 0.005755
1 0.384615 0.614388 0.006154 0.004317
1 0.372308 0.608993 0.006154 0.005036
1 0.403590 0.608993 0.007179 0.005036
1 0.370769 0.654317 0.009231 0.007914
1 0.395385 0.661151 0.019487 0.043165
1 0.395385 0.669424 0.009231 0.007914
1 0.392821 0.712590 0.012308 0.009353
1 0.408205 0.637050 0.008205 0.006475
1 0.432821 0.647122 0.008205 0.007914
1 0.476923 0.703597 0.014359 0.010072
1 0.474359 0.679137 0.009231 0.007194
1 0.508205 0.713309 0.011282 0.009353
1 0.501026 0.698561 0.013333 0.011511
1 0.520000 0.666547 0.010256 0.007914
1 0.542051 0.690647 0.011282 0.008633
1 0.554359 0.680935 0.011282 0.007914
1 0.565641 0.671583 0.009231 0.006475
1 0.568718 0.680216 0.009231 0.006475
1 0.569231 0.688129 0.008205 0.007914
1 0.579487 0.727338 0.012308 0.008633
1 0.591795 0.675540 0.012308 0.010072
1 0.602564 0.672302 0.011282 0.006475
1 0.632821 0.704317 0.012308 0.010072
1 0.636923 0.708273 0.008205 0.006475
1 0.660000 0.729137 0.011282 0.009353
1 0.678462 0.710791 0.013333 0.011511
1 0.691795 0.727698 0.011282 0.010791
1 0.720000 0.731655 0.010256 0.008633
1 0.728718 0.721223 0.011282 0.009353
1 0.736410 0.730935 0.012308 0.008633
1 0.743590 0.716187 0.012308 0.007914
1 0.774872 0.718705 0.013333 0.010072
1 0.528205 0.661511 0.008205 0.006475
1 0.587179 0.664388 0.009231 0.007914
1 0.603077 0.650000 0.010256 0.007914
1 0.502564 0.641727 0.008205 0.005755
1 0.623590 0.662230 0.010256 0.007914
1 0.653333 0.657914 0.010256 0.007914
1 0.763077 0.657554 0.010256 0.007194
1 0.757436 0.625180 0.007179 0.005755
1 0.690256 0.640647 0.008205 0.007914
1 0.687692 0.654676 0.013333 0.041727
1 0.674359 0.640288 0.009231 0.007194
1 0.656923 0.641007 0.007179 0.005755
1 0.664615 0.641007 0.010256 0.007194
1 0.665641 0.641727 0.010256 0.007194
1 0.636410 0.636691 0.007179 0.007194
1 0.635897 0.615827 0.006154 0.005755
1 0.603590 0.626619 0.007179 0.005755
1 0.512308 0.603957 0.007179 0.005036
1 0.497436 0.603237 0.006154 0.005036
1 0.483077 0.629856 0.008205 0.006475
1 0.630769 0.593885 0.006154 0.005036
1 0.536410 0.584173 0.006154 0.005755
1 0.708718 0.592806 0.004103 0.004317
1 0.694359 0.592806 0.006154 0.004317
1 0.689744 0.587050 0.007179 0.004317
1 0.726154 0.589568 0.006154 0.005036
1 0.627179 0.574820 0.005128 0.004317
1 0.600000 0.581655 0.006154 0.005036
1 0.618974 0.555755 0.005128 0.003597
1 0.610769 0.552878 0.005128 0.003597
1 0.598974 0.573022 0.012308 0.022302
1 0.597436 0.564029 0.005128 0.002878
1 0.564615 0.564029 0.005128 0.004317
1 0.545128 0.562230 0.005128 0.003597
1 0.600513 0.582734 0.005128 0.005755
