1 0.094105 0.681507 0.019176 0.039726
1 0.147727 0.693836 0.018466 0.036986
1 0.191761 0.678767 0.018466 0.039726
1 0.202770 0.667123 0.020597 0.043836
1 0.235085 0.708904 0.014205 0.034247
1 0.233310 0.678767 0.013494 0.034247
1 0.260653 0.659589 0.022727 0.045205
1 0.280540 0.685616 0.014205 0.036986
1 0.278409 0.635616 0.011364 0.027397
1 0.280185 0.687671 0.016335 0.043836
1 0.318537 0.693836 0.012074 0.020548
1 0.355469 0.678767 0.012074 0.028767
1 0.367898 0.665068 0.009943 0.017808
1 0.400213 0.676027 0.012074 0.028767
1 0.426491 0.663699 0.012074 0.026027
1 0.457031 0.671233 0.013494 0.030137
1 0.473366 0.679452 0.014915 0.030137
1 0.502131 0.681507 0.017045 0.031507
1 0.560724 0.686301 0.016335 0.035616
1 0.595170 0.671918 0.018466 0.042466
1 0.622869 0.661644 0.011364 0.021918
1 0.636719 0.676712 0.010653 0.021918
1 0.718395 0.659589 0.013494 0.026027
1 0.742898 0.655479 0.014205 0.028767
1 0.777699 0.658904 0.014205 0.030137
1 0.834517 0.650000 0.009943 0.023288
1 0.836648 0.677397 0.017045 0.036986
1 0.861151 0.652740 0.014915 0.028767
1 0.886719 0.667808 0.014915 0.039726
1 0.906250 0.647260 0.015625 0.036986
1 0.898082 0.745890 0.017756 0.045205
1 0.923651 0.652055 0.017756 0.032877
1 0.949574 0.644521 0.017045 0.042466
1 0.946733 0.689726 0.018466 0.042466
1 0.494318 0.545205 0.009943 0.049315
1 0.500710 0.545890 0.009943 0.053425
