1 0.266113 0.076135 0.047852 0.096633
1 0.370117 0.138360 0.048828 0.089312
1 0.337891 0.240117 0.046875 0.090776
1 0.397949 0.307467 0.041992 0.099561
1 0.525391 0.122987 0.044922 0.081991
1 0.488281 0.259151 0.046875 0.105417
1 0.526367 0.311859 0.048828 0.102489
1 0.499512 0.402635 0.055664 0.105417
1 0.495605 0.439239 0.051758 0.108346
1 0.624023 0.379941 0.044922 0.106881
1 0.703125 0.321376 0.042969 0.071742
1 0.639160 0.204978 0.049805 0.108346
1 0.730469 0.210102 0.044922 0.089312
1 0.804688 0.306735 0.042969 0.098097
1 0.837891 0.289898 0.042969 0.084919
