1 0.045898 0.387262 0.085938 0.156662
1 0.070801 0.592972 0.041992 0.079063
1 0.155273 0.473646 0.066406 0.098097
1 0.208496 0.640556 0.098633 0.162518
1 0.252441 0.481698 0.069336 0.134700
1 0.313965 0.528551 0.045898 0.079063
1 0.418945 0.549780 0.052734 0.092240
1 0.459961 0.592972 0.039062 0.067350
1 0.504883 0.590044 0.044922 0.084919
1 0.580566 0.522694 0.043945 0.081991
1 0.684082 0.441435 0.063477 0.103953
1 0.760254 0.551977 0.047852 0.087848
1 0.778320 0.552709 0.041016 0.077599
1 0.845215 0.435578 0.069336 0.130307
1 0.927246 0.499268 0.053711 0.076135
