1 0.866146 0.268667 0.040625 0.068000
1 0.805208 0.266000 0.039583 0.068000
1 0.738542 0.264667 0.039583 0.073333
1 0.654687 0.270667 0.046875 0.080000
1 0.569792 0.264000 0.056250 0.082667
1 0.431250 0.266667 0.045833 0.085333
1 0.342187 0.270667 0.048958 0.085333
1 0.257292 0.263333 0.045833 0.076000
1 0.191667 0.267333 0.045833 0.070667
1 0.133333 0.271333 0.045833 0.068000
1 0.784375 0.480000 0.050000 0.082667
1 0.707292 0.482667 0.056250 0.090667
1 0.605729 0.468667 0.057292 0.092000
1 0.414062 0.476000 0.059375 0.090667
1 0.302083 0.482667 0.052083 0.090667
1 0.218229 0.489333 0.051042 0.090667
