1 0.151204 0.469835 0.059570 0.100260
1 0.284505 0.429470 0.056641 0.091580
1 0.416667 0.435113 0.050130 0.082899
1 0.564453 0.407552 0.057943 0.108507
1 0.728678 0.409722 0.062174 0.108507
1 0.872884 0.414280 0.060221 0.103733
1 0.168945 0.282986 0.050130 0.078125
1 0.286621 0.310113 0.043294 0.072483
1 0.375163 0.318142 0.042643 0.079861
1 0.490885 0.308377 0.043620 0.078559
1 0.592448 0.293620 0.046875 0.080295
1 0.688639 0.273655 0.049805 0.076823
1 0.807780 0.270616 0.053060 0.082031
1 0.237142 0.273003 0.040690 0.067708
1 0.310872 0.257812 0.040365 0.071181
1 0.382812 0.259549 0.042318 0.063368
1 0.448405 0.263455 0.037435 0.061632
1 0.532064 0.253472 0.036133 0.065104
1 0.612305 0.237196 0.039714 0.064670
1 0.682454 0.225260 0.041992 0.072049
1 0.580729 0.238064 0.035807 0.064670
1 0.507324 0.210720 0.038086 0.065538
1 0.417480 0.234375 0.032227 0.056424
1 0.346191 0.238498 0.039388 0.066406
1 0.256510 0.210938 0.037109 0.060764
1 0.308757 0.132378 0.032227 0.053819
1 0.378906 0.129991 0.032552 0.051649
1 0.461263 0.136068 0.031250 0.054253
1 0.516927 0.107205 0.032552 0.065104
1 0.586100 0.134332 0.034831 0.060330
