1 0.956667 0.393333 0.033333 0.066667
1 0.906111 0.408333 0.032222 0.056667
1 0.867222 0.387500 0.027778 0.055000
1 0.816667 0.368333 0.026667 0.056667
1 0.762778 0.360000 0.034444 0.070000
1 0.700000 0.353333 0.031111 0.060000
1 0.655000 0.370000 0.027778 0.056667
1 0.606667 0.373333 0.031111 0.063333
1 0.530556 0.355833 0.027778 0.061667
1 0.480556 0.367500 0.030000 0.055000
1 0.421667 0.363333 0.030000 0.056667
1 0.380556 0.370000 0.027778 0.050000
1 0.288889 0.442500 0.035556 0.071667
1 0.205556 0.482500 0.033333 0.068333
1 0.145556 0.485833 0.040000 0.075000
1 0.331667 0.385000 0.027778 0.056667
1 0.285556 0.368333 0.028889 0.056667
1 0.229444 0.348333 0.030000 0.063333
1 0.173333 0.318333 0.035556 0.056667
1 0.097222 0.344167 0.034444 0.065000
1 0.043889 0.366667 0.034444 0.056667
1 0.053889 0.338333 0.030000 0.060000
1 0.129444 0.312500 0.030000 0.051667
1 0.199444 0.325000 0.032222 0.053333
1 0.260000 0.323333 0.031111 0.056667
1 0.302778 0.299167 0.032222 0.058333
1 0.341111 0.302500 0.031111 0.058333
1 0.445556 0.341667 0.033333 0.053333
1 0.565000 0.350833 0.027778 0.051667
1 0.805556 0.315000 0.028889 0.050000
1 0.843889 0.340833 0.030000 0.055000
1 0.895000 0.340000 0.027778 0.053333
