1 0.112667 0.658284 0.030667 0.076923
1 0.213000 0.649408 0.024667 0.076923
1 0.277667 0.674556 0.027333 0.076923
1 0.356000 0.640533 0.024000 0.071006
1 0.433667 0.642012 0.026000 0.071006
1 0.517333 0.642751 0.026667 0.078402
1 0.617000 0.643491 0.028667 0.079882
1 0.703000 0.658284 0.031333 0.094675
1 0.792667 0.639053 0.029333 0.082840
1 0.887667 0.631657 0.034000 0.085799
1 0.175333 0.505917 0.030667 0.076923
1 0.246333 0.480030 0.027333 0.075444
1 0.308333 0.495562 0.028667 0.076923
1 0.368000 0.492604 0.024000 0.062130
1 0.427000 0.496302 0.026000 0.072485
1 0.485333 0.498521 0.024000 0.068047
1 0.544667 0.502219 0.026667 0.072485
1 0.600667 0.497781 0.025333 0.069527
1 0.661000 0.484467 0.023333 0.066568
1 0.716000 0.506657 0.026667 0.078402
1 0.774000 0.511095 0.024000 0.069527
1 0.826667 0.496302 0.026667 0.066568
1 0.892667 0.309911 0.029333 0.072485
1 0.822000 0.360947 0.029333 0.068047
1 0.763667 0.369822 0.024667 0.068047
1 0.717000 0.370562 0.024667 0.069527
1 0.665000 0.368343 0.020667 0.062130
1 0.612667 0.369083 0.022667 0.057692
1 0.559000 0.325444 0.022000 0.065089
1 0.495333 0.328402 0.022667 0.065089
1 0.436000 0.340976 0.024000 0.069527
1 0.380333 0.340237 0.024667 0.071006
1 0.312667 0.323964 0.026667 0.071006
1 0.251667 0.348373 0.024667 0.066568
1 0.194000 0.366864 0.026667 0.065089
1 0.116333 0.330621 0.030000 0.078402
1 0.145667 0.150148 0.023333 0.063609
1 0.188000 0.147929 0.025333 0.062130
1 0.234667 0.116124 0.026667 0.072485
1 0.302000 0.107988 0.024000 0.062130
1 0.368333 0.122781 0.023333 0.062130
1 0.429000 0.176036 0.019333 0.059172
1 0.600333 0.142012 0.022000 0.059172
1 0.647000 0.159024 0.019333 0.057692
1 0.700000 0.164201 0.021333 0.059172
1 0.754333 0.116124 0.023333 0.069527
1 0.816333 0.167160 0.022000 0.062130
1 0.852000 0.176036 0.022667 0.059172
