1 0.066406 0.729167 0.017578 0.023438
1 0.068359 0.677734 0.013672 0.016927
1 0.040527 0.669922 0.010742 0.014323
1 0.014648 0.707682 0.029297 0.089844
1 0.005371 0.672526 0.010742 0.016927
1 0.197266 0.705078 0.011719 0.016927
1 0.223633 0.733724 0.007812 0.011719
1 0.248047 0.708984 0.009766 0.014323
1 0.333496 0.713542 0.012695 0.018229
1 0.313477 0.706380 0.015625 0.019531
1 0.298828 0.767578 0.019531 0.066406
1 0.352051 0.678385 0.010742 0.015625
1 0.383789 0.692708 0.007812 0.013021
1 0.394043 0.718750 0.014648 0.075521
1 0.444336 0.690755 0.007812 0.009115
1 0.466797 0.708333 0.015625 0.054688
1 0.484863 0.687500 0.006836 0.007812
1 0.508789 0.690755 0.005859 0.009115
1 0.519043 0.694661 0.004883 0.006510
1 0.532715 0.712240 0.018555 0.065104
1 0.542480 0.696615 0.010742 0.015625
1 0.596191 0.702474 0.006836 0.011719
1 0.272461 0.615234 0.005859 0.009115
1 0.013672 0.623698 0.027344 0.033854
1 0.020508 0.623698 0.005859 0.007812
1 0.154785 0.612630 0.008789 0.011719
1 0.187988 0.617839 0.006836 0.009115
1 0.196777 0.638021 0.016602 0.023438
1 0.223145 0.610026 0.006836 0.009115
1 0.241699 0.632161 0.014648 0.032552
