1 0.993157 0.841739 0.013685 0.062609
1 0.971163 0.868696 0.024438 0.053913
1 0.838710 0.797391 0.017595 0.036522
1 0.799120 0.853913 0.012708 0.031304
1 0.784457 0.838261 0.018573 0.034783
1 0.764418 0.840870 0.017595 0.029565
1 0.739003 0.813913 0.013685 0.024348
1 0.705279 0.851304 0.012708 0.022609
1 0.689638 0.857391 0.012708 0.027826
1 0.678886 0.862609 0.012708 0.024348
1 0.663245 0.867826 0.010753 0.020870
1 0.646139 0.873043 0.009775 0.020870
1 0.635875 0.856522 0.010753 0.019130
1 0.609971 0.862609 0.011730 0.024348
1 0.616325 0.860870 0.010753 0.024348
1 0.581134 0.901739 0.010753 0.019130
1 0.588954 0.925217 0.022483 0.142609
1 0.553275 0.858261 0.011730 0.026087
1 0.563050 0.860870 0.009775 0.020870
1 0.569404 0.922609 0.020528 0.154783
1 0.573314 0.913913 0.008798 0.015652
1 0.538123 0.866957 0.010753 0.022609
1 0.510264 0.853913 0.013685 0.027826
1 0.517107 0.861739 0.009775 0.026087
1 0.485826 0.846957 0.011730 0.024348
1 0.436461 0.843478 0.012708 0.020870
1 0.416911 0.863478 0.012708 0.029565
1 0.396383 0.866087 0.010753 0.027826
1 0.460899 0.932174 0.016618 0.135652
1 0.449658 0.879130 0.009775 0.019130
1 0.510264 0.854783 0.011730 0.026087
1 0.403226 0.871304 0.008798 0.020870
1 0.380743 0.879130 0.010753 0.022609
1 0.378788 0.888696 0.010753 0.020870
1 0.347996 0.871304 0.011730 0.020870
1 0.331867 0.870435 0.012708 0.026087
1 0.311828 0.857391 0.011730 0.020870
1 0.365591 0.884348 0.009775 0.019130
1 0.249756 0.864348 0.012708 0.027826
1 0.282991 0.878261 0.010753 0.020870
1 0.267840 0.873043 0.007820 0.013913
1 0.219941 0.883478 0.013685 0.024348
1 0.231672 0.930435 0.015640 0.139130
1 0.158847 0.770435 0.043988 0.073043
1 0.072336 0.780870 0.035191 0.080000
1 0.019550 0.778261 0.039101 0.071304
1 0.092375 0.931304 0.026393 0.137391
1 0.110459 0.931304 0.023460 0.126957
1 0.213587 0.875652 0.006843 0.015652
1 0.204790 0.879130 0.010753 0.019130
1 0.304985 0.870435 0.007820 0.015652
1 0.331867 0.869565 0.014663 0.024348
1 0.455034 0.868696 0.008798 0.019130
