1 0.877000 0.852137 0.042000 0.073504
1 0.959500 0.915385 0.013000 0.025641
1 0.804500 0.886325 0.017000 0.032479
1 0.769000 0.900000 0.012000 0.018803
1 0.752000 0.900000 0.010000 0.022222
1 0.720500 0.867521 0.011000 0.022222
1 0.682500 0.877778 0.013000 0.025641
1 0.688500 0.875214 0.009000 0.020513
1 0.637500 0.891453 0.011000 0.022222
1 0.625500 0.885470 0.011000 0.020513
1 0.577000 0.886325 0.014000 0.022222
1 0.559000 0.876068 0.012000 0.022222
1 0.527500 0.877778 0.011000 0.018803
1 0.919500 0.847863 0.011000 0.017094
1 0.700000 0.868376 0.010000 0.017094
1 0.816000 0.894872 0.008000 0.015385
1 0.656500 0.864103 0.005000 0.008547
1 0.642000 0.864103 0.006000 0.008547
1 0.637500 0.863248 0.005000 0.010256
1 0.622500 0.863248 0.005000 0.010256
1 0.605500 0.859829 0.007000 0.013675
1 0.586000 0.868376 0.010000 0.020513
1 0.513500 0.870085 0.007000 0.013675
1 0.495000 0.866667 0.006000 0.013675
1 0.422500 0.865812 0.011000 0.018803
1 0.412500 0.871795 0.009000 0.013675
1 0.323000 0.880342 0.016000 0.030769
1 0.299000 0.872650 0.010000 0.018803
1 0.336500 0.871795 0.009000 0.017094
1 0.314500 0.872650 0.007000 0.011966
1 0.342000 0.851282 0.004000 0.006838
1 0.271000 0.872650 0.008000 0.015385
1 0.256000 0.876068 0.008000 0.015385
1 0.244500 0.872650 0.009000 0.015385
1 0.236500 0.869231 0.007000 0.011966
1 0.219500 0.868376 0.007000 0.013675
1 0.207000 0.877778 0.010000 0.018803
1 0.186500 0.885470 0.017000 0.034188
1 0.171500 0.873504 0.007000 0.010256
1 0.161000 0.870085 0.010000 0.017094
1 0.094500 0.900000 0.031000 0.056410
1 0.031500 0.874359 0.033000 0.056410
1 0.066500 0.881197 0.009000 0.018803
1 0.040500 0.873504 0.005000 0.010256
1 0.903000 0.894017 0.010000 0.017094
1 0.922500 0.898291 0.011000 0.018803
1 0.555500 0.864103 0.005000 0.008547
1 0.076500 0.892308 0.009000 0.017094
1 0.517500 0.907692 0.015000 0.071795
