1 0.634896 0.230556 0.092708 0.147222
1 0.275521 0.261806 0.090625 0.170833
1 0.760417 0.354167 0.125000 0.211111
1 0.469271 0.500694 0.236458 0.462500
1 0.900000 0.222222 0.020833 0.030556
1 0.909896 0.195139 0.009375 0.012500
1 0.888021 0.190278 0.011458 0.016667
1 0.845833 0.138194 0.008333 0.012500
1 0.796875 0.203472 0.018750 0.031944
1 0.754167 0.099306 0.006250 0.009722
1 0.735938 0.099306 0.007292 0.009722
1 0.752083 0.050000 0.006250 0.008333
1 0.740625 0.045139 0.006250 0.009722
1 0.646354 0.059028 0.005208 0.006944
1 0.642708 0.044444 0.006250 0.008333
1 0.608333 0.050000 0.006250 0.008333
1 0.596875 0.115972 0.006250 0.006944
1 0.121354 0.199306 0.017708 0.029167
1 0.163021 0.190972 0.021875 0.029167
1 0.349479 0.209722 0.026042 0.033333
1 0.577604 0.113194 0.005208 0.009722
1 0.558854 0.041667 0.005208 0.008333
1 0.535417 0.037500 0.004167 0.005556
1 0.542188 0.044444 0.005208 0.008333
1 0.519792 0.052778 0.004167 0.008333
1 0.022396 0.194444 0.044792 0.063889
1 0.587500 0.040278 0.006250 0.011111
1 0.553646 0.118056 0.009375 0.013889
