1 0.974063 0.516667 0.008125 0.017778
1 0.984375 0.510000 0.005000 0.011111
1 0.947500 0.521667 0.008750 0.016667
1 0.915312 0.517778 0.006875 0.013333
1 0.886563 0.517778 0.006875 0.013333
1 0.829375 0.508889 0.008750 0.017778
1 0.805312 0.566111 0.028125 0.063333
1 0.758125 0.566111 0.030000 0.063333
1 0.731250 0.560556 0.027500 0.061111
1 0.658125 0.492778 0.027500 0.063333
1 0.557187 0.483333 0.021875 0.053333
1 0.582187 0.471111 0.021875 0.051111
1 0.615938 0.588333 0.015625 0.043333
1 0.629062 0.542778 0.015625 0.036667
1 0.521250 0.527222 0.016250 0.036667
1 0.690000 0.537778 0.025000 0.060000
1 0.704375 0.543333 0.022500 0.051111
1 0.716562 0.518333 0.016875 0.034444
1 0.738437 0.537222 0.021875 0.036667
1 0.811875 0.505000 0.003750 0.007778
1 0.797813 0.511667 0.005625 0.012222
1 0.801562 0.507222 0.004375 0.007778
1 0.781875 0.500556 0.003750 0.007778
1 0.787500 0.513333 0.006250 0.011111
1 0.765938 0.502778 0.003125 0.007778
1 0.759375 0.521667 0.011250 0.050000
1 0.733750 0.525000 0.012500 0.056667
1 0.741563 0.508889 0.008125 0.015556
1 0.643750 0.506667 0.011250 0.024444
1 0.599063 0.540556 0.014375 0.032222
1 0.602187 0.522222 0.011875 0.022222
1 0.482812 0.508333 0.011875 0.021111
1 0.441250 0.529444 0.012500 0.023333
1 0.454062 0.531667 0.010625 0.023333
1 0.440937 0.515000 0.011875 0.025556
1 0.411250 0.525000 0.011250 0.023333
1 0.402813 0.512778 0.006875 0.012222
1 0.335000 0.520000 0.008750 0.015556
1 0.383750 0.513889 0.007500 0.012222
1 0.391875 0.506111 0.007500 0.012222
1 0.431875 0.481667 0.006250 0.012222
1 0.460313 0.471111 0.005625 0.008889
1 0.305625 0.513333 0.010000 0.022222
1 0.291250 0.513333 0.010000 0.024444
1 0.257188 0.503889 0.010625 0.023333
1 0.264688 0.511667 0.011875 0.021111
1 0.266562 0.512222 0.010625 0.020000
1 0.242500 0.516667 0.010000 0.022222
1 0.220625 0.512222 0.011250 0.020000
1 0.197500 0.512222 0.010000 0.017778
1 0.169687 0.500556 0.010625 0.023333
1 0.184375 0.529444 0.008750 0.018889
1 0.145313 0.506667 0.009375 0.020000
1 0.150625 0.505556 0.006250 0.013333
1 0.162500 0.512222 0.006250 0.013333
1 0.105625 0.551111 0.015000 0.028889
1 0.116562 0.527778 0.010625 0.022222
1 0.124688 0.512222 0.009375 0.017778
1 0.105313 0.508333 0.010625 0.018889
1 0.098437 0.500000 0.004375 0.008889
1 0.082500 0.527222 0.012500 0.025556
1 0.045312 0.531667 0.014375 0.027778
1 0.016875 0.508333 0.011250 0.025556
1 0.015625 0.500556 0.013750 0.021111
1 0.055938 0.512778 0.010625 0.018889
1 0.050313 0.510556 0.009375 0.018889
1 0.076250 0.507778 0.006250 0.011111
1 0.065625 0.530556 0.011250 0.023333
1 0.314063 0.517222 0.008125 0.016667
1 0.780000 0.567778 0.025000 0.057778
