1 0.048750 0.726984 0.005833 0.012698
1 0.081667 0.769048 0.013333 0.080952
1 0.089583 0.742063 0.005833 0.011111
1 0.087500 0.720635 0.006667 0.012698
1 0.175000 0.736508 0.005000 0.009524
1 0.239583 0.685714 0.004167 0.009524
1 0.311250 0.675397 0.004167 0.007937
1 0.367083 0.650000 0.004167 0.007937
1 0.373750 0.652381 0.002500 0.006349
1 0.380000 0.634127 0.003333 0.007937
1 0.361667 0.694444 0.005000 0.011111
1 0.392500 0.653175 0.003333 0.007937
1 0.409583 0.634127 0.004167 0.007937
1 0.415000 0.660317 0.003333 0.006349
1 0.644167 0.647619 0.003333 0.009524
1 0.322917 0.743651 0.007500 0.011111
1 0.354167 0.738889 0.006667 0.014286
1 0.369167 0.752381 0.006667 0.012698
1 0.410417 0.730159 0.005833 0.012698
1 0.445417 0.750000 0.005833 0.014286
1 0.449583 0.733333 0.005833 0.012698
1 0.564583 0.749206 0.005833 0.009524
1 0.587500 0.745238 0.006667 0.011111
1 0.538750 0.694444 0.004167 0.007937
1 0.549583 0.705556 0.004167 0.007937
1 0.512500 0.671429 0.005000 0.012698
1 0.521667 0.674603 0.005000 0.009524
1 0.739583 0.741270 0.005833 0.015873
1 0.759583 0.747619 0.007500 0.015873
1 0.817083 0.726190 0.005833 0.011111
1 0.835000 0.718254 0.005000 0.011111
1 0.846250 0.700000 0.005833 0.009524
1 0.863750 0.707143 0.004167 0.007937
1 0.867500 0.725397 0.013333 0.047619
1 0.894167 0.745238 0.008333 0.017460
1 0.459583 0.656349 0.004167 0.007937
1 0.470833 0.657937 0.003333 0.007937
1 0.482083 0.659524 0.004167 0.007937
1 0.531667 0.669841 0.010000 0.031746
1 0.540000 0.660317 0.003333 0.006349
1 0.609583 0.638889 0.004167 0.007937
1 0.218750 0.694444 0.010833 0.033333
1 0.686250 0.642063 0.004167 0.007937
1 0.696250 0.649206 0.004167 0.006349
1 0.680417 0.705556 0.004167 0.007937
1 0.200833 0.702381 0.005000 0.011111
1 0.151250 0.700794 0.004167 0.007937
1 0.432083 0.631746 0.004167 0.009524
1 0.432917 0.657143 0.004167 0.009524
1 0.454167 0.656349 0.006667 0.036508
1 0.575417 0.658730 0.004167 0.006349
1 0.547083 0.661111 0.009167 0.036508
1 0.568333 0.658730 0.006667 0.034921
1 0.583750 0.651587 0.002500 0.007937
1 0.592083 0.659524 0.004167 0.007937
1 0.619583 0.667460 0.012500 0.030159
1 0.630833 0.656349 0.003333 0.007937
1 0.636667 0.654762 0.003333 0.007937
1 0.651667 0.652381 0.003333 0.006349
1 0.654583 0.669841 0.009167 0.028571
1 0.657500 0.649206 0.003333 0.006349
1 0.672917 0.657937 0.010833 0.046032
1 0.733333 0.663492 0.005000 0.009524
1 0.756667 0.671429 0.005000 0.009524
1 0.766667 0.680159 0.003333 0.007937
1 0.781667 0.673016 0.003333 0.006349
1 0.796667 0.698413 0.003333 0.006349
1 0.728750 0.744444 0.007500 0.015873
1 0.292500 0.718254 0.005000 0.011111
1 0.302500 0.742063 0.005000 0.011111
