1 0.121356 0.381186 0.003975 0.008763
1 0.184474 0.414820 0.022766 0.062113
1 0.297639 0.438660 0.027222 0.075258
1 0.316791 0.367268 0.010118 0.031443
1 0.364972 0.399613 0.021200 0.054897
1 0.414719 0.435954 0.026741 0.070361
1 0.446218 0.411727 0.016984 0.038402
1 0.433510 0.382603 0.011804 0.029639
1 0.527222 0.440593 0.022645 0.056443
1 0.523007 0.344716 0.013009 0.032216
1 0.559745 0.362887 0.010600 0.028866
1 0.621417 0.421521 0.019513 0.059536
1 0.607384 0.343170 0.016261 0.043041
1 0.673272 0.340206 0.014093 0.038144
1 0.729945 0.370619 0.016863 0.046907
1 0.717960 0.345876 0.012648 0.035567
1 0.780113 0.369974 0.012166 0.034794
1 0.872380 0.398582 0.001807 0.004381
