1 0.220982 0.618254 0.047321 0.080952
1 0.156696 0.636508 0.033036 0.066667
1 0.098661 0.580159 0.022321 0.036508
1 0.131250 0.578571 0.016071 0.039683
1 0.102679 0.573016 0.017857 0.031746
1 0.065625 0.557937 0.011607 0.020635
1 0.045089 0.565873 0.015179 0.023810
1 0.065179 0.557937 0.012500 0.020635
1 0.078125 0.525397 0.013393 0.022222
1 0.037054 0.519048 0.013393 0.022222
1 0.062500 0.502381 0.005357 0.011111
1 0.048214 0.528571 0.010714 0.044444
1 0.922321 0.534921 0.010714 0.063492
1 0.771429 0.697619 0.044643 0.090476
1 0.864732 0.637302 0.043750 0.068254
1 0.907143 0.590476 0.032143 0.050794
1 0.892857 0.592063 0.025000 0.044444
1 0.891964 0.592063 0.023214 0.044444
1 0.924107 0.572222 0.012500 0.026984
1 0.929911 0.563492 0.013393 0.022222
1 0.941071 0.557143 0.014286 0.022222
1 0.958482 0.550794 0.015179 0.025397
1 0.932143 0.508730 0.007143 0.014286
1 0.948661 0.512698 0.008036 0.015873
1 0.975446 0.549206 0.008036 0.015873
1 0.969643 0.548413 0.007143 0.014286
1 0.993304 0.509524 0.006250 0.012698
1 0.995536 0.537302 0.008929 0.077778
1 0.966518 0.514286 0.004464 0.009524
1 0.973661 0.528571 0.013393 0.047619
1 0.910268 0.501587 0.008036 0.031746
1 0.942857 0.544444 0.012500 0.019048
