1 0.085769 0.391113 0.085385 0.139648
1 0.515385 0.188477 0.084615 0.109375
1 0.591154 0.414551 0.037692 0.069336
1 0.653077 0.420410 0.060000 0.090820
1 0.683462 0.544922 0.014615 0.019531
1 0.172692 0.480957 0.020769 0.028320
1 0.202692 0.480957 0.022308 0.036133
1 0.242692 0.562500 0.074615 0.167969
1 0.296154 0.422852 0.027692 0.041016
1 0.311538 0.482422 0.021538 0.027344
1 0.373077 0.480469 0.023077 0.029297
1 0.407692 0.489258 0.024615 0.035156
1 0.458077 0.498535 0.022308 0.040039
1 0.466154 0.515137 0.023077 0.032227
1 0.478077 0.466797 0.022308 0.033203
1 0.384231 0.472168 0.036154 0.149414
1 0.946538 0.413086 0.017692 0.027344
1 0.971154 0.416016 0.022308 0.033203
1 0.982692 0.545410 0.025385 0.041992
1 0.928846 0.541016 0.025385 0.044922
1 0.867692 0.521973 0.026154 0.036133
