1 0.766250 0.799747 0.005833 0.022814
1 0.747083 0.799113 0.005833 0.021546
1 0.721667 0.800380 0.005000 0.019011
1 0.725417 0.826996 0.004167 0.006337
1 0.649167 0.816223 0.003333 0.005070
1 0.644583 0.799113 0.005833 0.021546
1 0.598333 0.800380 0.005000 0.024081
1 0.384167 0.801648 0.005000 0.016477
1 0.382083 0.799113 0.004167 0.019011
1 0.395000 0.815589 0.006667 0.021546
1 0.383333 0.818758 0.003333 0.005070
1 0.268333 0.814322 0.005000 0.019011
1 0.266250 0.830798 0.004167 0.006337
1 0.217083 0.823194 0.004167 0.006337
1 0.191667 0.840304 0.005000 0.007605
1 0.174583 0.839670 0.005833 0.008872
1 0.180417 0.840304 0.005833 0.010139
1 0.185417 0.835234 0.005833 0.010139
1 0.209583 0.806084 0.002500 0.005070
1 0.177917 0.813688 0.007500 0.022814
1 0.175417 0.814322 0.005833 0.021546
1 0.173333 0.813054 0.005000 0.019011
1 0.178333 0.797845 0.005000 0.016477
1 0.173750 0.797212 0.005833 0.017744
1 0.171250 0.796578 0.004167 0.016477
1 0.167500 0.797845 0.006667 0.016477
1 0.131667 0.813688 0.006667 0.020279
1 0.100000 0.810520 0.006667 0.024081
1 0.095833 0.811787 0.006667 0.024081
1 0.092500 0.812421 0.005000 0.020279
1 0.089167 0.812421 0.006667 0.020279
1 0.084583 0.812421 0.005833 0.020279
1 0.080000 0.815589 0.005000 0.016477
1 0.077083 0.811787 0.005833 0.021546
1 0.074583 0.817490 0.005833 0.015209
1 0.040000 0.813688 0.005000 0.020279
1 0.775417 0.801014 0.005833 0.022814
