1 0.896000 0.596327 0.052000 0.061224
1 0.701333 0.632245 0.053333 0.069388
1 0.502667 0.763265 0.074667 0.086531
1 0.504333 0.622857 0.022000 0.026122
1 0.483667 0.615102 0.015333 0.022041
1 0.459333 0.617143 0.018667 0.024490
1 0.431667 0.630612 0.019333 0.023673
1 0.395000 0.625714 0.019333 0.030204
1 0.301333 0.624490 0.014667 0.021224
1 0.255000 0.680000 0.015333 0.024490
1 0.248000 0.621224 0.014667 0.019592
1 0.235667 0.615918 0.007333 0.008980
1 0.205000 0.622449 0.010000 0.013878
1 0.195333 0.632245 0.012000 0.017143
1 0.221000 0.716735 0.034000 0.062041
1 0.139667 0.672653 0.024667 0.027755
1 0.067333 0.627347 0.013333 0.017143
1 0.037333 0.624082 0.010667 0.013878
1 0.024333 0.622857 0.010000 0.013061
1 0.080333 0.648571 0.011333 0.015510
1 0.117333 0.650612 0.016000 0.019592
