1 0.031250 0.698874 0.062500 0.088180
1 0.100000 0.754221 0.042500 0.063790
1 0.100625 0.729831 0.041250 0.063790
1 0.081250 0.730769 0.012500 0.020638
1 0.101250 0.657598 0.010000 0.016886
1 0.132500 0.717636 0.012500 0.020638
1 0.154375 0.737336 0.021250 0.037523
1 0.157500 0.697936 0.010000 0.018762
1 0.165000 0.689493 0.012500 0.016886
1 0.191250 0.693246 0.010000 0.013133
1 0.198750 0.676360 0.010000 0.020638
1 0.211875 0.705441 0.011250 0.018762
1 0.203125 0.749531 0.018750 0.028143
1 0.210000 0.813321 0.015000 0.028143
1 0.228125 0.809568 0.016250 0.035647
1 0.271875 0.808630 0.016250 0.030019
1 0.300000 0.799250 0.017500 0.033771
1 0.343750 0.719512 0.015000 0.028143
1 0.325625 0.715760 0.016250 0.024390
1 0.309375 0.715760 0.013750 0.024390
1 0.272500 0.685741 0.012500 0.016886
1 0.285625 0.687617 0.011250 0.016886
1 0.260625 0.660413 0.011250 0.015009
1 0.281250 0.652908 0.010000 0.018762
1 0.308125 0.656660 0.011250 0.018762
1 0.301875 0.666041 0.023750 0.056285
1 0.292500 0.623827 0.007500 0.013133
1 0.297500 0.629456 0.007500 0.013133
1 0.310625 0.626642 0.006250 0.011257
1 0.327500 0.645403 0.007500 0.015009
1 0.251250 0.617261 0.005000 0.007505
1 0.356875 0.655722 0.008750 0.016886
1 0.346875 0.629456 0.008750 0.013133
1 0.335625 0.593809 0.006250 0.013133
1 0.356875 0.602251 0.008750 0.011257
1 0.390000 0.658537 0.007500 0.015009
1 0.405000 0.677298 0.030000 0.060038
1 0.378750 0.647280 0.017500 0.041276
1 0.394375 0.630394 0.006250 0.011257
1 0.368750 0.641651 0.015000 0.060038
1 0.383750 0.621013 0.005000 0.007505
1 0.408125 0.611632 0.006250 0.011257
1 0.413750 0.651970 0.025000 0.050657
1 0.425625 0.648218 0.021250 0.050657
1 0.431250 0.603189 0.007500 0.013133
1 0.443125 0.615385 0.006250 0.011257
1 0.457500 0.610694 0.007500 0.013133
1 0.456250 0.641651 0.007500 0.011257
1 0.474375 0.660413 0.018750 0.045028
1 0.466250 0.642589 0.005000 0.009381
1 0.482500 0.630394 0.005000 0.007505
1 0.440625 0.666979 0.008750 0.013133
1 0.451250 0.667917 0.007500 0.015009
1 0.444375 0.666979 0.011250 0.016886
1 0.466250 0.665103 0.010000 0.020638
1 0.488750 0.647280 0.007500 0.015009
1 0.506875 0.627580 0.006250 0.009381
1 0.525625 0.628518 0.006250 0.011257
1 0.533125 0.635084 0.006250 0.009381
1 0.540000 0.634146 0.007500 0.011257
1 0.555000 0.636023 0.007500 0.011257
1 0.567500 0.632270 0.007500 0.011257
1 0.576875 0.628518 0.008750 0.011257
1 0.511875 0.686679 0.008750 0.015009
1 0.516250 0.682927 0.007500 0.011257
1 0.530625 0.679174 0.013750 0.018762
1 0.550625 0.750469 0.033750 0.075047
1 0.561875 0.697936 0.008750 0.011257
1 0.564375 0.683865 0.006250 0.009381
1 0.501875 0.765478 0.013750 0.026266
1 0.593750 0.641651 0.005000 0.007505
1 0.602500 0.639775 0.005000 0.007505
1 0.604375 0.649156 0.006250 0.011257
1 0.610000 0.668856 0.015000 0.050657
1 0.625000 0.646341 0.005000 0.009381
1 0.625625 0.668856 0.008750 0.013133
1 0.590625 0.705441 0.021250 0.041276
1 0.643750 0.685741 0.012500 0.031895
1 0.645000 0.658537 0.005000 0.007505
1 0.665000 0.662289 0.005000 0.007505
1 0.580000 0.724203 0.010000 0.015009
1 0.622500 0.745779 0.012500 0.020638
1 0.651250 0.749531 0.012500 0.020638
1 0.671875 0.803940 0.033750 0.073171
1 0.668750 0.714822 0.012500 0.015009
1 0.621875 0.721388 0.008750 0.013133
1 0.603750 0.730769 0.017500 0.031895
1 0.563125 0.830206 0.011250 0.016886
1 0.588125 0.747655 0.026250 0.046904
1 0.702500 0.746717 0.022500 0.048780
1 0.708125 0.748593 0.018750 0.048780
1 0.719375 0.706379 0.011250 0.058161
1 0.725000 0.760788 0.030000 0.058161
1 0.749375 0.730769 0.041250 0.061914
1 0.785625 0.738274 0.011250 0.016886
1 0.801250 0.742964 0.010000 0.018762
1 0.790000 0.709193 0.007500 0.011257
1 0.829375 0.748593 0.016250 0.033771
1 0.835000 0.747655 0.007500 0.009381
1 0.843750 0.723265 0.005000 0.009381
1 0.864375 0.749531 0.008750 0.013133
1 0.872500 0.757974 0.012500 0.048780
1 0.883125 0.742964 0.008750 0.015009
1 0.896250 0.725141 0.012500 0.024390
1 0.913750 0.740150 0.015000 0.024390
1 0.930625 0.731707 0.008750 0.011257
1 0.938125 0.744841 0.006250 0.011257
1 0.946250 0.757036 0.007500 0.013133
1 0.947500 0.737336 0.007500 0.015009
1 0.961875 0.772045 0.013750 0.065666
1 0.973750 0.738274 0.010000 0.016886
1 0.981250 0.743902 0.007500 0.009381
1 0.980625 0.767355 0.018750 0.067542
1 0.290000 0.646341 0.007500 0.013133
1 0.583750 0.665103 0.012500 0.054409
