1 0.896973 0.519766 0.012695 0.020498
1 0.866699 0.496340 0.010742 0.017570
1 0.750488 0.494143 0.012695 0.021962
1 0.701660 0.492679 0.010742 0.016105
1 0.673828 0.507321 0.023438 0.042460
1 0.569336 0.515373 0.007812 0.011713
1 0.554688 0.488287 0.009766 0.016105
1 0.533203 0.500000 0.007812 0.013177
1 0.524414 0.500000 0.005859 0.010249
1 0.509766 0.499268 0.007812 0.014641
1 0.529785 0.587116 0.030273 0.055637
1 0.467773 0.549780 0.033203 0.062958
1 0.385742 0.534407 0.031250 0.061493
1 0.169434 0.530747 0.032227 0.048316
1 0.067871 0.504392 0.034180 0.060029
1 0.339844 0.494143 0.011719 0.019034
1 0.384766 0.500000 0.015625 0.021962
1 0.397461 0.505124 0.005859 0.011713
1 0.455566 0.494876 0.008789 0.014641
1 0.487305 0.493411 0.019531 0.035139
