1 0.011538 0.529724 0.023077 0.038217
1 0.061923 0.489384 0.022308 0.033970
1 0.096538 0.581210 0.014615 0.022293
1 0.135000 0.555732 0.017692 0.024416
1 0.146154 0.457537 0.024615 0.038217
1 0.201923 0.623673 0.006923 0.009554
1 0.218077 0.611996 0.006923 0.009554
1 0.228077 0.654989 0.016154 0.078556
1 0.235000 0.624204 0.006923 0.010616
1 0.250385 0.631104 0.006923 0.011677
1 0.166154 0.137473 0.010769 0.018047
1 0.189615 0.140658 0.011538 0.015924
1 0.463846 0.307856 0.021538 0.033970
1 0.506154 0.316879 0.015385 0.032909
1 0.413846 0.470276 0.030769 0.055202
1 0.458846 0.487261 0.030000 0.057325
1 0.810769 0.547771 0.015385 0.025478
1 0.791538 0.441083 0.027692 0.035032
1 0.748462 0.419321 0.023077 0.033970
1 0.730000 0.393312 0.020000 0.030786
1 0.711923 0.390127 0.023846 0.028662
1 0.651154 0.273885 0.022308 0.029724
1 0.646154 0.303079 0.016923 0.024416
1 0.381923 0.167728 0.013077 0.021231
1 0.364615 0.127389 0.010769 0.021231
1 0.355000 0.193206 0.016154 0.031847
1 0.310000 0.223992 0.016923 0.029724
1 0.308462 0.211253 0.015385 0.023355
1 0.292308 0.171444 0.013846 0.028662
1 0.337692 0.164013 0.013846 0.026539
1 0.311923 0.141720 0.016154 0.026539
1 0.284231 0.119958 0.013077 0.021231
1 0.310769 0.107749 0.013846 0.022293
1 0.281154 0.102972 0.011538 0.019108
1 0.275385 0.098726 0.010769 0.019108
1 0.303846 0.104034 0.010769 0.019108
1 0.297692 0.101380 0.013846 0.026539
1 0.250769 0.630573 0.007692 0.010616
