1 0.052431 0.709877 0.029861 0.074074
1 0.200000 0.643827 0.034722 0.070370
1 0.239583 0.598765 0.034722 0.071605
1 0.307986 0.611728 0.032639 0.067901
1 0.344097 0.666049 0.028472 0.058025
1 0.386111 0.571605 0.027778 0.069136
1 0.148264 0.477778 0.027083 0.059259
1 0.180556 0.502469 0.025000 0.046914
1 0.242014 0.404321 0.017361 0.033333
1 0.269792 0.425309 0.017361 0.038272
1 0.321875 0.396296 0.015972 0.027160
1 0.368056 0.409259 0.020833 0.035802
1 0.390278 0.434568 0.013889 0.027160
1 0.408333 0.380247 0.012500 0.027160
1 0.443056 0.370988 0.013889 0.028395
1 0.448611 0.366049 0.012500 0.025926
1 0.516667 0.425309 0.018056 0.040741
1 0.544097 0.408025 0.014583 0.033333
1 0.511458 0.388889 0.011806 0.024691
1 0.503819 0.374691 0.013194 0.023457
1 0.493750 0.374074 0.011111 0.019753
1 0.538889 0.373457 0.011111 0.020988
1 0.564931 0.383333 0.014583 0.025926
1 0.588889 0.374074 0.012500 0.019753
1 0.594097 0.415432 0.013194 0.030864
1 0.611458 0.412346 0.015972 0.034568
1 0.654861 0.398765 0.016667 0.037037
1 0.658333 0.359877 0.012500 0.030864
1 0.614583 0.304938 0.008333 0.019753
1 0.636806 0.316667 0.008333 0.018519
1 0.665972 0.437037 0.016667 0.037037
1 0.694792 0.498148 0.018750 0.043210
1 0.641667 0.229012 0.005556 0.011111
1 0.669097 0.239506 0.004861 0.009877
1 0.674306 0.300617 0.006944 0.011111
1 0.687153 0.298148 0.007639 0.013580
1 0.703125 0.305556 0.007639 0.013580
1 0.721528 0.298148 0.006944 0.013580
1 0.728125 0.305556 0.007639 0.013580
1 0.776736 0.291975 0.004861 0.008642
1 0.767708 0.290741 0.004861 0.011111
1 0.765625 0.280247 0.003472 0.007407
1 0.775694 0.277778 0.004167 0.009877
1 0.783333 0.288889 0.005556 0.012346
1 0.796181 0.302469 0.006250 0.012346
1 0.801736 0.296914 0.004861 0.008642
1 0.807639 0.289506 0.004167 0.008642
1 0.847569 0.303086 0.006250 0.013580
1 0.862500 0.302469 0.005556 0.009877
1 0.865625 0.285185 0.004861 0.009877
1 0.857986 0.310494 0.010417 0.058025
1 0.842014 0.291358 0.004861 0.009877
1 0.845833 0.285802 0.004167 0.008642
1 0.851736 0.290741 0.004861 0.008642
1 0.860417 0.272222 0.002778 0.006173
1 0.877778 0.275309 0.002778 0.004938
1 0.951042 0.307407 0.007639 0.014815
1 0.979167 0.241358 0.002778 0.006173
1 0.991319 0.243827 0.003472 0.006173
1 0.881250 0.125926 0.002778 0.004938
1 0.700694 0.120370 0.002778 0.006173
1 0.564931 0.111728 0.003472 0.006173
1 0.569097 0.108025 0.003472 0.006173
1 0.611806 0.120988 0.002778 0.004938
1 0.601736 0.111728 0.003472 0.006173
1 0.606250 0.109259 0.002778 0.006173
1 0.626736 0.119753 0.002083 0.004938
1 0.625000 0.110494 0.002778 0.006173
1 0.491667 0.120988 0.002778 0.004938
1 0.476736 0.120988 0.003472 0.004938
1 0.468056 0.136420 0.006944 0.025926
1 0.437153 0.123457 0.002083 0.004938
1 0.409722 0.125309 0.002778 0.006173
1 0.225347 0.129012 0.002083 0.003704
1 0.209722 0.126543 0.002778 0.006173
1 0.207292 0.126543 0.003472 0.006173
1 0.202431 0.131481 0.002083 0.003704
1 0.198264 0.129012 0.003472 0.006173
1 0.190972 0.133333 0.002778 0.004938
1 0.152778 0.131481 0.002778 0.006173
1 0.137500 0.130864 0.002778 0.004938
1 0.335417 0.235802 0.006944 0.012346
1 0.317708 0.230247 0.006250 0.013580
1 0.243750 0.234568 0.004167 0.007407
1 0.229514 0.231481 0.006250 0.011111
1 0.385069 0.406790 0.015972 0.030864
1 0.303472 0.362346 0.008333 0.018519
1 0.679514 0.303086 0.006250 0.011111
