1 0.266566 0.708166 0.015437 0.027443
1 0.198889 0.670850 0.006589 0.015730
1 0.383377 0.670515 0.006965 0.014391
1 0.386201 0.671352 0.010354 0.018742
1 0.424416 0.704317 0.009601 0.084003
1 0.432605 0.678213 0.007530 0.015730
1 0.448136 0.675201 0.006965 0.015730
1 0.450019 0.670181 0.006589 0.015060
1 0.476657 0.675535 0.012425 0.029116
1 0.506118 0.674531 0.011860 0.026439
1 0.545087 0.676539 0.006589 0.015730
1 0.552805 0.714357 0.009601 0.019076
1 0.566642 0.667671 0.006777 0.015395
1 0.581514 0.669177 0.007907 0.014391
1 0.599774 0.674197 0.006024 0.012383
1 0.638178 0.666834 0.011672 0.026439
1 0.669428 0.697624 0.021837 0.041834
1 0.633471 0.671854 0.010166 0.020415
1 0.187406 0.683568 0.006212 0.011044
