1 0.497396 0.736806 0.115625 0.106944
1 0.437500 0.604861 0.095833 0.083333
1 0.482292 0.528472 0.077083 0.065278
1 0.451042 0.434375 0.077083 0.067361
1 0.418750 0.360069 0.072917 0.057639
1 0.511979 0.358333 0.059375 0.045833
1 0.563021 0.335069 0.059375 0.049306
1 0.964583 0.394097 0.029167 0.021528
1 0.028646 0.367708 0.005208 0.003472
1 0.039062 0.369097 0.005208 0.003472
1 0.044792 0.371875 0.008333 0.017361
1 0.047396 0.374653 0.007292 0.013194
1 0.006771 0.370139 0.011458 0.018056
1 0.011458 0.371875 0.012500 0.015972
1 0.063542 0.368056 0.006250 0.004167
1 0.077604 0.369444 0.005208 0.004167
1 0.091146 0.366667 0.005208 0.002778
1 0.098958 0.372917 0.008333 0.018056
1 0.103125 0.371528 0.006250 0.004167
1 0.110417 0.368056 0.006250 0.004167
1 0.118750 0.368750 0.004167 0.002778
1 0.122917 0.376389 0.010417 0.015278
1 0.137500 0.373264 0.010417 0.015972
1 0.144792 0.368056 0.004167 0.002778
1 0.153125 0.372222 0.006250 0.012500
1 0.157812 0.370486 0.003125 0.002083
1 0.181250 0.375694 0.004167 0.002778
1 0.180729 0.367014 0.005208 0.003472
1 0.189062 0.367708 0.003125 0.002083
1 0.190625 0.376042 0.008333 0.017361
1 0.210417 0.369792 0.006250 0.004861
1 0.222917 0.370139 0.006250 0.004167
1 0.226562 0.374653 0.009375 0.015972
1 0.257812 0.371181 0.003125 0.002083
1 0.289062 0.363889 0.007292 0.004167
1 0.311979 0.369444 0.011458 0.008333
1 0.301042 0.364931 0.006250 0.004861
1 0.340625 0.373264 0.004167 0.003472
1 0.379688 0.372569 0.003125 0.002083
1 0.698958 0.385764 0.004167 0.003472
1 0.680208 0.381597 0.008333 0.004861
1 0.710417 0.384722 0.006250 0.004167
1 0.711458 0.390625 0.004167 0.003472
1 0.723437 0.386806 0.003125 0.002778
1 0.735417 0.391667 0.012500 0.018056
1 0.746875 0.391667 0.008333 0.015278
1 0.754687 0.387153 0.003125 0.002083
1 0.761979 0.387153 0.003125 0.002083
1 0.769792 0.386806 0.004167 0.002778
1 0.775521 0.396528 0.007292 0.016667
1 0.781771 0.396181 0.009375 0.017361
1 0.790104 0.398264 0.009375 0.014583
1 0.795833 0.389236 0.004167 0.003472
1 0.802083 0.397222 0.010417 0.016667
1 0.808854 0.396181 0.011458 0.018750
1 0.817187 0.386458 0.005208 0.003472
1 0.839583 0.391319 0.004167 0.003472
1 0.850000 0.389583 0.004167 0.002778
1 0.922917 0.392361 0.004167 0.002778
1 0.855208 0.396181 0.008333 0.015972
1 0.859375 0.395486 0.010417 0.017361
1 0.864583 0.391667 0.004167 0.002778
1 0.870833 0.393056 0.004167 0.002778
1 0.871875 0.395833 0.010417 0.015278
