1 0.527000 0.715621 0.048000 0.032043
1 0.588000 0.709947 0.046000 0.039386
1 0.424500 0.703939 0.045000 0.036716
1 0.360000 0.686248 0.032000 0.022697
1 0.303500 0.696929 0.041000 0.033378
1 0.162500 0.727303 0.053000 0.039386
1 0.216000 0.693925 0.046000 0.043391
1 0.063000 0.692256 0.056000 0.044059
1 0.136000 0.678905 0.034000 0.025367
1 0.291000 0.704940 0.034000 0.022697
1 0.255000 0.687250 0.028000 0.022029
1 0.339500 0.677904 0.019000 0.015354
1 0.385500 0.695260 0.027000 0.018024
1 0.403500 0.687917 0.015000 0.015354
1 0.404000 0.674232 0.020000 0.017356
1 0.368500 0.647196 0.013000 0.011348
1 0.289000 0.637183 0.012000 0.010013
1 0.523500 0.713952 0.055000 0.039386
1 0.219500 0.758011 0.043000 0.028705
