1 0.517308 0.451832 0.010000 0.013613
1 0.490769 0.475393 0.009231 0.014660
1 0.470769 0.483770 0.009231 0.014660
1 0.430385 0.467539 0.008462 0.013613
1 0.430769 0.470157 0.010769 0.016754
1 0.418846 0.479581 0.010000 0.012565
1 0.418462 0.476440 0.010769 0.016754
1 0.425769 0.508901 0.013077 0.023037
1 0.370000 0.534031 0.015385 0.023037
1 0.339615 0.551832 0.022308 0.031414
1 0.303846 0.595288 0.024615 0.034555
1 0.282308 0.638743 0.029231 0.048168
1 0.568462 0.477487 0.009231 0.014660
1 0.548077 0.479058 0.010000 0.013613
1 0.573462 0.485340 0.010000 0.011518
1 0.543846 0.502618 0.015385 0.018848
1 0.577308 0.507853 0.010000 0.010471
1 0.587308 0.518848 0.017692 0.017801
1 0.550769 0.581152 0.020000 0.018848
1 0.605000 0.549215 0.026923 0.028272
1 0.639231 0.634555 0.023077 0.023037
