1 0.864583 0.909144 0.042969 0.062500
1 0.981120 0.856916 0.037760 0.077836
1 0.827148 0.852431 0.045356 0.062500
1 0.963759 0.736690 0.022135 0.035880
1 0.974501 0.696904 0.027561 0.037905
1 0.991428 0.704716 0.017144 0.027488
1 0.946615 0.714120 0.023438 0.034722
1 0.927083 0.726273 0.021701 0.030671
1 0.896159 0.717737 0.024089 0.029225
1 0.883789 0.727720 0.012370 0.027199
1 0.862088 0.722946 0.020182 0.030382
1 0.839627 0.751881 0.012587 0.023438
1 0.829210 0.765480 0.013889 0.025752
1 0.807075 0.734520 0.016927 0.029803
1 0.775499 0.732350 0.017144 0.026042
1 0.747613 0.765336 0.011285 0.017361
1 0.739041 0.760272 0.015408 0.022280
1 0.726888 0.730035 0.017144 0.023727
1 0.702257 0.832321 0.018229 0.133391
1 0.688260 0.781973 0.008898 0.014178
1 0.688260 0.781973 0.008898 0.014178
1 0.659722 0.726997 0.019531 0.028067
1 0.649631 0.750000 0.014974 0.024884
1 0.640625 0.757523 0.014323 0.018519
1 0.623155 0.757523 0.012370 0.017940
1 0.612630 0.750723 0.010851 0.019965
1 0.598416 0.752749 0.011068 0.017650
1 0.586697 0.753617 0.013672 0.018808
1 0.563260 0.737124 0.017578 0.028646
1 0.560330 0.754919 0.013021 0.014468
1 0.537760 0.780527 0.009549 0.014178
1 0.519965 0.774306 0.011719 0.017361
1 0.492839 0.747975 0.018663 0.026620
1 0.468207 0.783999 0.008030 0.012442
1 0.445964 0.779803 0.009115 0.012731
1 0.415473 0.778212 0.011068 0.015914
1 0.427083 0.776331 0.009549 0.013889
1 0.388889 0.714410 0.021701 0.037616
1 0.373589 0.758970 0.011502 0.017940
1 0.357747 0.736690 0.019748 0.030671
1 0.298720 0.798900 0.007595 0.012153
1 0.332031 0.710648 0.026476 0.039931
1 0.246094 0.733073 0.016927 0.026331
1 0.223090 0.733652 0.019531 0.027488
1 0.180339 0.724248 0.023872 0.037616
1 0.146267 0.711950 0.022569 0.033854
1 0.104818 0.764178 0.013021 0.017361
1 0.080838 0.743634 0.017578 0.023727
1 0.067166 0.754630 0.011068 0.019097
1 0.059245 0.752025 0.016059 0.021991
1 0.046115 0.759259 0.013238 0.024306
1 0.020833 0.754051 0.016927 0.024306
1 0.745334 0.272425 0.004123 0.006076
1 0.723850 0.271701 0.003689 0.006366
