1 0.445294 0.986208 0.024896 0.027584
1 0.566281 0.985510 0.023586 0.028980
1 0.746014 0.889141 0.020092 0.037360
1 0.914829 0.979050 0.025770 0.041899
1 0.921708 0.946578 0.021184 0.041899
1 0.672527 0.871334 0.019000 0.038757
1 0.659533 0.881809 0.015724 0.032472
1 0.686285 0.843226 0.015506 0.033520
1 0.627320 0.854574 0.013758 0.030377
1 0.582988 0.878666 0.013322 0.026885
1 0.587246 0.832926 0.014850 0.031774
1 0.497598 0.860161 0.013758 0.031075
1 0.462546 0.942912 0.023149 0.044344
1 0.399432 0.838513 0.014414 0.031075
1 0.413518 0.830831 0.012448 0.024791
1 0.436667 0.839735 0.013322 0.027933
1 0.463420 0.822626 0.013103 0.024441
1 0.390478 0.816865 0.010046 0.024791
1 0.355099 0.820356 0.011793 0.027584
1 0.327473 0.796613 0.013758 0.028980
1 0.310221 0.798534 0.011138 0.024441
1 0.323433 0.768156 0.009609 0.019553
1 0.361105 0.771124 0.009827 0.020601
1 0.363507 0.758380 0.008517 0.014665
1 0.398231 0.772172 0.009827 0.017807
1 0.378249 0.799406 0.010483 0.020601
1 0.429242 0.778457 0.008954 0.019204
1 0.433938 0.778980 0.008736 0.018156
1 0.419415 0.755237 0.009391 0.019553
1 0.435466 0.760999 0.008736 0.019204
1 0.449334 0.760126 0.008080 0.019553
1 0.410898 0.752095 0.007644 0.017458
1 0.458943 0.786837 0.008517 0.018506
1 0.476742 0.784392 0.009172 0.017807
1 0.498690 0.775838 0.008517 0.019553
1 0.504040 0.783694 0.009609 0.019204
1 0.526207 0.798883 0.010701 0.024441
1 0.545316 0.809881 0.009609 0.021997
1 0.562787 0.792249 0.011793 0.023045
1 0.697969 0.764316 0.007425 0.014665
1 0.735095 0.788757 0.009172 0.011872
1 0.856846 0.814770 0.008954 0.014316
1 0.836646 0.769728 0.009172 0.015712
1 0.582988 0.782996 0.008517 0.017109
1 0.596091 0.778631 0.008080 0.017458
1 0.615200 0.784916 0.007425 0.013268
1 0.632780 0.767109 0.008517 0.012570
1 0.623280 0.765538 0.009172 0.018506
1 0.575126 0.743890 0.006770 0.012221
1 0.570430 0.739874 0.006552 0.010475
1 0.550339 0.777584 0.008299 0.017458
1 0.535816 0.784218 0.009827 0.020251
1 0.521402 0.770077 0.008954 0.019204
1 0.464184 0.744763 0.006770 0.018156
1 0.479799 0.755063 0.007425 0.015014
1 0.538764 0.752095 0.006552 0.013268
1 0.517034 0.750175 0.006333 0.012919
1 0.166630 0.707402 0.003494 0.006285
1 0.188142 0.755587 0.004149 0.006983
1 0.202337 0.731145 0.002839 0.005587
1 0.576654 0.776187 0.008080 0.016061
