1 0.195000 0.576076 0.025385 0.039874
1 0.414615 0.566632 0.016923 0.027282
1 0.433077 0.520986 0.016923 0.028332
1 0.622308 0.618573 0.020000 0.030430
1 0.649231 0.602833 0.015385 0.024134
1 0.639231 0.548269 0.013846 0.019937
1 0.696923 0.584470 0.023077 0.033578
1 0.840769 0.559286 0.020000 0.029381
1 0.939231 0.549843 0.012308 0.020986
1 0.099231 0.363064 0.013846 0.020986
1 0.110000 0.355194 0.013846 0.022036
1 0.174231 0.345226 0.011538 0.014690
1 0.215769 0.338405 0.014615 0.017838
1 0.344615 0.320567 0.009231 0.015740
1 0.348462 0.313221 0.010769 0.015740
1 0.435000 0.286464 0.011538 0.018888
1 0.502692 0.278069 0.010000 0.014690
1 0.624615 0.248688 0.010769 0.018888
1 0.647692 0.246065 0.010769 0.017838
1 0.671538 0.239244 0.009231 0.014690
1 0.705769 0.231899 0.013077 0.016789
1 0.724231 0.251836 0.008462 0.014690
1 0.979615 0.252361 0.010000 0.015740
1 0.330769 0.280168 0.006154 0.008395
1 0.248077 0.271249 0.006923 0.009444
1 0.123846 0.251312 0.009231 0.011542
1 0.100385 0.228227 0.010000 0.015740
