1 0.968111 0.804976 0.046931 0.062600
1 0.984958 0.762440 0.030084 0.044944
1 0.942238 0.776083 0.014440 0.024077
1 0.947653 0.754414 0.010830 0.016051
1 0.933213 0.764045 0.010830 0.016051
1 0.910349 0.754414 0.010830 0.012841
1 0.892298 0.750401 0.010830 0.014446
1 0.871841 0.759230 0.013237 0.022472
1 0.827918 0.767255 0.012034 0.019262
1 0.797834 0.771268 0.021661 0.030498
1 0.779182 0.836276 0.020457 0.118780
1 0.785800 0.751204 0.014440 0.016051
1 0.815884 0.743178 0.012034 0.016051
1 0.717810 0.735955 0.010830 0.020867
1 0.686522 0.744783 0.008424 0.012841
1 0.706378 0.742376 0.009627 0.014446
1 0.668472 0.738363 0.013237 0.019262
1 0.642599 0.796148 0.036101 0.125201
1 0.564982 0.739968 0.008424 0.016051
1 0.555957 0.733547 0.009627 0.016051
1 0.513237 0.747191 0.013237 0.017657
1 0.496390 0.737560 0.008424 0.014446
1 0.431408 0.735152 0.013237 0.019262
1 0.455475 0.739165 0.008424 0.014446
1 0.410951 0.723917 0.006017 0.009631
1 0.465704 0.729535 0.009627 0.014446
1 0.347774 0.714286 0.016847 0.022472
1 0.344765 0.725522 0.015644 0.019262
1 0.324308 0.725522 0.015644 0.022472
1 0.309868 0.712681 0.015644 0.022472
1 0.269555 0.728732 0.019254 0.022472
1 0.255114 0.738363 0.014440 0.022472
1 0.243682 0.725522 0.010830 0.016051
1 0.223827 0.738363 0.009627 0.016051
1 0.126354 0.738363 0.028881 0.038523
1 0.157641 0.740770 0.026474 0.043339
1 0.191937 0.710273 0.006017 0.011236
1 0.185319 0.719101 0.009627 0.016051
1 0.173285 0.727127 0.012034 0.016051
1 0.048135 0.703852 0.019254 0.033708
1 0.077016 0.711878 0.016847 0.020867
1 0.096871 0.712681 0.025271 0.035313
1 0.128159 0.710273 0.025271 0.040128
1 0.005415 0.737560 0.010830 0.017657
1 0.018051 0.719904 0.014440 0.020867
