1 0.023018 0.668436 0.046036 0.094916
1 0.179561 0.646557 0.072677 0.103925
1 0.252877 0.608752 0.050938 0.081725
1 0.054987 0.600386 0.052003 0.073359
1 0.183504 0.606660 0.045610 0.069176
1 0.315431 0.607304 0.035806 0.067246
1 0.223892 0.606178 0.043265 0.074003
1 0.124680 0.597329 0.038363 0.069820
1 0.335145 0.579311 0.032609 0.054376
1 0.361893 0.577059 0.025575 0.044080
1 0.400469 0.551319 0.025575 0.041506
1 0.402707 0.543275 0.016411 0.030566
1 0.380861 0.529440 0.011935 0.017696
1 0.340260 0.496461 0.013427 0.020592
1 0.320013 0.484073 0.010870 0.017696
1 0.370418 0.519627 0.010656 0.020592
1 0.428282 0.517375 0.011296 0.021236
1 0.448316 0.473938 0.011722 0.021236
1 0.290921 0.519949 0.011083 0.021236
1 0.249467 0.488095 0.013001 0.020592
1 0.223039 0.490669 0.013001 0.023166
1 0.177217 0.467021 0.012575 0.024131
1 0.124680 0.491152 0.013214 0.020914
1 0.104007 0.491795 0.015345 0.022844
1 0.082481 0.489060 0.014919 0.023810
1 0.059783 0.478121 0.014706 0.025740
1 0.018116 0.498069 0.013640 0.021879
1 0.035699 0.492439 0.013001 0.018340
1 0.004689 0.458655 0.009378 0.017053
1 0.014599 0.456885 0.011296 0.016731
1 0.024616 0.463803 0.010870 0.017053
1 0.363704 0.546654 0.016837 0.030245
1 0.505222 0.468308 0.017690 0.026705
1 0.876598 0.664093 0.067775 0.124839
1 0.983376 0.630792 0.033248 0.110360
1 0.878197 0.606017 0.053495 0.087838
1 0.949915 0.597008 0.051577 0.079472
1 0.726236 0.608108 0.051790 0.095238
1 0.798806 0.588160 0.040068 0.059846
1 0.800298 0.567728 0.030264 0.054376
1 0.750000 0.577864 0.034953 0.058559
1 0.690111 0.598938 0.041773 0.075611
1 0.662191 0.574324 0.028133 0.050837
1 0.814365 0.553893 0.014919 0.029923
1 0.842072 0.523970 0.024723 0.040219
1 0.615516 0.577542 0.023444 0.034749
1 0.619246 0.545689 0.024936 0.040541
1 0.604966 0.535232 0.018968 0.032497
1 0.646526 0.533462 0.017263 0.028958
1 0.662298 0.537323 0.018542 0.031532
1 0.585678 0.526062 0.018755 0.028314
1 0.622016 0.521718 0.015132 0.022844
1 0.568627 0.472169 0.011509 0.021557
1 0.583440 0.480856 0.015132 0.023488
1 0.687447 0.488578 0.011722 0.018983
1 0.675938 0.505148 0.010870 0.021236
1 0.626705 0.515766 0.010017 0.020592
1 0.727195 0.509653 0.011509 0.023810
1 0.745737 0.476030 0.010656 0.022201
1 0.782182 0.478121 0.011083 0.020592
1 0.814578 0.469595 0.013214 0.021557
1 0.850916 0.468468 0.013853 0.027671
1 0.883738 0.483752 0.014280 0.020914
1 0.890878 0.480051 0.009804 0.017375
1 0.919011 0.465090 0.014493 0.018340
1 0.915814 0.480051 0.010656 0.018662
1 0.942029 0.477317 0.012361 0.020270
1 0.945119 0.465734 0.013853 0.020270
1 0.971014 0.477156 0.015772 0.025740
1 0.993713 0.453507 0.011722 0.021557
1 0.976343 0.452864 0.009378 0.015122
1 0.900469 0.192889 0.009378 0.015122
1 0.968777 0.164736 0.012148 0.023810
1 0.981884 0.154440 0.012361 0.019949
1 0.006927 0.160714 0.011722 0.019627
1 0.156010 0.248069 0.009804 0.018018
