1 0.102143 0.814775 0.007143 0.010707
1 0.112143 0.820128 0.010000 0.012848
1 0.120000 0.816916 0.005714 0.006424
1 0.204286 0.792291 0.005714 0.008565
1 0.232143 0.816916 0.010000 0.014989
1 0.232857 0.813704 0.011429 0.021413
1 0.332143 0.825482 0.010000 0.014989
1 0.345000 0.805139 0.010000 0.017131
1 0.358571 0.810493 0.008571 0.014989
1 0.413571 0.811563 0.007143 0.012848
1 0.438571 0.799786 0.008571 0.014989
1 0.458571 0.806210 0.008571 0.014989
1 0.485714 0.809422 0.008571 0.012848
1 0.479286 0.796574 0.007143 0.008565
1 0.485714 0.808351 0.008571 0.014989
1 0.495000 0.802998 0.007143 0.012848
1 0.627857 0.797645 0.010000 0.014989
1 0.702857 0.767666 0.011429 0.019272
1 0.862857 0.749465 0.005714 0.008565
