1 0.060714 0.355238 0.121429 0.222857
1 0.164286 0.748571 0.065714 0.083810
1 0.292143 0.778095 0.075714 0.093333
1 0.406429 0.777143 0.090000 0.125714
1 0.451429 0.646667 0.045714 0.070476
1 0.117857 0.380000 0.027143 0.043810
1 0.150714 0.413333 0.041429 0.072381
1 0.162143 0.439048 0.052857 0.074286
1 0.287857 0.422857 0.044286 0.064762
1 0.309286 0.382857 0.038571 0.057143
1 0.347143 0.432381 0.031429 0.045714
1 0.420000 0.416190 0.034286 0.059048
1 0.465000 0.464762 0.041429 0.060952
1 0.869286 0.454286 0.055714 0.081905
