1 0.307292 0.471364 0.118490 0.094545
1 0.459310 0.433182 0.087891 0.082727
1 0.716797 0.485000 0.106771 0.110000
1 0.859375 0.466591 0.027344 0.022273
1 0.959961 0.451136 0.050130 0.036818
1 0.977214 0.487955 0.036458 0.032273
1 0.771484 0.438636 0.006510 0.005455
1 0.918620 0.445000 0.005208 0.003636
1 0.911133 0.450682 0.004557 0.003182
1 0.914062 0.430227 0.002604 0.002273
1 0.654948 0.437955 0.007812 0.005909
1 0.615234 0.441136 0.006510 0.005909
1 0.628581 0.442500 0.005859 0.004091
1 0.560221 0.436136 0.007161 0.006818
1 0.553060 0.438864 0.007161 0.005909
1 0.570312 0.437500 0.007812 0.006818
1 0.582031 0.436364 0.007812 0.005455
1 0.590820 0.437955 0.005859 0.004091
1 0.518555 0.457727 0.026693 0.020000
1 0.504883 0.434318 0.005859 0.004091
1 0.523763 0.436136 0.005859 0.004091
1 0.519857 0.432273 0.005859 0.004545
1 0.509766 0.434545 0.005208 0.004545
1 0.358398 0.437955 0.013672 0.009545
1 0.228841 0.458182 0.008464 0.006364
1 0.205078 0.435682 0.003906 0.003182
1 0.190430 0.417727 0.003255 0.002727
1 0.131185 0.432727 0.005859 0.003636
1 0.144206 0.438864 0.004557 0.003182
1 0.156901 0.440227 0.003906 0.003182
1 0.178060 0.441364 0.004557 0.003636
1 0.192383 0.445909 0.012370 0.020000
1 0.181966 0.429545 0.004557 0.002727
1 0.166341 0.427273 0.004557 0.003636
1 0.158854 0.436591 0.011719 0.020455
1 0.044922 0.439091 0.003906 0.002727
1 0.055664 0.439773 0.004557 0.003182
1 0.063477 0.439545 0.004557 0.003636
1 0.069987 0.441591 0.004557 0.003182
1 0.080729 0.439545 0.005208 0.003636
1 0.029297 0.414318 0.002604 0.002273
1 0.216471 0.423636 0.007161 0.012727
