1 0.167667 0.559059 0.014000 0.023023
1 0.197000 0.562563 0.011333 0.018018
1 0.220000 0.546547 0.012000 0.018018
1 0.249667 0.554054 0.007333 0.015015
1 0.132667 0.477978 0.014667 0.023023
1 0.161667 0.468969 0.012667 0.021021
1 0.110000 0.449449 0.013333 0.022022
1 0.132333 0.455455 0.015333 0.028028
1 0.182667 0.479980 0.013333 0.021021
1 0.187667 0.464464 0.012667 0.022022
1 0.200333 0.465465 0.012667 0.022022
1 0.227667 0.468468 0.011333 0.022022
1 0.235000 0.449950 0.011333 0.019019
1 0.275333 0.489489 0.010667 0.016016
1 0.272667 0.474474 0.010667 0.018018
1 0.305667 0.475976 0.012667 0.021021
1 0.331000 0.459459 0.012667 0.022022
1 0.340333 0.456957 0.011333 0.021021
1 0.355667 0.472472 0.012667 0.020020
1 0.365667 0.449449 0.012667 0.020020
1 0.374667 0.461962 0.010667 0.017017
1 0.383667 0.484484 0.010000 0.020020
1 0.403000 0.556056 0.010000 0.017017
1 0.388333 0.466967 0.010000 0.019019
1 0.408667 0.466967 0.009333 0.017017
1 0.432667 0.460961 0.009333 0.017017
1 0.450667 0.490490 0.012000 0.018018
1 0.466000 0.481481 0.012000 0.020020
1 0.454333 0.461962 0.010000 0.019019
1 0.459333 0.445946 0.012000 0.021021
1 0.489000 0.467968 0.012667 0.019019
1 0.499333 0.470971 0.010667 0.021021
1 0.524667 0.472472 0.012000 0.022022
1 0.554667 0.337838 0.020000 0.039039
1 0.580667 0.468468 0.012000 0.022022
1 0.601333 0.468468 0.012000 0.022022
1 0.598667 0.451952 0.010667 0.017017
1 0.628667 0.457457 0.012000 0.018018
1 0.643667 0.460460 0.010000 0.020020
1 0.671333 0.457457 0.012000 0.024024
1 0.693000 0.467968 0.011333 0.019019
1 0.697000 0.448949 0.011333 0.021021
1 0.737667 0.454454 0.010000 0.018018
1 0.728667 0.546547 0.009333 0.014014
1 0.772000 0.471471 0.012000 0.020020
1 0.780667 0.505005 0.013333 0.021021
1 0.787667 0.513514 0.012667 0.022022
1 0.804667 0.519520 0.010667 0.020020
1 0.852000 0.466967 0.018667 0.029029
1 0.841667 0.467968 0.019333 0.033033
1 0.827667 0.408408 0.012667 0.022022
1 0.968333 0.356857 0.020667 0.035035
1 0.985000 0.558058 0.028667 0.045045
1 0.949667 0.558058 0.024667 0.041041
1 0.937333 0.545045 0.018667 0.039039
1 0.378000 0.520020 0.022667 0.027027
1 0.804667 0.903403 0.050667 0.087087
1 0.896667 0.849349 0.053333 0.081081
