1 0.881250 0.671875 0.056250 0.039583
1 0.744531 0.663021 0.045312 0.038542
1 0.700000 0.661979 0.056250 0.038542
1 0.617969 0.677604 0.057813 0.044792
1 0.505469 0.688542 0.054688 0.043750
1 0.432812 0.679688 0.056250 0.040625
1 0.366406 0.692187 0.054688 0.044792
1 0.515625 0.625521 0.028125 0.021875
1 0.388281 0.640104 0.029687 0.017708
1 0.300781 0.637500 0.042188 0.033333
1 0.265625 0.643750 0.034375 0.029167
1 0.222656 0.648438 0.026562 0.017708
1 0.153906 0.644271 0.017188 0.011458
1 0.020313 0.676042 0.040625 0.035417
1 0.037500 0.658854 0.034375 0.032292
1 0.086719 0.648958 0.035937 0.025000
