1 0.635938 0.301092 0.082292 0.140406
1 0.800000 0.306552 0.068750 0.123245
1 0.557292 0.237129 0.068750 0.099844
1 0.768750 0.242590 0.041667 0.092044
1 0.688542 0.335413 0.035417 0.071763
1 0.341667 0.377535 0.060417 0.109204
1 0.400521 0.322153 0.053125 0.092044
1 0.256250 0.274571 0.037500 0.099844
1 0.052604 0.298752 0.038542 0.070203
1 0.094792 0.375195 0.029167 0.051482
1 0.135937 0.333853 0.026042 0.046802
1 0.160417 0.292512 0.022917 0.039002
1 0.112500 0.290952 0.016667 0.032761
1 0.015104 0.283151 0.023958 0.042122
1 0.231250 0.294072 0.022917 0.045242
1 0.939063 0.293292 0.026042 0.046802
1 0.990625 0.271451 0.018750 0.049922
1 0.888021 0.280811 0.028125 0.049922
1 0.682292 0.235569 0.035417 0.056162
1 0.475000 0.318253 0.014583 0.031201
1 0.832292 0.240250 0.025000 0.046802
1 0.197917 0.441498 0.037500 0.056162
