1 0.741205 0.583159 0.064003 0.116542
1 0.669748 0.516542 0.063804 0.135917
1 0.514609 0.865276 0.004373 0.005961
1 0.493143 0.866170 0.003180 0.005961
1 0.489863 0.866319 0.003777 0.006259
1 0.479428 0.867064 0.003975 0.006557
1 0.474160 0.865574 0.002186 0.004769
1 0.424071 0.847541 0.002186 0.004471
1 0.425760 0.867958 0.002783 0.004769
1 0.378155 0.853800 0.002584 0.004471
1 0.372093 0.863636 0.005168 0.007452
1 0.368018 0.870790 0.004572 0.008048
1 0.385410 0.870939 0.004770 0.008346
1 0.403101 0.867809 0.004770 0.008048
1 0.410555 0.869896 0.004174 0.008048
1 0.330650 0.874069 0.002982 0.003875
1 0.322401 0.876602 0.002385 0.003577
1 0.050388 0.887928 0.002584 0.003577
1 0.546710 0.761699 0.002186 0.003279
1 0.553369 0.762593 0.001988 0.003875
1 0.478434 0.767213 0.001988 0.002981
1 0.473166 0.771982 0.001789 0.002981
1 0.466309 0.770939 0.001988 0.003279
1 0.812065 0.838897 0.006162 0.011028
1 0.547903 0.863934 0.002186 0.003875
1 0.483900 0.863487 0.003777 0.006557
1 0.401113 0.852012 0.002783 0.004471
1 0.399225 0.850224 0.002982 0.003875
1 0.391473 0.873025 0.002584 0.004769
