1 0.012703 0.846094 0.014595 0.054688
1 0.070541 0.866406 0.022162 0.054688
1 0.116757 0.839844 0.015135 0.045312
1 0.096486 0.814063 0.008108 0.028125
1 0.175676 0.815625 0.008649 0.025000
1 0.164865 0.828125 0.008649 0.025000
1 0.164324 0.852344 0.011892 0.039062
1 0.170270 0.905469 0.018378 0.057813
1 0.225946 0.867969 0.020541 0.064062
1 0.265676 0.818750 0.010270 0.031250
1 0.309730 0.854688 0.011892 0.037500
1 0.322162 0.841406 0.004324 0.017188
1 0.283784 0.867188 0.007568 0.021875
1 0.338919 0.852344 0.010811 0.029687
1 0.344324 0.836719 0.004324 0.017188
1 0.356216 0.839063 0.005405 0.021875
1 0.376757 0.839063 0.011892 0.034375
1 0.406486 0.825000 0.006486 0.018750
1 0.448649 0.792188 0.009730 0.031250
1 0.462703 0.825000 0.009730 0.025000
1 0.480270 0.839063 0.009189 0.031250
1 0.512432 0.868750 0.014054 0.040625
1 0.528378 0.866406 0.014595 0.045312
1 0.542973 0.840625 0.005946 0.021875
1 0.563784 0.864062 0.012973 0.043750
1 0.574324 0.858594 0.013514 0.045312
1 0.595676 0.768750 0.009730 0.028125
1 0.610811 0.878906 0.014054 0.042188
1 0.628108 0.789844 0.008649 0.023438
1 0.630811 0.737500 0.005405 0.015625
1 0.637297 0.862500 0.012973 0.046875
1 0.673243 0.753125 0.009189 0.021875
1 0.676486 0.774219 0.007027 0.023438
1 0.650811 0.849219 0.015135 0.051562
1 0.679189 0.912500 0.021081 0.065625
1 0.668108 0.847656 0.016216 0.057813
1 0.702973 0.807031 0.008108 0.023438
1 0.714324 0.783594 0.003784 0.010937
1 0.716486 0.803125 0.005946 0.018750
1 0.722162 0.817187 0.006486 0.018750
1 0.733784 0.829688 0.012432 0.037500
1 0.768378 0.877344 0.013514 0.045312
1 0.781892 0.820312 0.010270 0.037500
1 0.784595 0.947656 0.023243 0.067187
1 0.800811 0.822656 0.010270 0.032813
1 0.821081 0.816406 0.009730 0.026562
1 0.828108 0.832812 0.012973 0.037500
1 0.882973 0.850000 0.013514 0.034375
1 0.887027 0.774219 0.011892 0.032813
1 0.910270 0.778125 0.010811 0.034375
1 0.918378 0.854688 0.012973 0.040625
1 0.927027 0.937500 0.016216 0.059375
1 0.937838 0.868750 0.012973 0.040625
1 0.962973 0.751563 0.010270 0.028125
1 0.989730 0.764062 0.009730 0.031250
