1 0.805076 0.795525 0.003108 0.004630
1 0.796961 0.798354 0.002072 0.004115
1 0.791954 0.798611 0.003108 0.005658
1 0.752935 0.799897 0.002417 0.004115
1 0.712707 0.803498 0.002762 0.005144
1 0.704765 0.802984 0.002072 0.004115
1 0.650035 0.730967 0.001727 0.003086
1 0.560773 0.824331 0.002762 0.004630
1 0.554903 0.825360 0.002762 0.004630
1 0.548688 0.825360 0.002762 0.004630
1 0.548688 0.824846 0.002762 0.003601
1 0.579593 0.806327 0.002417 0.004630
1 0.574068 0.801698 0.003108 0.004630
1 0.563709 0.805298 0.002417 0.004630
1 0.548170 0.806070 0.002417 0.004115
1 0.571133 0.738940 0.002072 0.003601
1 0.560601 0.737140 0.001727 0.003086
1 0.558184 0.738940 0.001727 0.002572
1 0.531768 0.736111 0.002072 0.003086
1 0.528488 0.734825 0.002417 0.003601
1 0.509323 0.733539 0.002072 0.004115
1 0.535221 0.805813 0.002762 0.004630
1 0.457873 0.824074 0.002762 0.004115
1 0.448722 0.824588 0.003108 0.004115
1 0.445960 0.825874 0.003108 0.004630
1 0.493267 0.735082 0.002417 0.004115
1 0.486706 0.733796 0.001727 0.003601
1 0.471167 0.731996 0.002417 0.003086
1 0.461326 0.735597 0.002072 0.003086
1 0.455456 0.735597 0.002072 0.004115
1 0.451140 0.735854 0.001727 0.002572
1 0.445960 0.737140 0.001727 0.003086
1 0.436809 0.735082 0.002072 0.003086
1 0.429731 0.737912 0.002417 0.003601
1 0.425414 0.736111 0.001381 0.003086
1 0.410912 0.735597 0.002072 0.003086
1 0.407286 0.743570 0.002417 0.004630
1 0.376381 0.743313 0.001381 0.003086
1 0.373273 0.740998 0.002072 0.002572
1 0.370338 0.742284 0.001727 0.002058
1 0.367058 0.742027 0.002072 0.003601
1 0.324068 0.749486 0.001727 0.003086
1 0.318715 0.748457 0.001381 0.002058
1 0.316989 0.747685 0.001381 0.002572
1 0.285221 0.747942 0.002072 0.003086
1 0.281250 0.750257 0.001727 0.002572
1 0.386395 0.809156 0.002072 0.003086
1 0.383805 0.808128 0.002417 0.003086
1 0.382424 0.807613 0.001727 0.003086
1 0.377762 0.804527 0.002072 0.003086
1 0.344613 0.806584 0.001381 0.002058
1 0.312327 0.823302 0.003108 0.005658
1 0.306975 0.819444 0.003453 0.005144
1 0.304385 0.821759 0.003108 0.004630
1 0.294372 0.822274 0.003108 0.004630
1 0.289019 0.819959 0.004144 0.007202
1 0.230145 0.817644 0.002417 0.004630
1 0.214088 0.818930 0.002072 0.003086
1 0.220822 0.820216 0.002417 0.003601
1 0.211671 0.818930 0.002762 0.005144
1 0.131388 0.803755 0.001727 0.002572
1 0.103591 0.802212 0.001381 0.002572
1 0.131906 0.816358 0.002072 0.003086
1 0.132942 0.817130 0.002072 0.003601
1 0.125345 0.816101 0.002072 0.002572
1 0.117403 0.814815 0.002072 0.003086
1 0.114641 0.814300 0.002762 0.003086
1 0.110843 0.815329 0.002072 0.002058
1 0.103419 0.813529 0.001727 0.002572
1 0.101347 0.814043 0.001727 0.002572
1 0.096512 0.814815 0.001727 0.003086
1 0.068370 0.799897 0.001381 0.002058
1 0.063881 0.805556 0.004834 0.013374
1 0.056975 0.804784 0.004834 0.014918
1 0.074240 0.810442 0.002762 0.004630
1 0.075104 0.811471 0.001727 0.002572
1 0.065953 0.813014 0.003453 0.004630
1 0.060946 0.816358 0.002417 0.003086
1 0.055767 0.814043 0.002417 0.002572
1 0.053867 0.810442 0.002072 0.003601
1 0.049551 0.820216 0.005870 0.019033
1 0.047997 0.810957 0.002072 0.003601
1 0.033840 0.820216 0.004834 0.016975
1 0.033667 0.818416 0.005180 0.020576
1 0.025725 0.813786 0.001727 0.003086
1 0.027452 0.813014 0.001727 0.002572
1 0.021581 0.813014 0.002417 0.003601
1 0.022790 0.815072 0.002072 0.003601
