1 0.005859 0.760254 0.011719 0.012695
1 0.022949 0.749023 0.014648 0.015625
1 0.053223 0.746094 0.018555 0.023438
1 0.087402 0.747070 0.016602 0.017578
1 0.153809 0.750977 0.020508 0.019531
1 0.133789 0.755859 0.015625 0.017578
1 0.227051 0.748047 0.018555 0.017578
1 0.263672 0.752441 0.013672 0.016602
1 0.304199 0.751465 0.020508 0.028320
1 0.364258 0.755371 0.019531 0.028320
1 0.456055 0.766602 0.013672 0.013672
1 0.522461 0.750977 0.019531 0.019531
1 0.571289 0.744629 0.019531 0.020508
1 0.503418 0.753906 0.012695 0.013672
1 0.545410 0.813965 0.008789 0.008789
1 0.432617 0.806641 0.015625 0.013672
1 0.649414 0.773438 0.037109 0.037109
1 0.751465 0.767578 0.038086 0.041016
1 0.613770 0.738281 0.018555 0.021484
1 0.845215 0.872559 0.018555 0.020508
1 0.864258 0.761230 0.025391 0.026367
1 0.909180 0.758301 0.023438 0.026367
1 0.946777 0.743164 0.022461 0.019531
1 0.988770 0.733887 0.018555 0.020508
1 0.710449 0.882812 0.104492 0.234375
