1 0.385665 0.601852 0.044147 0.076720
1 0.440848 0.594577 0.038442 0.066138
1 0.493180 0.575066 0.040427 0.066799
1 0.575521 0.544974 0.040427 0.072090
1 0.969990 0.535218 0.002976 0.003638
1 0.868800 0.560351 0.004960 0.006283
1 0.851687 0.562004 0.006448 0.008929
1 0.749380 0.541832 0.002232 0.003638
1 0.745040 0.540675 0.002480 0.003307
1 0.737847 0.543320 0.001984 0.002646
1 0.731275 0.542493 0.002728 0.003638
1 0.725942 0.551587 0.002480 0.003307
1 0.721974 0.551091 0.002976 0.004299
1 0.726687 0.553406 0.001984 0.002315
1 0.684524 0.535218 0.001984 0.002976
1 0.665179 0.531415 0.001984 0.002646
1 0.654142 0.532738 0.002728 0.003968
1 0.657738 0.531746 0.002480 0.003307
1 0.669023 0.521991 0.002232 0.002976
1 0.650670 0.524967 0.001736 0.002976
1 0.646949 0.524636 0.002232 0.002976
1 0.638765 0.537533 0.002728 0.004299
1 0.545635 0.532738 0.001984 0.003307
1 0.001984 0.560185 0.003472 0.006614
1 0.017113 0.560020 0.003968 0.005622
1 0.027034 0.564649 0.003968 0.005622
1 0.060144 0.525628 0.002728 0.004299
1 0.077257 0.525628 0.002728 0.004299
1 0.178571 0.541832 0.002480 0.003638
1 0.184524 0.542163 0.002480 0.003638
1 0.223338 0.566468 0.006200 0.008598
1 0.241815 0.563161 0.005456 0.006614
1 0.308780 0.564649 0.005456 0.006283
1 0.471230 0.549603 0.009425 0.009259
1 0.522941 0.529597 0.002728 0.004299
1 0.549975 0.540179 0.008681 0.016204
1 0.609375 0.532903 0.001984 0.002976
1 0.838666 0.532738 0.001736 0.002646
