1 0.105769 0.446597 0.023846 0.034555
1 0.126923 0.551832 0.024615 0.031414
1 0.168462 0.424607 0.027692 0.045026
1 0.194231 0.436649 0.026923 0.039791
1 0.266538 0.457592 0.020769 0.035602
1 0.234231 0.434031 0.013077 0.021990
1 0.415000 0.435602 0.019231 0.035602
1 0.424615 0.433508 0.013846 0.025131
1 0.462308 0.432461 0.018462 0.025131
1 0.473846 0.437173 0.015385 0.021990
1 0.648462 0.447644 0.013846 0.024084
1 0.648462 0.450262 0.012308 0.020942
1 0.653462 0.445550 0.010000 0.015707
1 0.686923 0.443979 0.013846 0.020942
1 0.690000 0.442408 0.016923 0.026178
1 0.755000 0.431937 0.020769 0.038743
1 0.766923 0.447644 0.013846 0.028272
1 0.780385 0.439267 0.013077 0.024084
1 0.837308 0.457068 0.034615 0.063874
1 0.877692 0.454974 0.021538 0.036649
1 0.858462 0.442408 0.015385 0.024084
1 0.909231 0.440838 0.015385 0.023037
1 0.927692 0.448691 0.018462 0.021990
