1 0.012695 0.725404 0.025391 0.044053
1 0.053711 0.775330 0.003906 0.005874
1 0.086914 0.784875 0.011719 0.033774
1 0.095215 0.760646 0.006836 0.026432
1 0.099609 0.763583 0.007812 0.020558
1 0.103516 0.773862 0.003906 0.005874
1 0.071777 0.763583 0.010742 0.023495
1 0.510254 0.690162 0.016602 0.026432
1 0.496094 0.693098 0.011719 0.023495
1 0.523438 0.694567 0.013672 0.023495
1 0.548340 0.710720 0.008789 0.014684
1 0.563477 0.704846 0.011719 0.017621
1 0.627441 0.660793 0.016602 0.029369
1 0.610352 0.692364 0.011719 0.019090
1 0.654297 0.701175 0.013672 0.022026
1 0.727051 0.504405 0.043945 0.069016
1 0.791016 0.546256 0.041016 0.064611
1 0.943359 0.526432 0.039062 0.063142
1 0.461914 0.736417 0.009766 0.016153
1 0.481445 0.735683 0.005859 0.008811
1 0.400879 0.747430 0.006836 0.011747
1 0.481934 0.679883 0.004883 0.017621
1 0.487305 0.679148 0.005859 0.013216
1 0.339844 0.756241 0.005859 0.017621
