1 0.378000 0.580960 0.020000 0.028486
1 0.350500 0.591454 0.021000 0.034483
1 0.305000 0.572714 0.022000 0.038981
1 0.401500 0.584708 0.017000 0.032984
1 0.278000 0.574213 0.030000 0.050975
1 0.324500 0.598201 0.033000 0.047976
1 0.255500 0.568966 0.029000 0.046477
1 0.193500 0.550225 0.047000 0.059970
1 0.151500 0.580210 0.031000 0.050975
1 0.106500 0.546477 0.035000 0.061469
1 0.029000 0.570465 0.038000 0.058471
1 0.057000 0.575712 0.046000 0.068966
1 0.592500 0.571964 0.021000 0.040480
1 0.563000 0.563718 0.032000 0.053973
1 0.567500 0.595202 0.029000 0.050975
1 0.623500 0.577961 0.029000 0.061469
1 0.645000 0.563718 0.046000 0.092954
1 0.782500 0.575712 0.031000 0.053973
1 0.780500 0.574963 0.031000 0.061469
1 0.799000 0.592204 0.032000 0.056972
1 0.710500 0.549475 0.047000 0.088456
1 0.692000 0.556222 0.052000 0.095952
1 0.893000 0.570465 0.024000 0.034483
1 0.889500 0.610195 0.033000 0.065967
1 0.939000 0.556972 0.064000 0.118441
1 0.989000 0.539730 0.022000 0.140930
1 0.500000 0.559220 0.056000 0.107946
1 0.495000 0.517991 0.048000 0.067466
