1 0.032715 0.660156 0.024414 0.026042
1 0.016113 0.652995 0.032227 0.045573
1 0.037598 0.744141 0.075195 0.102865
1 0.080078 0.671875 0.031250 0.041667
1 0.135254 0.673828 0.030273 0.035156
1 0.154297 0.667318 0.011719 0.019531
1 0.206543 0.602214 0.041992 0.071615
1 0.239258 0.642578 0.019531 0.024740
1 0.268066 0.672526 0.014648 0.022135
1 0.301270 0.655599 0.014648 0.022135
1 0.344238 0.675130 0.010742 0.014323
1 0.345703 0.661458 0.009766 0.013021
1 0.362305 0.677083 0.011719 0.015625
1 0.383789 0.667318 0.009766 0.014323
1 0.422363 0.666016 0.010742 0.014323
1 0.439453 0.676432 0.011719 0.019531
1 0.460449 0.654297 0.016602 0.027344
1 0.479492 0.667969 0.019531 0.028646
1 0.498535 0.701172 0.016602 0.024740
1 0.490234 0.680990 0.013672 0.020833
1 0.499023 0.667318 0.013672 0.019531
1 0.527832 0.679688 0.014648 0.023438
1 0.537598 0.677083 0.014648 0.023438
1 0.556152 0.681641 0.012695 0.016927
1 0.603516 0.642578 0.023438 0.032552
1 0.649414 0.683594 0.013672 0.020833
1 0.710938 0.617839 0.060547 0.066406
1 0.764648 0.677734 0.009766 0.016927
1 0.771484 0.680339 0.005859 0.009115
1 0.793945 0.666667 0.011719 0.015625
1 0.796875 0.680990 0.021484 0.028646
1 0.841797 0.678385 0.056641 0.080729
1 0.888184 0.674479 0.014648 0.018229
1 0.921875 0.681641 0.009766 0.011719
1 0.106934 0.673828 0.012695 0.022135
1 0.407715 0.675781 0.006836 0.010417
