1 0.992308 0.262557 0.015385 0.100457
1 0.805128 0.343607 0.079487 0.162100
1 0.871154 0.261416 0.050000 0.098174
1 0.792308 0.190639 0.064103 0.121005
1 0.696154 0.400685 0.079487 0.166667
1 0.698718 0.244292 0.076923 0.150685
1 0.558333 0.539954 0.067949 0.148402
1 0.464744 0.506849 0.065385 0.118721
1 0.215385 0.329909 0.064103 0.157534
1 0.328205 0.357306 0.069231 0.143836
1 0.233974 0.190639 0.065385 0.130137
1 0.416026 0.251142 0.065385 0.155251
1 0.503846 0.154110 0.053846 0.116438
1 0.532692 0.329909 0.060256 0.139269
1 0.576923 0.184932 0.051282 0.136986
1 0.648077 0.148402 0.060256 0.123288
1 0.616026 0.300228 0.062821 0.157534
1 0.323077 0.196347 0.064103 0.114155
