1 0.168047 0.403017 0.035503 0.081897
1 0.233728 0.378233 0.036686 0.079741
1 0.285207 0.377155 0.033136 0.064655
1 0.321893 0.370690 0.037870 0.077586
1 0.369822 0.375000 0.031953 0.064655
1 0.452071 0.417026 0.033136 0.075431
1 0.435503 0.371767 0.033136 0.071121
1 0.510651 0.446121 0.034320 0.077586
1 0.505325 0.379310 0.026036 0.060345
1 0.568639 0.454741 0.029586 0.077586
1 0.563905 0.386853 0.027219 0.058190
1 0.620118 0.391164 0.033136 0.071121
1 0.633728 0.446121 0.034320 0.073276
1 0.664497 0.382543 0.029586 0.062500
1 0.696450 0.441810 0.036686 0.077586
1 0.728994 0.371767 0.030769 0.071121
1 0.794083 0.365302 0.042604 0.084052
1 0.866272 0.355603 0.040237 0.073276
