1 0.213846 0.544979 0.003077 0.004184
1 0.176538 0.549686 0.003846 0.005230
1 0.250385 0.553870 0.010000 0.028243
1 0.440000 0.546548 0.006154 0.017782
1 0.445000 0.545502 0.005385 0.017782
1 0.457692 0.544979 0.006154 0.023013
1 0.522308 0.524059 0.003077 0.004184
1 0.545385 0.524582 0.004615 0.005230
1 0.568462 0.527197 0.004615 0.006276
1 0.560769 0.526674 0.003077 0.005230
1 0.557308 0.523536 0.003846 0.005230
1 0.585385 0.523013 0.004615 0.006276
1 0.579615 0.519351 0.003846 0.005230
1 0.590769 0.519351 0.004615 0.007322
1 0.596154 0.531904 0.007692 0.030335
1 0.602692 0.521444 0.003846 0.005230
1 0.635769 0.511506 0.005385 0.008368
1 0.649615 0.507845 0.006923 0.009414
1 0.647308 0.524059 0.006923 0.010460
1 0.671154 0.524582 0.006923 0.011506
1 0.677692 0.516213 0.004615 0.007322
1 0.754231 0.514644 0.005385 0.008368
1 0.758846 0.516213 0.010000 0.013598
1 0.771923 0.530858 0.008462 0.013598
1 0.976923 0.494770 0.026154 0.039749
1 0.944615 0.498431 0.033846 0.049163
1 0.739231 0.573745 0.016923 0.024059
1 0.671923 0.575314 0.025385 0.041841
1 0.650769 0.576883 0.021538 0.034519
1 0.616154 0.530858 0.027692 0.044979
1 0.620769 0.590481 0.029231 0.049163
1 0.679615 0.653766 0.033077 0.043933
1 0.578077 0.596757 0.034615 0.051255
1 0.523077 0.606172 0.033846 0.055439
1 0.366538 0.551778 0.039231 0.061715
1 0.267692 0.580021 0.046154 0.080544
1 0.160385 0.652197 0.002308 0.005230
1 0.452308 0.634414 0.004615 0.007322
1 0.467692 0.609310 0.004615 0.007322
1 0.485769 0.597803 0.003846 0.005230
1 0.495000 0.608264 0.003846 0.005230
1 0.490769 0.603033 0.009231 0.038703
1 0.456154 0.577929 0.003077 0.005230
1 0.446923 0.568515 0.003077 0.005230
1 0.450000 0.567469 0.003077 0.005230
1 0.839231 0.485879 0.130769 0.206067
