1 0.071094 0.813520 0.014063 0.023310
1 0.221094 0.828671 0.014063 0.020979
1 0.234375 0.878788 0.012500 0.018648
1 0.268750 0.876457 0.012500 0.023310
1 0.266406 0.826340 0.014063 0.020979
1 0.315625 0.820513 0.012500 0.013986
1 0.328906 0.821678 0.010937 0.020979
1 0.351562 0.881119 0.028125 0.051282
1 0.454688 0.829837 0.015625 0.065268
1 0.547656 0.837995 0.010937 0.016317
1 0.567969 0.893939 0.029687 0.048951
1 0.578906 0.829837 0.010937 0.018648
1 0.621094 0.824009 0.017188 0.025641
1 0.637500 0.839161 0.009375 0.018648
1 0.657813 0.833333 0.006250 0.011655
1 0.673438 0.824009 0.006250 0.011655
1 0.725000 0.841492 0.009375 0.013986
1 0.742969 0.863636 0.007812 0.011655
1 0.755469 0.846154 0.007812 0.013986
1 0.739062 0.839161 0.009375 0.051282
1 0.790625 0.836830 0.018750 0.027972
1 0.839844 0.849650 0.017188 0.030303
1 0.882812 0.843823 0.015625 0.027972
1 0.888281 0.835664 0.010937 0.016317
1 0.899219 0.839161 0.007812 0.013986
1 0.939844 0.842657 0.010937 0.016317
1 0.969531 0.837995 0.010937 0.016317
1 0.711719 0.853147 0.014063 0.051282
1 0.732812 0.861305 0.012500 0.053613
1 0.885156 0.837995 0.007812 0.011655
