1 0.797266 0.177778 0.064844 0.130556
1 0.513672 0.269444 0.055469 0.133333
1 0.341797 0.235417 0.067969 0.134722
1 0.015234 0.338194 0.030469 0.065278
1 0.053906 0.345139 0.034375 0.076389
1 0.123047 0.344444 0.032031 0.072222
1 0.183203 0.347917 0.035156 0.073611
1 0.081250 0.231250 0.035937 0.081944
1 0.131641 0.180556 0.032031 0.061111
1 0.213672 0.147917 0.030469 0.068056
1 0.014453 0.246528 0.028906 0.076389
1 0.509375 0.164583 0.031250 0.070833
1 0.592578 0.300000 0.028906 0.069444
1 0.653516 0.286806 0.033594 0.073611
1 0.683594 0.181250 0.031250 0.068056
1 0.621094 0.174306 0.026562 0.073611
1 0.575781 0.084722 0.032813 0.069444
1 0.623828 0.095139 0.028906 0.062500
1 0.862109 0.184722 0.032031 0.072222
1 0.838672 0.440972 0.027344 0.068056
1 0.950000 0.459028 0.032813 0.068056
1 0.943750 0.372917 0.031250 0.068056
1 0.983594 0.375000 0.028125 0.061111
1 0.914453 0.294444 0.028906 0.063889
1 0.972266 0.283333 0.030469 0.063889
1 0.740625 0.187500 0.029687 0.069444
1 0.915625 0.237500 0.028125 0.066667
1 0.965625 0.198611 0.028125 0.069444
1 0.986328 0.158333 0.025781 0.058333
1 0.937109 0.120833 0.022656 0.052778
1 0.898047 0.123611 0.024219 0.055556
1 0.832812 0.115972 0.028125 0.062500
1 0.212109 0.273611 0.033594 0.069444
1 0.405469 0.443750 0.035937 0.079167
1 0.440625 0.082639 0.031250 0.065278
1 0.669922 0.364583 0.036719 0.079167
1 0.091016 0.478472 0.035156 0.076389
1 0.150781 0.434028 0.035937 0.084722
1 0.142578 0.299306 0.027344 0.068056
