1 0.855957 0.568814 0.036133 0.062958
1 0.931152 0.548316 0.024414 0.039531
1 0.780273 0.540996 0.021484 0.033675
1 0.726074 0.561493 0.024414 0.030747
1 0.648926 0.555637 0.018555 0.027818
1 0.581543 0.557833 0.010742 0.020498
1 0.593262 0.559297 0.010742 0.020498
1 0.698242 0.569546 0.007812 0.032211
1 0.690430 0.564422 0.009766 0.030747
1 0.672852 0.563690 0.007812 0.026354
1 0.610840 0.573206 0.008789 0.033675
1 0.599121 0.569546 0.008789 0.029283
1 0.554199 0.558565 0.006836 0.010249
1 0.529297 0.554905 0.005859 0.008785
1 0.521484 0.559297 0.005859 0.008785
1 0.503906 0.557101 0.005859 0.010249
1 0.508789 0.557833 0.003906 0.005857
