1 0.998534 0.912605 0.002933 0.020168
1 0.958456 0.905882 0.014663 0.026891
1 0.944282 0.917647 0.009775 0.020168
1 0.917889 0.878151 0.011730 0.025210
1 0.892962 0.878151 0.008798 0.018487
1 0.881232 0.868067 0.008798 0.018487
1 0.799609 0.880672 0.011730 0.023529
1 0.777126 0.857983 0.013685 0.028571
1 0.765396 0.878992 0.009775 0.016807
1 0.734604 0.875630 0.012708 0.026891
1 0.709189 0.875630 0.010753 0.016807
1 0.689638 0.881513 0.008798 0.015126
1 0.668133 0.873950 0.008798 0.020168
1 0.652493 0.869748 0.006843 0.015126
1 0.630987 0.882353 0.010753 0.023529
1 0.611437 0.880672 0.010753 0.016807
1 0.590420 0.872269 0.009775 0.020168
1 0.567937 0.859664 0.011730 0.021849
1 0.546921 0.874790 0.010753 0.018487
1 0.528837 0.873950 0.011730 0.020168
1 0.504888 0.872269 0.012708 0.026891
1 0.517595 0.859664 0.008798 0.018487
1 0.488759 0.868067 0.009775 0.018487
1 0.474096 0.909244 0.007820 0.016807
1 0.457478 0.857143 0.007820 0.016807
1 0.443793 0.869748 0.009775 0.021849
1 0.418377 0.881513 0.007820 0.015126
1 0.468719 0.867227 0.010753 0.020168
1 0.402737 0.876471 0.011730 0.018487
1 0.392473 0.867227 0.010753 0.020168
1 0.373412 0.874790 0.011730 0.021849
1 0.359238 0.866387 0.012708 0.021849
1 0.344575 0.880672 0.010753 0.020168
1 0.326491 0.869748 0.009775 0.021849
1 0.326002 0.862185 0.010753 0.023529
1 0.314272 0.879832 0.010753 0.018487
1 0.288856 0.860504 0.012708 0.023529
1 0.269306 0.878992 0.012708 0.023529
1 0.255132 0.870588 0.011730 0.020168
1 0.232649 0.867227 0.011730 0.023529
1 0.204790 0.882353 0.012708 0.020168
1 0.197947 0.868067 0.010753 0.021849
1 0.177419 0.886555 0.012708 0.021849
1 0.156891 0.904202 0.026393 0.057143
1 0.140274 0.881513 0.010753 0.021849
1 0.123167 0.866387 0.011730 0.021849
1 0.102151 0.870588 0.008798 0.016807
1 0.093842 0.870588 0.009775 0.016807
1 0.056696 0.873109 0.009775 0.018487
1 0.030792 0.867227 0.008798 0.016807
1 0.075758 0.868067 0.006843 0.015126
1 0.060117 0.858824 0.008798 0.016807
