1 0.880261 0.643555 0.056604 0.046875
1 0.852685 0.637207 0.039187 0.034180
1 0.762700 0.680664 0.047896 0.042969
1 0.669811 0.678711 0.047896 0.041016
1 0.561684 0.652344 0.060958 0.056641
1 0.470247 0.680664 0.046444 0.037109
1 0.371553 0.667969 0.043541 0.037109
1 0.284470 0.702148 0.058055 0.041016
1 0.158200 0.661133 0.058055 0.041016
1 0.326560 0.661133 0.026125 0.015625
1 0.462264 0.645996 0.036284 0.026367
1 0.531205 0.661133 0.040639 0.035156
1 0.602322 0.652344 0.017417 0.015625
1 0.657475 0.631348 0.037736 0.028320
