1 0.010417 0.602006 0.018750 0.015981
1 0.011198 0.668480 0.022396 0.019041
1 0.054427 0.599966 0.023438 0.018701
1 0.048958 0.676471 0.020833 0.015301
1 0.077344 0.593506 0.022396 0.014621
1 0.102344 0.667970 0.024479 0.017341
1 0.133333 0.603196 0.020833 0.015641
1 0.147396 0.669670 0.023958 0.016661
1 0.181771 0.617477 0.017708 0.014961
1 0.202344 0.608977 0.019271 0.014281
1 0.211198 0.656749 0.023438 0.018701
1 0.240365 0.615607 0.018229 0.012581
1 0.261979 0.661680 0.022917 0.016321
1 0.313542 0.611867 0.018750 0.016661
1 0.317708 0.661680 0.018750 0.016321
1 0.352865 0.607446 0.016146 0.012581
1 0.495312 0.632268 0.014583 0.012581
1 0.507812 0.683271 0.017708 0.015301
1 0.526563 0.669160 0.019792 0.016321
1 0.517188 0.627678 0.015625 0.013601
1 0.546875 0.619687 0.015625 0.011901
1 0.591146 0.626488 0.022917 0.019381
1 0.635417 0.625298 0.013542 0.010201
1 0.680729 0.618837 0.015625 0.011561
1 0.663021 0.672050 0.013542 0.010541
1 0.703646 0.672900 0.016667 0.013601
1 0.676042 0.691261 0.016667 0.013601
1 0.738281 0.709623 0.019271 0.016321
1 0.742448 0.654029 0.017188 0.011901
1 0.781510 0.644169 0.015104 0.013261
1 0.810937 0.642469 0.015625 0.013261
1 0.832031 0.688541 0.017188 0.014281
1 0.825781 0.699252 0.018229 0.013941
1 0.851823 0.642469 0.016146 0.012581
1 0.883073 0.648759 0.015104 0.012921
1 0.896615 0.648079 0.017188 0.012921
1 0.886198 0.698742 0.019271 0.014281
1 0.936719 0.644849 0.019271 0.014621
1 0.938281 0.692622 0.019271 0.015641
1 0.944792 0.688881 0.018750 0.019041
1 0.976823 0.676471 0.023438 0.018701
1 0.977865 0.565284 0.041146 0.026862
1 0.406771 0.516831 0.061458 0.044203
1 0.411458 0.476709 0.054167 0.047603
