1 0.042692 0.568443 0.057692 0.081505
1 0.194615 0.610240 0.066154 0.114943
1 0.033462 0.535005 0.045385 0.073145
1 0.074231 0.525601 0.030000 0.039707
1 0.113077 0.485893 0.021538 0.031348
1 0.108846 0.544410 0.028462 0.048067
1 0.131538 0.572623 0.038462 0.062696
1 0.089615 0.490073 0.017692 0.027168
1 0.147308 0.514107 0.030000 0.045977
1 0.163846 0.517241 0.036923 0.058516
1 0.173846 0.486416 0.021538 0.030303
1 0.216923 0.523511 0.033846 0.052247
1 0.198462 0.580982 0.043077 0.068966
1 0.241923 0.502090 0.026923 0.038662
1 0.260385 0.489028 0.022308 0.035528
1 0.243846 0.484326 0.023077 0.034483
1 0.302308 0.495298 0.021538 0.035528
1 0.359615 0.502090 0.020769 0.030303
1 0.371923 0.521421 0.023846 0.035528
1 0.325769 0.526123 0.045385 0.059561
1 0.351923 0.575758 0.042308 0.060606
1 0.317308 0.601881 0.054615 0.094044
1 0.411538 0.544410 0.030769 0.060606
1 0.488846 0.531348 0.046923 0.084639
1 0.507692 0.507837 0.035385 0.048067
1 0.459231 0.480146 0.024615 0.042842
1 0.561154 0.521944 0.045385 0.074190
1 0.660000 0.591432 0.055385 0.073145
1 0.607692 0.515152 0.021538 0.039707
1 0.633462 0.509927 0.022308 0.035528
1 0.675385 0.512017 0.030769 0.041797
1 0.691154 0.515152 0.019231 0.033438
1 0.715000 0.510972 0.022308 0.033438
1 0.791154 0.599269 0.065385 0.105538
1 0.951538 0.556426 0.066154 0.076280
1 0.752308 0.534483 0.053846 0.057471
1 0.805385 0.495820 0.024615 0.036573
1 0.829615 0.506792 0.020769 0.033438
1 0.874231 0.525601 0.026923 0.043887
1 0.875769 0.522989 0.028462 0.044932
1 0.925385 0.499478 0.021538 0.031348
1 0.935769 0.519331 0.040769 0.045977
1 0.995385 0.501045 0.009231 0.021944
