1 0.234375 0.825521 0.031250 0.074653
1 0.314941 0.791667 0.034180 0.072917
1 0.372559 0.777778 0.016602 0.034722
1 0.373535 0.789931 0.012695 0.024306
1 0.405273 0.794271 0.015625 0.032986
1 0.426758 0.860243 0.013672 0.026042
1 0.432617 0.820312 0.015625 0.032986
1 0.411133 0.794271 0.013672 0.032986
1 0.434570 0.772569 0.013672 0.020833
1 0.530273 0.811632 0.023438 0.053819
1 0.621582 0.773438 0.024414 0.050347
1 0.720703 0.784722 0.027344 0.041667
1 0.465820 0.779514 0.011719 0.027778
1 0.541504 0.777778 0.008789 0.020833
1 0.566406 0.789062 0.013672 0.029514
1 0.578613 0.773438 0.008789 0.015625
1 0.498047 0.787326 0.009766 0.022569
1 0.488281 0.788194 0.007812 0.013889
1 0.559082 0.779514 0.010742 0.020833
1 0.864258 0.909722 0.070312 0.145833
1 0.907715 0.857639 0.024414 0.055556
1 0.970215 0.880208 0.024414 0.041667
1 0.993652 0.786458 0.012695 0.038194
1 0.932617 0.787326 0.021484 0.039931
1 0.970215 0.791667 0.020508 0.034722
1 0.924316 0.790799 0.016602 0.036458
1 0.960938 0.778646 0.017578 0.032986
1 0.860840 0.794271 0.022461 0.039931
1 0.795410 0.823785 0.012695 0.026042
1 0.782715 0.809028 0.014648 0.024306
1 0.771973 0.788194 0.010742 0.020833
1 0.819824 0.800347 0.012695 0.024306
1 0.844238 0.779514 0.008789 0.017361
1 0.814453 0.776910 0.011719 0.022569
1 0.661621 0.789931 0.018555 0.031250
1 0.767578 0.783854 0.009766 0.022569
1 0.754883 0.866319 0.023438 0.142361
1 0.694824 0.789931 0.010742 0.017361
1 0.683105 0.790799 0.008789 0.019097
1 0.788574 0.784722 0.010742 0.020833
1 0.805664 0.774306 0.009766 0.017361
1 0.827148 0.775174 0.007812 0.015625
1 0.873535 0.785590 0.010742 0.022569
