1 0.618652 0.561584 0.125977 0.211144
1 0.228516 0.400293 0.009766 0.011730
1 0.243652 0.403959 0.010742 0.016129
1 0.308105 0.392229 0.010742 0.016129
1 0.303711 0.405425 0.009766 0.019062
1 0.326660 0.390029 0.004883 0.008798
1 0.376953 0.393695 0.007812 0.013196
1 0.388184 0.427419 0.022461 0.068915
1 0.405762 0.394428 0.006836 0.008798
1 0.414062 0.387097 0.007812 0.011730
1 0.528320 0.384164 0.005859 0.008798
1 0.575684 0.392229 0.004883 0.007331
1 0.596680 0.385630 0.005859 0.008798
1 0.638672 0.394428 0.019531 0.049853
1 0.750000 0.386364 0.003906 0.007331
1 0.770020 0.382698 0.004883 0.008798
1 0.906738 0.383431 0.008789 0.013196
