1 0.058105 0.271701 0.045898 0.095486
1 0.119141 0.308160 0.046875 0.098958
1 0.170898 0.296007 0.039062 0.085069
1 0.232910 0.287326 0.032227 0.074653
1 0.270508 0.306424 0.037109 0.085069
1 0.325195 0.287326 0.029297 0.074653
1 0.375488 0.294271 0.038086 0.092014
1 0.401367 0.255208 0.031250 0.069444
1 0.422363 0.318576 0.036133 0.081597
1 0.472656 0.342882 0.035156 0.092014
1 0.470215 0.275174 0.032227 0.071181
1 0.543457 0.296007 0.034180 0.085069
1 0.536133 0.251736 0.037109 0.083333
1 0.613770 0.235243 0.036133 0.081597
1 0.613770 0.349826 0.038086 0.092014
1 0.681152 0.355903 0.038086 0.086806
1 0.687012 0.253472 0.040039 0.093750
1 0.773438 0.296875 0.044922 0.104167
1 0.787109 0.239583 0.042969 0.093750
1 0.875488 0.260417 0.053711 0.121528
1 0.936523 0.250000 0.054688 0.121528
