1 0.074000 0.416388 0.046667 0.056856
1 0.116667 0.390468 0.038667 0.055184
1 0.172667 0.426421 0.030667 0.060201
1 0.240000 0.406355 0.029333 0.053512
1 0.259333 0.410535 0.041333 0.055184
1 0.316000 0.403010 0.037333 0.056856
1 0.390667 0.416388 0.042667 0.060201
1 0.431333 0.431438 0.036000 0.053512
1 0.485333 0.386288 0.042667 0.070234
1 0.584000 0.412207 0.040000 0.058528
1 0.638667 0.419732 0.042667 0.063545
1 0.709333 0.408863 0.040000 0.051839
1 0.796667 0.403846 0.038667 0.055184
1 0.900667 0.403010 0.041333 0.063545
1 0.952667 0.536789 0.052000 0.066890
1 0.829333 0.516722 0.048000 0.070234
1 0.704667 0.522575 0.046667 0.071906
1 0.614667 0.664716 0.040000 0.071906
1 0.518000 0.602007 0.044000 0.066890
1 0.432000 0.581104 0.042667 0.065217
1 0.359333 0.620401 0.044000 0.066890
1 0.254667 0.695652 0.042667 0.073579
1 0.118000 0.536789 0.046667 0.073579
