1 0.876190 0.276984 0.050794 0.093651
1 0.824339 0.238095 0.048677 0.088889
1 0.750794 0.380159 0.062434 0.115873
1 0.684127 0.346032 0.011640 0.019048
1 0.648148 0.323810 0.056085 0.117460
1 0.543386 0.270635 0.051852 0.119048
1 0.488360 0.387302 0.047619 0.098413
1 0.393122 0.265873 0.051852 0.112698
1 0.338624 0.355556 0.050794 0.104762
1 0.210053 0.342857 0.045503 0.098413
1 0.116402 0.312698 0.063492 0.117460
1 0.168254 0.330952 0.025397 0.039683
1 0.087302 0.334921 0.024339 0.041270
1 0.013757 0.315079 0.027513 0.042857
1 0.280952 0.372222 0.022222 0.093651
