1 0.066000 0.465932 0.034000 0.074148
1 0.350000 0.414830 0.036000 0.072144
1 0.440500 0.398798 0.031000 0.068136
1 0.492500 0.405812 0.035000 0.086172
1 0.639500 0.437876 0.029000 0.062124
1 0.647000 0.440882 0.030000 0.064128
1 0.581000 0.453908 0.022000 0.050100
1 0.892000 0.480962 0.026000 0.060120
1 0.732500 0.450902 0.021000 0.044088
1 0.754500 0.448898 0.025000 0.060120
1 0.793500 0.476954 0.027000 0.060120
1 0.884500 0.472946 0.023000 0.048096
1 0.094500 0.460922 0.029000 0.052104
1 0.134500 0.472946 0.021000 0.060120
1 0.176000 0.458918 0.022000 0.052104
1 0.221000 0.449900 0.026000 0.058116
1 0.266000 0.446894 0.024000 0.056112
1 0.044500 0.303607 0.023000 0.046092
1 0.103500 0.372745 0.027000 0.056112
1 0.170000 0.406814 0.026000 0.044088
1 0.216000 0.375752 0.020000 0.046092
1 0.266500 0.280561 0.017000 0.044088
1 0.317000 0.219439 0.020000 0.046092
1 0.381000 0.170341 0.018000 0.040080
1 0.424500 0.153307 0.015000 0.042084
1 0.470500 0.138277 0.017000 0.040080
1 0.504500 0.230461 0.017000 0.040080
1 0.608000 0.268537 0.016000 0.032064
1 0.646000 0.254509 0.016000 0.040080
1 0.986500 0.437876 0.019000 0.042084
1 0.958000 0.588176 0.042000 0.234469
1 0.921500 0.311623 0.015000 0.034068
1 0.918000 0.379760 0.016000 0.038076
1 0.918000 0.432866 0.018000 0.044088
1 0.894500 0.284569 0.037000 0.172345
1 0.324000 0.120240 0.018000 0.044088
