1 0.218462 0.457672 0.016923 0.028571
1 0.240769 0.466667 0.015385 0.021164
1 0.249615 0.454497 0.013077 0.024339
1 0.954615 0.439153 0.020000 0.027513
1 0.883846 0.430688 0.035385 0.061376
1 0.884231 0.460317 0.033077 0.050794
1 0.805769 0.433333 0.039231 0.060317
1 0.488077 0.435450 0.014615 0.024339
1 0.470000 0.466667 0.021538 0.040212
1 0.532692 0.452910 0.036154 0.057143
1 0.566538 0.452381 0.030000 0.043386
1 0.613846 0.447090 0.020000 0.037037
1 0.566154 0.412698 0.013846 0.050794
1 0.806923 0.361376 0.013846 0.049735
1 0.642692 0.456614 0.026923 0.041270
1 0.678462 0.464021 0.021538 0.030688
1 0.706923 0.455556 0.021538 0.030688
1 0.760000 0.434392 0.021538 0.034921
1 0.428462 0.451323 0.010769 0.015873
