1 0.230769 0.549865 0.003077 0.003594
1 0.329231 0.547170 0.003077 0.003594
1 0.350000 0.545822 0.003077 0.004492
1 0.032308 0.720575 0.006154 0.008985
1 0.038077 0.734951 0.005385 0.007188
1 0.049615 0.724169 0.005385 0.007188
1 0.065385 0.719227 0.006154 0.008086
1 0.081154 0.724169 0.005385 0.007188
1 0.096923 0.722821 0.006154 0.006289
1 0.111538 0.720126 0.006154 0.008086
1 0.133462 0.721923 0.006923 0.008086
1 0.138462 0.722372 0.006154 0.007188
1 0.169231 0.729111 0.006154 0.006289
1 0.185769 0.720575 0.006923 0.008985
1 0.206154 0.715633 0.007692 0.009883
1 0.220000 0.720575 0.007692 0.010782
1 0.238462 0.712938 0.013846 0.020665
1 0.269615 0.723720 0.014615 0.018868
1 0.283462 0.723270 0.011538 0.016173
1 0.315385 0.721473 0.012308 0.017969
1 0.331538 0.733603 0.029231 0.033243
1 0.382692 0.722372 0.022308 0.030548
1 0.458846 0.719677 0.017692 0.021563
1 0.540769 0.702606 0.010769 0.016173
1 0.572308 0.711590 0.007692 0.010782
1 0.501154 0.704403 0.006923 0.010782
1 0.511154 0.712489 0.006923 0.008985
1 0.415769 0.710692 0.005385 0.008985
1 0.595769 0.703953 0.008462 0.013477
1 0.630769 0.701707 0.013846 0.017969
1 0.650000 0.713836 0.013846 0.017071
1 0.708462 0.705750 0.013846 0.018868
1 0.676923 0.707996 0.009231 0.012579
1 0.658462 0.701258 0.007692 0.011680
1 0.761154 0.706649 0.010000 0.015274
1 0.768462 0.707098 0.013846 0.017969
1 0.793462 0.707996 0.005385 0.007188
1 0.818846 0.707996 0.005385 0.007188
1 0.843462 0.708446 0.017692 0.020665
1 0.886154 0.709793 0.023077 0.025157
1 0.910769 0.699461 0.013846 0.018868
1 0.871923 0.693621 0.013077 0.014376
1 0.935000 0.703055 0.008462 0.009883
1 0.983846 0.704852 0.012308 0.017071
1 0.975385 0.812668 0.026154 0.031447
1 0.023077 0.727763 0.006154 0.007188
1 0.268846 0.706199 0.016154 0.017969
1 0.436154 0.713387 0.006154 0.008985
1 0.426154 0.712938 0.006154 0.008086
1 0.411154 0.713387 0.005385 0.008985
1 0.946923 0.745283 0.044615 0.056604
1 0.963077 0.721024 0.007692 0.009883
1 0.260385 0.551662 0.003846 0.005391
1 0.264615 0.556604 0.010769 0.022462
1 0.273077 0.552561 0.003077 0.005391
1 0.052308 0.717430 0.006154 0.006289
1 0.198077 0.718329 0.005385 0.006289
1 0.806538 0.705750 0.005385 0.006289
1 0.815385 0.715184 0.012308 0.032345
