1 0.929063 0.706250 0.011875 0.015833
1 0.860938 0.713333 0.019375 0.028333
1 0.859688 0.689583 0.018125 0.027500
1 0.734375 0.697500 0.012500 0.018333
1 0.650000 0.688750 0.006250 0.009167
1 0.601250 0.692917 0.008750 0.014167
1 0.544063 0.709583 0.011875 0.015833
1 0.490000 0.708333 0.007500 0.008333
1 0.482187 0.686667 0.006875 0.011667
1 0.466562 0.683333 0.019375 0.030000
1 0.440937 0.678333 0.020625 0.028333
1 0.374375 0.695833 0.021250 0.035000
1 0.380625 0.687917 0.017500 0.030833
1 0.310312 0.689583 0.004375 0.005833
1 0.308750 0.740000 0.008750 0.010000
1 0.693438 0.706667 0.011875 0.020000
1 0.696562 0.702917 0.010625 0.019167
