1 0.167813 0.486111 0.018125 0.043333
1 0.147187 0.482222 0.015625 0.031111
1 0.136563 0.466111 0.008125 0.018889
1 0.248438 0.493889 0.005625 0.010000
1 0.319688 0.488889 0.006875 0.015556
1 0.371875 0.485556 0.015000 0.033333
1 0.403438 0.496111 0.013125 0.027778
1 0.405313 0.541667 0.014375 0.034444
1 0.551250 0.503889 0.010000 0.021111
1 0.608125 0.497778 0.011250 0.022222
1 0.660937 0.490000 0.011875 0.026667
1 0.823750 0.450000 0.012500 0.024444
1 0.830000 0.482222 0.010000 0.017778
1 0.924687 0.421111 0.005625 0.011111
1 0.869375 0.454444 0.005000 0.011111
1 0.880938 0.449444 0.004375 0.007778
