1 0.739676 0.718750 0.089971 0.070312
1 0.460177 0.710938 0.073746 0.054688
1 0.058260 0.641113 0.042773 0.030273
1 0.149705 0.639648 0.048673 0.031250
1 0.187316 0.659180 0.053097 0.039062
1 0.784661 0.542480 0.050147 0.038086
1 0.680678 0.544434 0.036873 0.034180
1 0.510324 0.538086 0.038348 0.033203
1 0.294985 0.556641 0.032448 0.031250
1 0.387906 0.544434 0.029499 0.026367
1 0.568584 0.524902 0.030973 0.020508
1 0.629056 0.520508 0.033923 0.029297
1 0.795723 0.517090 0.030973 0.020508
1 0.849558 0.521973 0.026549 0.022461
1 0.969764 0.523438 0.022124 0.015625
1 0.997050 0.527832 0.005900 0.022461
1 0.910767 0.500000 0.016224 0.011719
1 0.898968 0.466309 0.019174 0.010742
1 0.915192 0.472656 0.013274 0.009766
1 0.852507 0.468750 0.011799 0.007812
1 0.845133 0.496094 0.023599 0.011719
1 0.816372 0.489258 0.016224 0.011719
1 0.823009 0.473633 0.011799 0.007812
1 0.808997 0.459961 0.016224 0.011719
1 0.814897 0.489258 0.016224 0.011719
1 0.783923 0.489258 0.019174 0.015625
1 0.789086 0.459961 0.014749 0.011719
1 0.764749 0.468262 0.019174 0.012695
1 0.736726 0.456543 0.016224 0.012695
1 0.720501 0.473633 0.022124 0.017578
1 0.696165 0.448242 0.011799 0.007812
1 0.689528 0.441406 0.013274 0.009766
1 0.688791 0.456543 0.014749 0.008789
1 0.673304 0.473633 0.025074 0.017578
1 0.675516 0.440918 0.014749 0.010742
1 0.660767 0.441406 0.011799 0.007812
1 0.622419 0.483398 0.020649 0.017578
1 0.542773 0.427246 0.014749 0.012695
1 0.526549 0.436035 0.014749 0.010742
1 0.500000 0.435059 0.011799 0.010742
1 0.474926 0.437012 0.017699 0.010742
1 0.452802 0.441895 0.011799 0.008789
1 0.435103 0.435059 0.011799 0.008789
1 0.544248 0.463867 0.011799 0.007812
1 0.555310 0.471680 0.016224 0.013672
1 0.529499 0.474609 0.014749 0.011719
1 0.518437 0.466797 0.013274 0.009766
1 0.487463 0.478516 0.022124 0.015625
1 0.466077 0.477539 0.014749 0.011719
1 0.439528 0.487793 0.017699 0.014648
1 0.393805 0.489746 0.017699 0.014648
1 0.384218 0.451172 0.013274 0.011719
1 0.354720 0.459961 0.013274 0.009766
1 0.348083 0.476562 0.011799 0.007812
1 0.335546 0.459961 0.013274 0.009766
1 0.322271 0.464844 0.016224 0.013672
1 0.300885 0.474121 0.017699 0.010742
1 0.292773 0.473145 0.013274 0.008789
1 0.202802 0.510254 0.013274 0.008789
1 0.120944 0.509766 0.020649 0.013672
1 0.095870 0.516602 0.014749 0.011719
1 0.028761 0.480469 0.025074 0.019531
1 0.093658 0.552246 0.022124 0.020508
1 0.118732 0.553711 0.030973 0.021484
1 0.040560 0.552734 0.028024 0.021484
1 0.015487 0.592285 0.030973 0.022461
