1 0.994318 0.918876 0.011364 0.058712
1 0.908249 0.979167 0.037037 0.041667
1 0.837753 0.892361 0.032407 0.051136
1 0.720328 0.768939 0.013047 0.020202
1 0.709386 0.771149 0.010522 0.017045
1 0.683502 0.755682 0.014310 0.026515
1 0.646254 0.772412 0.016414 0.025884
1 0.606061 0.769886 0.015152 0.025884
1 0.588805 0.787879 0.011785 0.018939
1 0.573022 0.787247 0.015572 0.027778
1 0.578072 0.767677 0.014731 0.025253
1 0.574074 0.761048 0.010101 0.017045
1 0.578283 0.707702 0.004209 0.006313
1 0.554293 0.705177 0.005051 0.007576
1 0.558502 0.705177 0.004209 0.006313
1 0.524832 0.697917 0.003367 0.006944
1 0.527988 0.688447 0.003788 0.006944
1 0.531566 0.688131 0.003367 0.005051
1 0.518729 0.689078 0.002946 0.006944
1 0.503998 0.697601 0.003788 0.006313
1 0.457281 0.711490 0.006313 0.008838
1 0.437500 0.709912 0.004630 0.010732
1 0.435606 0.710543 0.005051 0.008207
1 0.436237 0.695391 0.003788 0.008207
1 0.450758 0.693813 0.003367 0.006313
1 0.465909 0.693813 0.003367 0.006313
1 0.474116 0.698232 0.003788 0.006313
1 0.469066 0.692551 0.002946 0.005051
1 0.481061 0.697601 0.003367 0.005051
1 0.494108 0.690341 0.002525 0.004419
1 0.511995 0.700126 0.006313 0.026515
1 0.507786 0.690341 0.003788 0.006944
1 0.336700 0.767992 0.014310 0.024621
1 0.476431 0.687184 0.003367 0.005682
