1 0.750000 0.730833 0.010000 0.013333
1 0.781563 0.726667 0.009375 0.013333
1 0.802188 0.762917 0.016875 0.025833
1 0.512813 0.760833 0.011875 0.016667
1 0.482500 0.745000 0.007500 0.015000
1 0.428125 0.728333 0.008750 0.013333
1 0.402813 0.730417 0.009375 0.014167
1 0.378750 0.729167 0.011250 0.015000
1 0.350938 0.737500 0.008125 0.010000
1 0.350000 0.717917 0.006250 0.007500
1 0.367812 0.723333 0.005625 0.008333
1 0.289375 0.722083 0.012500 0.015833
1 0.275938 0.727917 0.011875 0.017500
1 0.268437 0.720833 0.008125 0.013333
1 0.480625 0.712500 0.007500 0.011667
