1 0.995313 0.732422 0.009375 0.039844
1 0.970833 0.621484 0.022917 0.041406
1 0.940625 0.628516 0.021875 0.038281
1 0.923438 0.614453 0.020833 0.032031
1 0.977865 0.602734 0.019271 0.035156
1 0.897917 0.589063 0.019792 0.035937
1 0.846615 0.618750 0.020313 0.037500
1 0.778125 0.644531 0.021875 0.037500
1 0.751563 0.712500 0.019792 0.037500
1 0.799740 0.602734 0.018229 0.035156
1 0.834115 0.602734 0.019271 0.036719
1 0.767708 0.592578 0.020833 0.030469
1 0.740885 0.692187 0.024479 0.035937
1 0.705469 0.700781 0.019271 0.029687
1 0.677344 0.689453 0.021354 0.028906
1 0.712240 0.603906 0.015104 0.026562
1 0.731250 0.612500 0.016667 0.026562
1 0.671094 0.608984 0.013021 0.022656
1 0.693490 0.596875 0.015104 0.031250
1 0.742448 0.597656 0.014063 0.025000
1 0.651823 0.597656 0.017188 0.032813
1 0.627083 0.611719 0.017708 0.032813
1 0.565625 0.704688 0.016667 0.028125
1 0.541406 0.713672 0.017188 0.030469
1 0.548958 0.616016 0.016667 0.028906
1 0.587760 0.619531 0.016146 0.028125
1 0.577604 0.618359 0.015625 0.028906
1 0.606250 0.620313 0.013542 0.023438
1 0.519010 0.622266 0.016146 0.028906
1 0.490104 0.616797 0.016667 0.024219
1 0.443490 0.691797 0.016146 0.027344
1 0.422135 0.696094 0.015104 0.026562
1 0.382552 0.694141 0.017188 0.027344
1 0.374219 0.692578 0.013021 0.022656
1 0.483333 0.635938 0.014583 0.023438
1 0.452083 0.630078 0.014583 0.027344
1 0.436979 0.635938 0.012500 0.026562
1 0.425521 0.636328 0.013542 0.024219
1 0.403646 0.612500 0.013542 0.023438
1 0.369010 0.634375 0.011979 0.020313
1 0.342448 0.629687 0.016146 0.023438
1 0.328906 0.615234 0.014063 0.025781
1 0.353385 0.628906 0.011979 0.021875
1 0.371354 0.615625 0.011458 0.023438
1 0.298958 0.678516 0.013542 0.024219
1 0.289323 0.669922 0.015104 0.022656
1 0.268229 0.687500 0.015625 0.025000
1 0.245573 0.680078 0.013021 0.022656
1 0.240104 0.684766 0.010417 0.021094
1 0.205729 0.683594 0.012500 0.023438
1 0.188281 0.678125 0.013021 0.023438
1 0.152344 0.694922 0.013021 0.022656
1 0.302344 0.624609 0.015104 0.019531
1 0.321354 0.626172 0.012500 0.024219
1 0.259896 0.620703 0.010417 0.021094
1 0.252344 0.608984 0.011979 0.019531
1 0.225260 0.631250 0.010937 0.018750
1 0.220573 0.634375 0.007812 0.018750
1 0.189062 0.640625 0.011458 0.018750
1 0.187760 0.628906 0.011979 0.015625
1 0.158333 0.640234 0.013542 0.019531
1 0.175781 0.630859 0.013021 0.021094
1 0.211198 0.615625 0.008854 0.015625
1 0.193750 0.617188 0.010417 0.017188
1 0.138802 0.628516 0.010937 0.019531
1 0.107031 0.639844 0.009896 0.018750
1 0.092188 0.664062 0.009375 0.017188
1 0.100781 0.667578 0.008854 0.016406
1 0.116667 0.617969 0.012500 0.015625
1 0.064844 0.630469 0.011979 0.018750
1 0.038802 0.687891 0.031771 0.075781
1 0.049479 0.658984 0.010417 0.016406
1 0.066667 0.657813 0.011458 0.017188
1 0.004948 0.653906 0.009896 0.014063
1 0.019271 0.613672 0.008333 0.014844
1 0.034115 0.607812 0.010937 0.015625
1 0.045573 0.615625 0.008854 0.014063
1 0.006510 0.592187 0.006771 0.010937
