1 0.559283 0.060730 0.026654 0.064815
1 0.496783 0.174292 0.025429 0.055556
1 0.541820 0.199891 0.024816 0.056645
1 0.558211 0.191449 0.035539 0.083333
1 0.571691 0.240196 0.038603 0.089325
1 0.619945 0.244553 0.046262 0.113290
1 0.646140 0.286220 0.056373 0.119281
1 0.715839 0.318355 0.071998 0.146514
1 0.793199 0.486928 0.120098 0.177560
1 0.959712 0.721133 0.080576 0.307190
1 0.713695 0.837691 0.203738 0.324619
1 0.390012 0.064270 0.023897 0.059913
1 0.287990 0.192538 0.036765 0.073529
1 0.255208 0.212418 0.036765 0.061002
1 0.307292 0.214869 0.041054 0.082244
1 0.240349 0.308007 0.059743 0.111656
1 0.274050 0.333878 0.063419 0.139434
1 0.208487 0.407952 0.092831 0.203704
1 0.214154 0.645697 0.164828 0.308824
1 0.113817 0.184368 0.070772 0.160675
1 0.292279 0.290033 0.044730 0.104031
