1 0.099000 0.607460 0.032000 0.063943
1 0.147500 0.607460 0.031000 0.074600
1 0.263000 0.634991 0.032000 0.065719
1 0.340500 0.637655 0.017000 0.035524
1 0.360500 0.648313 0.019000 0.035524
1 0.446000 0.658970 0.010000 0.017762
1 0.492000 0.658970 0.012000 0.021314
1 0.626500 0.579929 0.015000 0.030195
1 0.691500 0.588810 0.017000 0.033748
1 0.682500 0.610124 0.017000 0.026643
1 0.744000 0.581705 0.016000 0.037300
1 0.800500 0.642984 0.023000 0.053286
1 0.849500 0.611012 0.013000 0.024867
1 0.887500 0.603908 0.013000 0.024867
1 0.896000 0.642096 0.030000 0.055062
1 0.897000 0.642096 0.030000 0.051510
