1 0.169271 0.423557 0.015625 0.020281
1 0.231771 0.397816 0.009375 0.012480
1 0.265625 0.368955 0.010417 0.014041
1 0.061979 0.812793 0.019792 0.037441
1 0.068750 0.690328 0.020833 0.032761
1 0.093229 0.707488 0.017708 0.032761
1 0.116146 0.666147 0.021875 0.037441
1 0.134896 0.556162 0.017708 0.026521
1 0.179688 0.689548 0.019792 0.034321
1 0.206771 0.752730 0.021875 0.045242
1 0.300000 0.964899 0.031250 0.048362
1 0.391667 0.762090 0.016667 0.032761
1 0.298438 0.742590 0.023958 0.040562
1 0.299479 0.673167 0.019792 0.026521
1 0.361979 0.581903 0.015625 0.028081
1 0.367708 0.584243 0.012500 0.023401
1 0.368750 0.554602 0.014583 0.023401
1 0.390104 0.526521 0.015625 0.026521
1 0.384896 0.524181 0.011458 0.024961
1 0.729167 0.652106 0.016667 0.031201
1 0.731250 0.733229 0.014583 0.021841
1 0.833854 0.686427 0.023958 0.031201
1 0.870313 0.793292 0.021875 0.042122
1 0.917708 0.700468 0.022917 0.034321
1 0.968229 0.761310 0.026042 0.037441
1 0.817187 0.302652 0.009375 0.018721
1 0.843229 0.302652 0.007292 0.015601
1 0.401562 0.327613 0.021875 0.071763
1 0.122917 0.017941 0.012500 0.020281
1 0.769271 0.967239 0.019792 0.034321
