1 0.857996 0.518548 0.041973 0.094086
1 0.735600 0.502151 0.041054 0.093548
1 0.893689 0.304839 0.039828 0.075269
1 0.791820 0.306183 0.039522 0.081183
1 0.820466 0.179570 0.038603 0.073118
1 0.686734 0.306183 0.037071 0.076882
1 0.665441 0.144624 0.034926 0.073118
1 0.609835 0.497043 0.037684 0.091935
1 0.486520 0.496774 0.038603 0.090323
1 0.358456 0.488978 0.034926 0.085484
1 0.241881 0.490591 0.041973 0.082258
1 0.123468 0.495430 0.044730 0.091935
1 0.147825 0.331183 0.038297 0.088172
1 0.264400 0.330376 0.037990 0.082258
1 0.372549 0.326344 0.036765 0.086022
1 0.488664 0.313441 0.037990 0.083871
1 0.591759 0.307527 0.034620 0.079570
1 0.547181 0.150538 0.032475 0.065591
1 0.457874 0.154032 0.032782 0.072581
1 0.358150 0.183065 0.031250 0.073656
1 0.237439 0.137634 0.036765 0.082796
