1 0.983750 0.611402 0.025833 0.035387
1 0.669583 0.557012 0.027500 0.044561
1 0.715417 0.555701 0.027500 0.047182
1 0.420000 0.614679 0.030000 0.055046
1 0.231250 0.533421 0.027500 0.044561
1 0.046250 0.597641 0.030833 0.041940
1 0.105833 0.546527 0.028333 0.044561
1 0.080417 0.606815 0.022500 0.049803
1 0.083333 0.530144 0.026667 0.053735
1 0.095833 0.471822 0.023333 0.034076
1 0.180417 0.496723 0.034167 0.049803
1 0.229583 0.534731 0.030833 0.047182
1 0.133750 0.279161 0.039167 0.081258
1 0.022083 0.355832 0.027500 0.038008
1 0.179167 0.355832 0.030000 0.061599
1 0.313333 0.447575 0.033333 0.064220
1 0.374583 0.317824 0.032500 0.072084
1 0.311667 0.403670 0.028333 0.057667
1 0.267917 0.346003 0.025833 0.052425
1 0.325417 0.356488 0.024167 0.049803
1 0.429167 0.378113 0.030000 0.064220
1 0.572917 0.393185 0.035833 0.060288
1 0.500417 0.346003 0.029167 0.052425
1 0.559583 0.338794 0.029167 0.051114
1 0.622500 0.467890 0.030000 0.060288
1 0.612917 0.319790 0.030833 0.047182
1 0.717917 0.304718 0.035833 0.064220
1 0.739167 0.338794 0.036667 0.072084
1 0.792917 0.482962 0.027500 0.053735
1 0.802083 0.374836 0.035833 0.065531
1 0.809583 0.332896 0.025833 0.052425
1 0.833333 0.368283 0.028333 0.057667
1 0.939583 0.368938 0.025833 0.051114
1 0.932917 0.334207 0.029167 0.044561
1 0.977500 0.387942 0.030000 0.055046
1 0.066667 0.230013 0.040000 0.142857
1 0.173333 0.185452 0.018333 0.027523
1 0.325417 0.184797 0.014167 0.023591
1 0.482917 0.164482 0.017500 0.032765
1 0.637500 0.239843 0.035000 0.133683
1 0.781250 0.188729 0.014167 0.023591
1 0.747917 0.216252 0.020833 0.034076
1 0.822500 0.195937 0.013333 0.019659
1 0.947500 0.255570 0.035000 0.125819
1 0.965417 0.239187 0.027500 0.103539
1 0.989583 0.201835 0.014167 0.023591
