1 0.961672 0.858273 0.023229 0.015827
1 0.986063 0.856835 0.016260 0.011511
1 0.943089 0.873381 0.009292 0.007194
1 0.934379 0.862230 0.010453 0.006475
1 0.917538 0.874101 0.020906 0.024460
1 0.912311 0.884173 0.017422 0.012950
1 0.876307 0.854676 0.010453 0.010072
1 0.915215 0.878417 0.046458 0.025899
1 0.846690 0.856115 0.016260 0.011511
1 0.819396 0.864029 0.019744 0.018705
1 0.789199 0.862590 0.015099 0.010072
1 0.780488 0.861511 0.013937 0.009353
1 0.743322 0.859353 0.016260 0.009353
1 0.740999 0.858633 0.013937 0.009353
1 0.704994 0.856835 0.016260 0.011511
1 0.666667 0.858273 0.006969 0.004317
1 0.635308 0.853597 0.016260 0.013669
1 0.606852 0.851079 0.022067 0.018705
1 0.580139 0.854317 0.015099 0.010791
1 0.563298 0.878058 0.023229 0.051079
1 0.532520 0.858273 0.010453 0.007194
1 0.559814 0.855036 0.011614 0.009353
1 0.544715 0.862950 0.006969 0.005036
1 0.524390 0.857554 0.008130 0.005755
1 0.499419 0.862230 0.016260 0.012230
1 0.522067 0.853597 0.008130 0.005036
1 0.519744 0.847122 0.008130 0.006475
1 0.491870 0.847842 0.015099 0.010791
1 0.432636 0.855036 0.024390 0.019424
1 0.410569 0.856115 0.015099 0.011511
1 0.383275 0.849640 0.013937 0.011511
1 0.385598 0.842086 0.009292 0.006475
1 0.366434 0.865108 0.019744 0.015108
1 0.342044 0.853957 0.010453 0.007194
1 0.306620 0.850360 0.023229 0.018705
1 0.319977 0.860072 0.017422 0.012230
1 0.059814 0.875180 0.040650 0.029496
1 0.034262 0.874460 0.038328 0.029496
1 0.014518 0.839209 0.015099 0.010791
1 0.023229 0.832014 0.016260 0.010791
1 0.044715 0.833813 0.017422 0.011511
1 0.066783 0.836691 0.012776 0.010072
1 0.105691 0.859353 0.018583 0.013669
1 0.143438 0.863309 0.017422 0.012950
1 0.171312 0.863669 0.022067 0.013669
1 0.206156 0.857194 0.022067 0.017986
1 0.232288 0.882014 0.013937 0.010072
1 0.245064 0.879137 0.016260 0.011511
1 0.250290 0.857914 0.010453 0.007914
1 0.261905 0.855755 0.012776 0.007914
