1 0.164307 0.613569 0.043457 0.084071
1 0.271240 0.574484 0.039551 0.094395
1 0.362061 0.591077 0.035645 0.080383
1 0.456055 0.561209 0.038086 0.078171
1 0.549805 0.578171 0.039062 0.076696
1 0.644775 0.576696 0.039551 0.073746
1 0.719727 0.554572 0.039062 0.084071
1 0.804932 0.574853 0.036621 0.080383
1 0.121338 0.383481 0.039551 0.075221
1 0.234375 0.396755 0.038086 0.076696
1 0.343018 0.401917 0.038574 0.081121
1 0.449707 0.427729 0.040039 0.076696
1 0.550049 0.389749 0.041504 0.089233
1 0.649902 0.395280 0.038086 0.067847
1 0.761475 0.374631 0.038574 0.069322
1 0.864014 0.372050 0.038574 0.071534
