1 0.383750 0.418539 0.020000 0.035581
1 0.416875 0.408240 0.018750 0.026217
1 0.446250 0.407303 0.020000 0.028090
1 0.469375 0.433521 0.021250 0.043071
1 0.480625 0.425094 0.016250 0.029963
1 0.493125 0.411049 0.021250 0.031835
1 0.536875 0.425094 0.011250 0.018727
1 0.540625 0.426966 0.011250 0.018727
1 0.517500 0.430712 0.007500 0.011236
1 0.559375 0.428839 0.008750 0.014981
1 0.565625 0.425094 0.008750 0.014981
1 0.605625 0.378277 0.028750 0.048689
1 0.637500 0.427903 0.022500 0.039326
1 0.675000 0.405431 0.027500 0.046816
1 0.700000 0.408240 0.025000 0.044944
1 0.748750 0.404494 0.042500 0.078652
1 0.778750 0.429775 0.005000 0.009363
1 0.791875 0.418539 0.008750 0.013109
1 0.829375 0.441948 0.023750 0.067416
1 0.853125 0.423221 0.008750 0.014981
1 0.865000 0.419476 0.007500 0.011236
1 0.898750 0.412921 0.020000 0.031835
1 0.949375 0.414794 0.036250 0.069288
1 0.981875 0.340824 0.036250 0.078652
1 0.286875 0.495318 0.023750 0.035581
