1 0.161154 0.565377 0.016154 0.024059
1 0.246538 0.562762 0.014615 0.025105
1 0.268077 0.560669 0.019231 0.027197
1 0.292692 0.643305 0.030000 0.043933
1 0.348846 0.646444 0.025385 0.031381
1 0.405000 0.557008 0.006923 0.009414
1 0.424615 0.561192 0.009231 0.013598
1 0.458462 0.549163 0.010769 0.018828
1 0.500385 0.557008 0.006923 0.009414
1 0.509231 0.550732 0.009231 0.013598
1 0.532308 0.552301 0.007692 0.010460
1 0.549615 0.560669 0.006923 0.008368
1 0.556923 0.561192 0.006154 0.009414
1 0.570385 0.558577 0.006923 0.010460
1 0.576154 0.555439 0.007692 0.010460
1 0.593077 0.557008 0.007692 0.011506
1 0.625000 0.560669 0.008462 0.012552
1 0.641538 0.542364 0.020000 0.028243
1 0.675385 0.554393 0.009231 0.012552
1 0.685385 0.569038 0.009231 0.012552
1 0.687692 0.558577 0.007692 0.010460
1 0.711923 0.547071 0.013077 0.018828
1 0.739231 0.554393 0.012308 0.018828
1 0.896538 0.531904 0.017692 0.030335
1 0.930385 0.533996 0.013077 0.017782
1 0.941538 0.543933 0.007692 0.010460
1 0.965000 0.547594 0.013077 0.017782
1 0.995385 0.547071 0.009231 0.031381
1 0.835385 0.549686 0.018462 0.026151
1 0.851154 0.552301 0.008462 0.014644
1 0.725000 0.549686 0.008462 0.011506
