1 0.544531 0.056944 0.007812 0.016667
1 0.567187 0.065972 0.006250 0.012500
1 0.584766 0.072222 0.007031 0.013889
1 0.603125 0.049306 0.007812 0.018056
1 0.616797 0.052778 0.008594 0.016667
1 0.640234 0.049306 0.007031 0.015278
1 0.653516 0.064583 0.007031 0.015278
1 0.714844 0.083333 0.007812 0.013889
1 0.735938 0.071528 0.007812 0.015278
1 0.760938 0.069444 0.007812 0.016667
1 0.981641 0.034722 0.008594 0.019444
1 0.976562 0.008333 0.009375 0.016667
1 0.909375 0.042361 0.009375 0.020833
1 0.894531 0.045139 0.007812 0.015278
1 0.876563 0.046528 0.006250 0.012500
1 0.856641 0.046528 0.008594 0.012500
1 0.836719 0.047917 0.007812 0.015278
1 0.801172 0.047222 0.010156 0.019444
1 0.782813 0.009028 0.006250 0.012500
1 0.800000 0.005556 0.006250 0.011111
1 0.816016 0.006944 0.007031 0.013889
1 0.833594 0.006944 0.007812 0.013889
1 0.852344 0.006250 0.006250 0.012500
1 0.870313 0.034028 0.018750 0.068056
1 0.891406 0.006944 0.007812 0.013889
1 0.905469 0.006944 0.007812 0.013889
1 0.673828 0.053472 0.007031 0.015278
1 0.541797 0.141667 0.007031 0.011111
1 0.528125 0.127778 0.007812 0.013889
1 0.511719 0.126389 0.007812 0.013889
1 0.530859 0.055556 0.007031 0.013889
1 0.515625 0.086806 0.029687 0.087500
1 0.495312 0.054167 0.007812 0.016667
1 0.495703 0.020139 0.007031 0.015278
1 0.509766 0.018056 0.007031 0.013889
1 0.530859 0.028472 0.007031 0.012500
1 0.550391 0.018056 0.007031 0.013889
1 0.566016 0.015278 0.008594 0.016667
1 0.621875 0.026389 0.007812 0.019444
1 0.689844 0.005556 0.006250 0.011111
1 0.671875 0.030556 0.017188 0.061111
1 0.653516 0.031944 0.021094 0.063889
1 0.635938 0.030556 0.017188 0.061111
1 0.600000 0.028472 0.020313 0.056944
1 0.431641 0.015972 0.010156 0.018056
1 0.427344 0.048611 0.007812 0.013889
1 0.410938 0.022222 0.007812 0.016667
1 0.409766 0.054167 0.007031 0.013889
1 0.392188 0.018056 0.007812 0.013889
1 0.392188 0.053472 0.007812 0.018056
1 0.378906 0.016667 0.006250 0.013889
1 0.376172 0.084722 0.022656 0.083333
1 0.360156 0.019444 0.007812 0.013889
1 0.342187 0.020139 0.007812 0.015278
1 0.326953 0.024306 0.007031 0.012500
1 0.307812 0.026389 0.006250 0.011111
1 0.283984 0.085417 0.008594 0.018056
1 0.246484 0.081944 0.005469 0.013889
1 0.341406 0.058333 0.007812 0.016667
1 0.323828 0.064583 0.007031 0.015278
1 0.306641 0.059028 0.008594 0.015278
1 0.151953 0.004861 0.005469 0.009722
1 0.164062 0.037500 0.020313 0.066667
1 0.182031 0.019444 0.007812 0.019444
1 0.202344 0.022917 0.006250 0.015278
1 0.218750 0.018750 0.006250 0.009722
1 0.152344 0.129167 0.007812 0.016667
1 0.127344 0.127083 0.007812 0.015278
1 0.214453 0.068056 0.007031 0.013889
1 0.198047 0.059722 0.007031 0.016667
1 0.176172 0.050000 0.007031 0.013889
1 0.162500 0.088194 0.015625 0.087500
1 0.157812 0.062500 0.007812 0.013889
1 0.126172 0.020139 0.008594 0.015278
1 0.140234 0.059722 0.008594 0.016667
1 0.122656 0.053472 0.009375 0.020833
1 0.100781 0.058333 0.007812 0.016667
1 0.083984 0.062500 0.007031 0.016667
1 0.061719 0.052083 0.010937 0.023611
1 0.029687 0.114583 0.009375 0.018056
1 0.024609 0.052083 0.007031 0.015278
1 0.109375 0.013194 0.007812 0.015278
1 0.090625 0.016667 0.007812 0.016667
1 0.033594 0.006944 0.007812 0.013889
1 0.014453 0.011111 0.007031 0.016667
1 0.005469 0.049306 0.007812 0.015278
1 0.071484 0.031250 0.017969 0.062500
1 0.055469 0.027778 0.018750 0.055556
1 0.014453 0.225000 0.010156 0.016667
1 0.047656 0.234028 0.012500 0.026389
1 0.121875 0.245139 0.007812 0.012500
1 0.149219 0.244444 0.007812 0.013889
1 0.167187 0.245833 0.007812 0.016667
1 0.185938 0.245833 0.009375 0.016667
1 0.203125 0.245833 0.007812 0.016667
1 0.224219 0.240278 0.009375 0.019444
1 0.237891 0.247917 0.008594 0.018056
1 0.258203 0.250000 0.007031 0.016667
1 0.279687 0.247917 0.009375 0.020833
1 0.300000 0.246528 0.007812 0.015278
1 0.316406 0.243056 0.007812 0.016667
1 0.334375 0.227083 0.007812 0.018056
1 0.352344 0.250694 0.007812 0.015278
1 0.371094 0.259028 0.006250 0.015278
1 0.388281 0.243056 0.009375 0.019444
1 0.441406 0.266667 0.009375 0.016667
1 0.333984 0.285417 0.008594 0.018056
1 0.313672 0.286111 0.008594 0.019444
1 0.295312 0.299306 0.006250 0.015278
1 0.278516 0.279861 0.008594 0.018056
1 0.217188 0.283333 0.009375 0.019444
1 0.198047 0.285417 0.008594 0.018056
1 0.177344 0.289583 0.009375 0.018056
1 0.151172 0.284028 0.010156 0.020833
1 0.117188 0.322917 0.009375 0.018056
1 0.133984 0.318056 0.008594 0.019444
1 0.154297 0.321528 0.008594 0.020833
1 0.175000 0.322222 0.007812 0.016667
1 0.196484 0.325000 0.007031 0.013889
1 0.211328 0.324306 0.007031 0.015278
1 0.233594 0.318750 0.007812 0.015278
1 0.249219 0.320833 0.007812 0.016667
1 0.276953 0.326389 0.008594 0.016667
1 0.290625 0.322222 0.009375 0.022222
1 0.309766 0.327778 0.008594 0.016667
1 0.328906 0.328472 0.009375 0.018056
1 0.459766 0.275000 0.008594 0.016667
1 0.499609 0.273611 0.008594 0.016667
1 0.517969 0.268750 0.007812 0.015278
1 0.536719 0.273611 0.007812 0.013889
1 0.553906 0.266667 0.007812 0.013889
1 0.573438 0.265278 0.007812 0.019444
1 0.625000 0.246528 0.009375 0.018056
1 0.643750 0.245139 0.007812 0.015278
1 0.660547 0.243056 0.007031 0.013889
1 0.678906 0.235417 0.009375 0.018056
1 0.625781 0.285417 0.006250 0.015278
1 0.645312 0.297917 0.007812 0.015278
1 0.660937 0.279861 0.007812 0.015278
1 0.679297 0.281250 0.008594 0.018056
1 0.630469 0.317361 0.009375 0.018056
1 0.646484 0.331250 0.007031 0.015278
1 0.663281 0.321528 0.007812 0.018056
1 0.717969 0.252083 0.007812 0.015278
1 0.702734 0.280556 0.008594 0.016667
1 0.703516 0.324306 0.007031 0.015278
1 0.720703 0.323611 0.008594 0.019444
1 0.741016 0.322222 0.007031 0.016667
1 0.742188 0.277778 0.009375 0.016667
1 0.761328 0.278472 0.008594 0.018056
1 0.739453 0.242361 0.010156 0.015278
1 0.754687 0.235417 0.009375 0.018056
1 0.776172 0.238889 0.008594 0.016667
1 0.791016 0.240278 0.008594 0.019444
1 0.812500 0.239583 0.009375 0.018056
1 0.834375 0.237500 0.009375 0.016667
1 0.848828 0.254167 0.007031 0.016667
1 0.871484 0.239583 0.008594 0.020833
1 0.890625 0.247222 0.007812 0.019444
1 0.780078 0.281250 0.008594 0.018056
1 0.794531 0.281250 0.007812 0.015278
1 0.816016 0.276389 0.008594 0.016667
1 0.834766 0.288194 0.007031 0.015278
1 0.839063 0.317361 0.009375 0.018056
1 0.799219 0.320833 0.007812 0.013889
1 0.779297 0.320833 0.008594 0.016667
1 0.942578 0.285417 0.011719 0.023611
1 0.055859 0.456250 0.013281 0.020833
1 0.348828 0.577778 0.010156 0.022222
1 0.351953 0.704167 0.011719 0.022222
1 0.595313 0.642361 0.010937 0.023611
1 0.538281 0.504861 0.007812 0.018056
1 0.496484 0.554861 0.010156 0.023611
1 0.255078 0.344444 0.013281 0.069444
