1 0.593750 0.521127 0.037500 0.082629
1 0.961562 0.299061 0.020625 0.036620
1 0.924375 0.316901 0.018750 0.034742
1 0.845000 0.339906 0.020000 0.031925
1 0.804375 0.346948 0.017500 0.029108
1 0.759687 0.346009 0.015625 0.032864
1 0.708125 0.379812 0.016250 0.027230
1 0.427187 0.465258 0.014375 0.021596
1 0.465938 0.464789 0.010625 0.020657
1 0.524062 0.447887 0.011875 0.018779
1 0.530937 0.417840 0.011875 0.020657
1 0.558750 0.430986 0.012500 0.016901
1 0.530937 0.378873 0.010625 0.017840
1 0.282813 0.392488 0.023125 0.082629
1 0.519687 0.288732 0.009375 0.014085
1 0.547813 0.270892 0.009375 0.015962
1 0.684375 0.353521 0.018750 0.027230
1 0.660000 0.383099 0.013750 0.024413
1 0.638750 0.391080 0.013750 0.023474
1 0.546875 0.396244 0.012500 0.018779
1 0.584063 0.441315 0.029375 0.099531
1 0.594688 0.378873 0.011875 0.015962
1 0.554063 0.356808 0.009375 0.016901
1 0.535312 0.370423 0.021875 0.081690
1 0.551875 0.333333 0.011250 0.018779
1 0.567500 0.330047 0.007500 0.015962
1 0.575313 0.344131 0.013125 0.017840
1 0.594375 0.323005 0.012500 0.020657
1 0.606563 0.355399 0.010625 0.017840
1 0.617500 0.329577 0.010000 0.015023
1 0.629687 0.334272 0.009375 0.015023
1 0.642500 0.338967 0.013750 0.018779
1 0.644062 0.361972 0.011875 0.023474
1 0.648438 0.317840 0.010625 0.017840
1 0.662813 0.322535 0.010625 0.017840
1 0.670312 0.330516 0.011875 0.020657
1 0.692187 0.322535 0.014375 0.021596
1 0.708438 0.323474 0.011875 0.017840
1 0.728125 0.326761 0.016250 0.028169
1 0.749687 0.284977 0.010625 0.017840
1 0.763750 0.294836 0.016250 0.026291
1 0.805937 0.292958 0.011875 0.022535
1 0.846875 0.304695 0.017500 0.029108
1 0.876563 0.316901 0.016875 0.027230
1 0.888750 0.253052 0.015000 0.025352
1 0.908125 0.277465 0.017500 0.025352
1 0.937500 0.266197 0.022500 0.038498
1 0.960000 0.238028 0.017500 0.029108
1 0.954375 0.212676 0.015000 0.029108
1 0.977500 0.184977 0.015000 0.024413
1 0.974375 0.159155 0.017500 0.027230
1 0.983750 0.120657 0.013750 0.025352
1 0.817813 0.202347 0.011875 0.019718
1 0.828750 0.269484 0.022500 0.078873
1 0.810000 0.264789 0.013750 0.022535
1 0.856875 0.248357 0.012500 0.021596
1 0.843750 0.231925 0.013750 0.022535
1 0.884687 0.178404 0.013125 0.020657
1 0.920000 0.178873 0.016250 0.025352
1 0.938438 0.194836 0.018125 0.025352
1 0.705937 0.261502 0.011875 0.021596
1 0.724063 0.270892 0.010625 0.021596
1 0.741563 0.251174 0.011875 0.019718
1 0.757500 0.246948 0.011250 0.020657
1 0.745313 0.228169 0.014375 0.022535
1 0.761250 0.213146 0.015000 0.020657
1 0.785000 0.207981 0.012500 0.019718
1 0.792813 0.226291 0.014375 0.022535
1 0.831875 0.181221 0.012500 0.018779
1 0.833438 0.185446 0.011875 0.015962
1 0.853750 0.176995 0.011250 0.019718
1 0.911875 0.149296 0.015000 0.018779
1 0.636250 0.210329 0.011250 0.016901
1 0.610938 0.219249 0.010625 0.017840
