1 0.795175 0.871875 0.006623 0.008750
1 0.778146 0.873125 0.006623 0.008750
1 0.865184 0.896250 0.008515 0.012500
1 0.877010 0.811250 0.005676 0.007500
1 0.859035 0.812500 0.007569 0.010000
1 0.833491 0.808125 0.007569 0.008750
1 0.820719 0.760625 0.004730 0.006250
1 0.807947 0.763125 0.005676 0.008750
1 0.797067 0.762500 0.004730 0.007500
1 0.773415 0.804375 0.004730 0.006250
1 0.775307 0.814375 0.019868 0.033750
1 0.786660 0.761250 0.010407 0.040000
1 0.773888 0.741875 0.005676 0.006250
1 0.762535 0.740625 0.003784 0.006250
1 0.732734 0.760000 0.004730 0.007500
1 0.753548 0.732500 0.004730 0.005000
1 0.623936 0.786250 0.006623 0.010000
1 0.631031 0.786875 0.005676 0.008750
1 0.666036 0.839375 0.005676 0.008750
1 0.645222 0.848750 0.005676 0.007500
1 0.641438 0.844375 0.007569 0.008750
1 0.696783 0.872500 0.006623 0.012500
1 0.580416 0.790000 0.006623 0.010000
1 0.612583 0.814375 0.006623 0.008750
1 0.603595 0.835625 0.005676 0.008750
1 0.594607 0.826875 0.006623 0.008750
1 0.586093 0.864375 0.006623 0.008750
1 0.542573 0.860000 0.006623 0.010000
1 0.532167 0.866875 0.006623 0.011250
1 0.531693 0.855625 0.007569 0.008750
1 0.518448 0.860000 0.007569 0.010000
1 0.507096 0.855625 0.005676 0.011250
1 0.501892 0.860000 0.006623 0.007500
1 0.494797 0.855000 0.005676 0.007500
1 0.487228 0.868125 0.005676 0.008750
1 0.477294 0.787500 0.008515 0.010000
1 0.441816 0.822500 0.005676 0.007500
1 0.417219 0.818750 0.005676 0.007500
1 0.460738 0.907500 0.007569 0.012500
1 0.465468 0.896250 0.007569 0.010000
1 0.370861 0.893750 0.007569 0.010000
1 0.374645 0.923125 0.028382 0.073750
1 0.394513 0.880000 0.009461 0.012500
1 0.406812 0.875000 0.007569 0.010000
1 0.383633 0.796250 0.010407 0.037500
1 0.393094 0.782500 0.004730 0.007500
1 0.391675 0.796875 0.005676 0.008750
1 0.380795 0.813125 0.004730 0.008750
1 0.394040 0.808750 0.006623 0.007500
1 0.395932 0.835000 0.006623 0.007500
1 0.385998 0.873125 0.017029 0.038750
1 0.354778 0.836875 0.005676 0.008750
1 0.369915 0.836250 0.005676 0.007500
1 0.338694 0.850000 0.007569 0.010000
1 0.292337 0.843125 0.005676 0.008750
1 0.270577 0.841250 0.007569 0.010000
1 0.247871 0.846250 0.005676 0.007500
1 0.233680 0.848750 0.007569 0.010000
1 0.210028 0.839375 0.005676 0.008750
1 0.224219 0.816875 0.005676 0.011250
1 0.176443 0.794375 0.004730 0.008750
1 0.190634 0.749375 0.004730 0.008750
1 0.165090 0.753750 0.004730 0.007500
1 0.187323 0.784375 0.005676 0.008750
1 0.307001 0.836875 0.006623 0.008750
1 0.060549 0.851875 0.005676 0.008750
1 0.071429 0.851250 0.006623 0.007500
1 0.174551 0.849375 0.008515 0.011250
1 0.377956 0.821875 0.006623 0.008750
