1 0.020996 0.605649 0.015625 0.025679
1 0.042725 0.614087 0.010254 0.017608
1 0.066650 0.608217 0.010254 0.016141
1 0.086914 0.602715 0.017578 0.033015
1 0.099854 0.612986 0.034668 0.049156
1 0.130859 0.615187 0.008789 0.016875
1 0.147949 0.604182 0.010742 0.016875
1 0.161621 0.616654 0.030273 0.044754
1 0.174805 0.629127 0.014648 0.028613
1 0.211182 0.630594 0.015137 0.027146
1 0.211182 0.609318 0.015137 0.027146
1 0.207031 0.621423 0.022461 0.038151
1 0.231934 0.632795 0.025391 0.040352
1 0.262451 0.611886 0.020020 0.038151
1 0.287842 0.604916 0.007324 0.013940
1 0.293701 0.620690 0.014160 0.019076
1 0.336426 0.617388 0.011719 0.019809
1 0.345459 0.617388 0.013184 0.021277
1 0.352295 0.605282 0.009277 0.016141
1 0.408691 0.620690 0.007812 0.014674
1 0.427002 0.615554 0.008301 0.014674
1 0.448730 0.611519 0.012695 0.019809
1 0.459473 0.610785 0.007812 0.013940
1 0.470947 0.626559 0.010254 0.017608
1 0.487061 0.624358 0.011230 0.020543
1 0.492432 0.595378 0.004395 0.008070
1 0.508545 0.599046 0.004395 0.006603
1 0.511719 0.617755 0.009766 0.014674
1 0.525146 0.609318 0.008301 0.016875
1 0.529541 0.629494 0.011230 0.017608
1 0.553711 0.646001 0.008789 0.016875
1 0.571777 0.634263 0.010742 0.018342
1 0.557617 0.595378 0.004883 0.006603
1 0.557129 0.622524 0.008789 0.015407
1 0.588867 0.615554 0.009766 0.016141
1 0.610352 0.606750 0.006836 0.010271
1 0.626465 0.609685 0.006836 0.010271
1 0.624023 0.628760 0.012695 0.020543
1 0.655029 0.623258 0.011230 0.019809
1 0.678711 0.631328 0.008789 0.019809
1 0.682861 0.596112 0.005371 0.008070
1 0.688477 0.600147 0.004883 0.008804
1 0.697998 0.613353 0.013184 0.022010
1 0.723145 0.634263 0.012695 0.022744
1 0.666748 0.537784 0.019043 0.038151
1 0.758301 0.550990 0.015625 0.024945
1 0.838379 0.479824 0.040039 0.052825
1 0.931396 0.538151 0.023926 0.034483
1 0.190918 0.618489 0.017578 0.032282
1 0.501709 0.630227 0.010254 0.019076
1 0.456543 0.601247 0.006836 0.012472
