1 0.127083 0.062037 0.055208 0.124074
1 0.117969 0.069907 0.020313 0.045370
1 0.170313 0.084259 0.017708 0.040741
1 0.173958 0.074074 0.041667 0.148148
1 0.220833 0.019907 0.017708 0.039815
1 0.282552 0.013426 0.017188 0.026852
1 0.419271 0.021296 0.018750 0.038889
1 0.457292 0.052315 0.016667 0.037963
1 0.408854 0.087500 0.016667 0.039815
1 0.502344 0.053241 0.017188 0.036111
1 0.537760 0.020833 0.020313 0.037963
1 0.640885 0.021296 0.019271 0.037037
1 0.685417 0.059722 0.015625 0.034259
1 0.723698 0.023148 0.018229 0.046296
1 0.727865 0.131481 0.017188 0.038889
1 0.783333 0.021296 0.018750 0.042593
1 0.794271 0.185185 0.018750 0.044444
1 0.834896 0.023148 0.018750 0.046296
1 0.885417 0.022685 0.020833 0.041667
1 0.924219 0.018981 0.019271 0.037963
1 0.988802 0.023148 0.020313 0.046296
1 0.350781 0.132870 0.019271 0.041667
1 0.300000 0.130556 0.020833 0.040741
1 0.245052 0.147685 0.018229 0.037963
1 0.736979 0.225000 0.023958 0.055556
1 0.297396 0.244444 0.028125 0.070370
1 0.362240 0.252315 0.026562 0.062037
1 0.443229 0.474537 0.031250 0.058333
1 0.418750 0.225000 0.028125 0.068519
1 0.487760 0.238889 0.032813 0.068519
1 0.571354 0.274074 0.027083 0.068519
1 0.633073 0.277778 0.029687 0.064815
1 0.237500 0.355556 0.036458 0.070370
