1 0.019271 0.688889 0.034375 0.044444
1 0.170313 0.676389 0.026042 0.038889
1 0.219271 0.636111 0.034375 0.047222
1 0.307812 0.701389 0.032292 0.047222
1 0.393229 0.647222 0.026042 0.041667
1 0.371875 0.668056 0.022917 0.033333
1 0.667188 0.663889 0.023958 0.036111
1 0.655208 0.650000 0.022917 0.033333
1 0.733854 0.663194 0.019792 0.029167
1 0.767708 0.670139 0.025000 0.040278
1 0.805729 0.661111 0.021875 0.027778
1 0.832292 0.646528 0.035417 0.048611
1 0.889062 0.657639 0.021875 0.029167
1 0.843750 0.663194 0.018750 0.031944
1 0.927083 0.667361 0.029167 0.029167
1 0.940625 0.648611 0.022917 0.027778
1 0.975000 0.657639 0.020833 0.031944
