1 0.173340 0.076823 0.014648 0.020833
1 0.291992 0.129557 0.015625 0.019531
1 0.350586 0.174479 0.015625 0.023438
1 0.410645 0.203125 0.014648 0.023438
1 0.489258 0.194661 0.015625 0.016927
1 0.556152 0.197917 0.012695 0.020833
1 0.564453 0.210938 0.011719 0.013021
1 0.689453 0.169271 0.011719 0.013021
1 0.750000 0.135417 0.011719 0.015625
1 0.791016 0.121745 0.015625 0.024740
1 0.843262 0.132812 0.051758 0.106771
1 0.043945 0.495443 0.087891 0.126302
1 0.035156 0.569010 0.017578 0.028646
1 0.100586 0.628906 0.021484 0.026042
1 0.104492 0.617188 0.021484 0.026042
1 0.142578 0.636068 0.017578 0.024740
1 0.151855 0.613932 0.012695 0.019531
1 0.172363 0.634766 0.020508 0.027344
1 0.198242 0.602865 0.015625 0.018229
1 0.239746 0.566406 0.026367 0.039062
1 0.325195 0.555339 0.025391 0.040365
1 0.362793 0.585938 0.028320 0.044271
1 0.341797 0.557292 0.017578 0.036458
1 0.382812 0.580078 0.017578 0.029948
1 0.415527 0.623698 0.018555 0.033854
1 0.424316 0.576823 0.016602 0.023438
1 0.440430 0.580078 0.029297 0.042969
1 0.496094 0.556641 0.013672 0.022135
1 0.516113 0.574870 0.018555 0.027344
1 0.541016 0.554036 0.019531 0.027344
1 0.569336 0.555339 0.023438 0.042969
1 0.599121 0.554688 0.018555 0.031250
1 0.624023 0.560547 0.009766 0.014323
1 0.645020 0.564453 0.018555 0.024740
1 0.717773 0.582031 0.017578 0.026042
1 0.736816 0.576823 0.020508 0.028646
1 0.852051 0.748047 0.028320 0.045573
1 0.742188 0.566406 0.011719 0.018229
1 0.777344 0.572917 0.017578 0.026042
1 0.791016 0.568359 0.021484 0.035156
1 0.812012 0.664714 0.051758 0.183594
1 0.862793 0.585938 0.018555 0.031250
1 0.881348 0.583333 0.020508 0.036458
1 0.962891 0.595052 0.017578 0.026042
1 0.970215 0.575521 0.018555 0.028646
1 0.928711 0.654297 0.031250 0.048177
1 0.947266 0.682943 0.058594 0.071615
1 0.961426 0.740234 0.055664 0.087240
