1 0.036890 0.250000 0.073781 0.232500
1 0.076490 0.109375 0.024594 0.043750
1 0.103793 0.110625 0.030013 0.048750
1 0.170279 0.084375 0.027095 0.053750
1 0.202376 0.111250 0.024594 0.047500
1 0.238224 0.107188 0.027095 0.044375
1 0.192997 0.053125 0.032514 0.047500
1 0.234473 0.055000 0.026261 0.045000
1 0.296373 0.069375 0.021676 0.048750
1 0.256774 0.015625 0.023343 0.031250
1 0.467695 0.033438 0.017507 0.031875
1 0.510213 0.019062 0.020842 0.038125
1 0.795540 0.461562 0.057107 0.115625
1 0.623176 0.420000 0.055857 0.116250
1 0.550855 0.339375 0.040434 0.075000
1 0.483326 0.365625 0.059608 0.122500
1 0.373697 0.295938 0.051271 0.108125
1 0.179033 0.266875 0.075448 0.135000
