1 0.243510 0.733594 0.003115 0.004687
1 0.676532 0.733594 0.005192 0.007812
1 0.336449 0.742969 0.006231 0.023438
1 0.343718 0.741406 0.006231 0.026562
1 0.354621 0.758594 0.005192 0.023438
1 0.360332 0.758594 0.006231 0.026562
1 0.465213 0.760156 0.006231 0.026562
1 0.478193 0.760156 0.013499 0.029687
1 0.480789 0.747656 0.004154 0.007812
1 0.384735 0.776563 0.007269 0.031250
1 0.379543 0.767188 0.003115 0.006250
1 0.368640 0.767969 0.004154 0.007812
1 0.353063 0.780469 0.008307 0.039062
1 0.345275 0.766406 0.005192 0.007812
1 0.231568 0.842187 0.010384 0.015625
1 0.297508 0.841406 0.011423 0.017188
1 0.325545 0.838281 0.009346 0.014063
1 0.338006 0.846094 0.009346 0.017188
1 0.330737 0.823438 0.005192 0.009375
1 0.358775 0.841406 0.009346 0.017188
1 0.356698 0.832812 0.009346 0.015625
1 0.349429 0.837500 0.007269 0.012500
1 0.353063 0.812500 0.008307 0.012500
1 0.369678 0.852344 0.004154 0.007812
1 0.379543 0.842187 0.007269 0.015625
1 0.373313 0.807813 0.009346 0.012500
1 0.377466 0.795312 0.005192 0.009375
1 0.389408 0.823438 0.006231 0.009375
1 0.400831 0.800000 0.006231 0.009375
1 0.410177 0.809375 0.008307 0.012500
1 0.416407 0.845313 0.016615 0.093750
1 0.409138 0.825781 0.008307 0.014063
1 0.427830 0.828125 0.010384 0.015625
1 0.435099 0.823438 0.006231 0.012500
1 0.453790 0.808594 0.008307 0.014063
