1 0.004833 0.109195 0.009667 0.020490
1 0.042333 0.114443 0.009333 0.016992
1 0.100833 0.303848 0.043667 0.046977
1 0.207500 0.210145 0.038333 0.086457
1 0.260500 0.221889 0.033667 0.063968
1 0.263500 0.081709 0.027000 0.052474
1 0.334000 0.049475 0.022667 0.045977
1 0.338000 0.060970 0.024667 0.050975
1 0.359833 0.049225 0.035667 0.071464
1 0.417500 0.105197 0.061000 0.131434
1 0.507667 0.030235 0.047333 0.060470
1 0.560000 0.026987 0.036667 0.053973
1 0.646500 0.031734 0.039000 0.063468
1 0.700000 0.026987 0.037333 0.053973
1 0.823500 0.037481 0.053000 0.074963
1 0.906333 0.047976 0.062000 0.095952
1 0.990667 0.046477 0.018667 0.092954
1 0.746333 0.433033 0.119333 0.207396
1 0.208000 0.584958 0.136000 0.220390
1 0.133000 0.437781 0.098000 0.122939
1 0.044333 0.432284 0.066000 0.078961
1 0.028333 0.281859 0.047333 0.073963
