1 0.273526 0.901439 0.036194 0.034532
1 0.322647 0.901799 0.033092 0.032374
1 0.182523 0.891367 0.021717 0.017266
1 0.094105 0.915827 0.035160 0.030216
1 0.230093 0.907194 0.027921 0.023022
1 0.150982 0.915468 0.028956 0.023741
1 0.609617 0.880935 0.019648 0.017986
1 0.677870 0.879137 0.023785 0.017266
1 0.724405 0.891727 0.023785 0.023741
1 0.700620 0.878417 0.019648 0.018705
1 0.801448 0.884173 0.022751 0.018705
1 0.911582 0.896763 0.021717 0.017986
1 0.952430 0.885971 0.022751 0.017986
1 0.873837 0.843525 0.014478 0.009353
1 0.901758 0.847842 0.010341 0.009353
1 0.921406 0.847482 0.008273 0.005755
