1 0.014063 0.903906 0.009375 0.017188
1 0.096875 0.821094 0.006250 0.010937
1 0.003646 0.800000 0.007292 0.012500
1 0.089583 0.768750 0.006250 0.009375
1 0.054167 0.767969 0.006250 0.010937
1 0.040625 0.800781 0.025000 0.067187
1 0.033854 0.794531 0.017708 0.057813
1 0.019792 0.774219 0.006250 0.010937
1 0.041146 0.750000 0.005208 0.006250
1 0.049479 0.755469 0.005208 0.007812
1 0.020833 0.767969 0.012500 0.051562
1 0.024479 0.767969 0.011458 0.042188
1 0.033333 0.747656 0.006250 0.010937
1 0.060937 0.757812 0.009375 0.043750
1 0.139583 0.727344 0.010417 0.032813
1 0.138021 0.768750 0.005208 0.009375
1 0.120833 0.766406 0.006250 0.007812
1 0.154688 0.771094 0.007292 0.010937
1 0.177604 0.773438 0.007292 0.012500
1 0.159896 0.796094 0.005208 0.007812
1 0.173437 0.823438 0.017708 0.068750
1 0.183854 0.796875 0.007292 0.012500
1 0.143750 0.768750 0.010417 0.043750
1 0.160938 0.801562 0.013542 0.053125
1 0.179688 0.854688 0.011458 0.018750
1 0.193229 0.866406 0.011458 0.020313
1 0.200000 0.957812 0.016667 0.031250
1 0.214583 0.989844 0.029167 0.020313
1 0.179167 0.992969 0.020833 0.014063
1 0.234896 0.853906 0.009375 0.017188
1 0.290104 0.851562 0.009375 0.015625
1 0.273438 0.806250 0.007292 0.012500
1 0.254167 0.805469 0.006250 0.010937
1 0.269792 0.836719 0.018750 0.076563
1 0.271875 0.804688 0.008333 0.015625
1 0.219792 0.810937 0.010417 0.015625
1 0.216146 0.782813 0.007292 0.012500
1 0.237500 0.767969 0.006250 0.010937
1 0.216667 0.775000 0.014583 0.053125
1 0.222917 0.773438 0.014583 0.050000
1 0.251563 0.779687 0.015625 0.056250
1 0.288542 0.771875 0.006250 0.009375
1 0.278125 0.793750 0.018750 0.065625
1 0.278125 0.762500 0.006250 0.009375
1 0.267188 0.776563 0.015625 0.056250
1 0.267708 0.750000 0.004167 0.009375
1 0.258854 0.735938 0.005208 0.006250
1 0.242708 0.750781 0.010417 0.029687
1 0.227083 0.725000 0.004167 0.009375
1 0.293229 0.727344 0.013542 0.032813
1 0.281771 0.714063 0.007292 0.021875
1 0.277604 0.712500 0.007292 0.021875
1 0.265625 0.700000 0.008333 0.025000
1 0.256250 0.702344 0.010417 0.026562
1 0.309375 0.709375 0.004167 0.006250
1 0.302083 0.796875 0.016667 0.068750
1 0.303125 0.777344 0.012500 0.042188
1 0.303125 0.810156 0.006250 0.010937
1 0.305729 0.834375 0.021875 0.071875
1 0.322917 0.817187 0.008333 0.015625
1 0.330729 0.816406 0.009375 0.014063
1 0.338542 0.821094 0.010417 0.014063
1 0.348958 0.829688 0.010417 0.015625
1 0.370833 0.828125 0.010417 0.018750
1 0.339062 0.836719 0.017708 0.079687
1 0.353646 0.803906 0.007292 0.010937
1 0.357812 0.800000 0.007292 0.012500
1 0.369271 0.810937 0.007292 0.012500
1 0.399479 0.836719 0.009375 0.017188
1 0.415104 0.835938 0.009375 0.015625
1 0.397917 0.819531 0.010417 0.017188
1 0.395313 0.828906 0.009375 0.017188
1 0.410417 0.817969 0.008333 0.014063
1 0.439583 0.832812 0.008333 0.015625
1 0.436979 0.821875 0.009375 0.015625
1 0.465625 0.812500 0.008333 0.015625
1 0.423958 0.878125 0.012500 0.018750
1 0.496875 0.821094 0.008333 0.014063
1 0.498958 0.825000 0.008333 0.012500
1 0.520833 0.832812 0.010417 0.018750
1 0.513021 0.820312 0.009375 0.015625
1 0.530208 0.828125 0.010417 0.015625
1 0.530208 0.825000 0.012500 0.015625
1 0.546354 0.828125 0.009375 0.015625
1 0.569792 0.824219 0.010417 0.014063
1 0.588021 0.820312 0.009375 0.015625
1 0.587500 0.800000 0.010417 0.015625
1 0.602083 0.825000 0.006250 0.012500
1 0.600000 0.839844 0.010417 0.020313
1 0.609375 0.843750 0.010417 0.018750
1 0.622396 0.849219 0.009375 0.020313
1 0.628646 0.846875 0.009375 0.015625
1 0.643229 0.860938 0.011458 0.021875
1 0.654167 0.852344 0.010417 0.020313
1 0.660937 0.850781 0.009375 0.017188
1 0.661458 0.835156 0.010417 0.017188
1 0.636458 0.811719 0.006250 0.010937
1 0.660937 0.824219 0.009375 0.014063
1 0.669792 0.815625 0.006250 0.009375
1 0.652604 0.789062 0.007292 0.009375
1 0.652604 0.779687 0.007292 0.012500
1 0.668229 0.800781 0.007292 0.014063
1 0.682813 0.789062 0.007292 0.012500
1 0.698958 0.784375 0.006250 0.009375
1 0.706771 0.755469 0.005208 0.007812
1 0.694792 0.813281 0.008333 0.014063
1 0.717708 0.782813 0.018750 0.068750
1 0.727083 0.781250 0.014583 0.068750
1 0.737500 0.818750 0.008333 0.015625
1 0.750521 0.827344 0.009375 0.017188
1 0.729167 0.869531 0.012500 0.020313
1 0.743750 0.899219 0.012500 0.023438
1 0.741146 0.873437 0.011458 0.021875
1 0.765104 0.893750 0.011458 0.021875
1 0.792708 0.853125 0.010417 0.015625
1 0.818229 0.882812 0.009375 0.018750
1 0.813021 0.853125 0.011458 0.021875
1 0.829167 0.860938 0.012500 0.018750
1 0.863021 0.863281 0.011458 0.017188
1 0.854167 0.832812 0.010417 0.018750
1 0.884375 0.847656 0.012500 0.020313
1 0.906250 0.843750 0.012500 0.021875
1 0.913542 0.882031 0.008333 0.014063
1 0.942187 0.888281 0.011458 0.017188
1 0.931250 0.936719 0.018750 0.026562
1 0.964063 0.903906 0.015625 0.026562
1 0.869792 0.801562 0.008333 0.012500
1 0.840104 0.793750 0.007292 0.012500
1 0.829167 0.799219 0.008333 0.014063
1 0.796354 0.793750 0.007292 0.012500
1 0.992708 0.795312 0.006250 0.009375
1 0.977604 0.797656 0.009375 0.014063
1 0.989062 0.827344 0.017708 0.079687
1 0.957812 0.793750 0.007292 0.012500
1 0.946354 0.798438 0.021875 0.068750
1 0.934375 0.763281 0.006250 0.010937
1 0.921354 0.763281 0.007292 0.010937
1 0.906250 0.765625 0.006250 0.009375
1 0.892708 0.764844 0.006250 0.010937
1 0.967708 0.777344 0.018750 0.064062
1 0.996354 0.771094 0.007292 0.057813
1 0.872396 0.753906 0.005208 0.007812
1 0.818750 0.753125 0.006250 0.009375
1 0.853125 0.744531 0.006250 0.010937
1 0.855729 0.788281 0.015625 0.067187
1 0.923958 0.740625 0.004167 0.006250
1 0.950000 0.760156 0.014583 0.051562
1 0.937500 0.762500 0.014583 0.050000
1 0.914062 0.755469 0.011458 0.042188
1 0.765104 0.763281 0.015625 0.051562
1 0.753125 0.762500 0.014583 0.056250
1 0.781771 0.759375 0.015625 0.053125
1 0.635938 0.760156 0.007292 0.010937
1 0.588021 0.763281 0.007292 0.010937
1 0.659896 0.767969 0.017708 0.057813
1 0.569792 0.760156 0.014583 0.048438
1 0.554688 0.764844 0.011458 0.048438
1 0.553646 0.766406 0.013542 0.048438
1 0.528646 0.743750 0.005208 0.009375
1 0.510417 0.746875 0.006250 0.009375
1 0.503646 0.741406 0.005208 0.007812
1 0.496875 0.741406 0.006250 0.007812
1 0.475521 0.739844 0.007292 0.007812
1 0.463542 0.759375 0.006250 0.009375
1 0.452083 0.757812 0.012500 0.046875
1 0.429688 0.753906 0.005208 0.007812
1 0.417187 0.754687 0.005208 0.009375
1 0.485938 0.783594 0.011458 0.048438
1 0.479167 0.778906 0.004167 0.007812
1 0.437500 0.772656 0.014583 0.057813
1 0.421875 0.772656 0.004167 0.007812
1 0.398438 0.773438 0.013542 0.050000
1 0.400521 0.802344 0.007292 0.010937
1 0.383854 0.778125 0.011458 0.040625
1 0.376563 0.778125 0.013542 0.040625
1 0.343229 0.721875 0.007292 0.031250
1 0.334896 0.753906 0.011458 0.039062
1 0.329688 0.751563 0.009375 0.040625
