1 0.437153 0.862963 0.007639 0.034568
1 0.550694 0.860494 0.005556 0.029630
1 0.557639 0.850000 0.002778 0.006173
1 0.561806 0.863580 0.005556 0.030864
1 0.571181 0.854938 0.002083 0.003704
1 0.609722 0.858642 0.005556 0.028395
1 0.613542 0.850000 0.002083 0.003704
1 0.618750 0.871605 0.002778 0.004938
1 0.659028 0.885802 0.005556 0.033333
1 0.704514 0.895679 0.004861 0.008642
1 0.719792 0.851235 0.002083 0.003704
1 0.746181 0.901852 0.006250 0.011111
1 0.753472 0.933333 0.005556 0.009877
1 0.780903 0.895679 0.006250 0.011111
1 0.824653 0.893210 0.004861 0.008642
1 0.817708 0.908642 0.006250 0.012346
1 0.848264 0.916049 0.006250 0.012346
1 0.854167 0.919753 0.005556 0.009877
1 0.854514 0.908642 0.004861 0.009877
1 0.871875 0.912346 0.006250 0.012346
1 0.428472 0.906173 0.006944 0.024691
1 0.042361 0.978395 0.018056 0.043210
1 0.035069 0.943210 0.010417 0.019753
1 0.037847 0.892593 0.004861 0.007407
1 0.062847 0.939506 0.006250 0.014815
1 0.070486 0.930864 0.007639 0.017284
1 0.092361 0.922222 0.006944 0.012346
1 0.098958 0.929012 0.006250 0.013580
1 0.097569 0.904938 0.004861 0.009877
1 0.123611 0.921605 0.006944 0.013580
1 0.143403 0.948765 0.007639 0.018519
1 0.153819 0.930864 0.006250 0.014815
1 0.144097 0.911728 0.007639 0.013580
1 0.159028 0.935802 0.006944 0.012346
1 0.174306 0.912963 0.005556 0.011111
1 0.181944 0.941358 0.008333 0.043210
1 0.198611 0.909877 0.005556 0.012346
1 0.177431 0.896296 0.004861 0.009877
1 0.191319 0.902469 0.006250 0.012346
1 0.215972 0.909877 0.005556 0.009877
1 0.200000 0.896914 0.004167 0.008642
1 0.237847 0.900000 0.004861 0.009877
1 0.243750 0.896914 0.005556 0.008642
1 0.302431 0.888889 0.003472 0.004938
1 0.308333 0.883951 0.002778 0.004938
1 0.325694 0.887654 0.004167 0.007407
1 0.142361 0.861111 0.005556 0.028395
1 0.184722 0.849383 0.002778 0.004938
1 0.187153 0.850617 0.003472 0.004938
1 0.197222 0.851852 0.002778 0.004938
1 0.199306 0.863580 0.005556 0.023457
1 0.053472 0.865432 0.005556 0.024691
1 0.039236 0.862963 0.007639 0.032099
1 0.070139 0.904321 0.004167 0.008642
1 0.077778 0.893827 0.002778 0.007407
