1 0.848026 0.576772 0.027632 0.047244
1 0.814474 0.581693 0.028947 0.045276
1 0.801316 0.583661 0.021053 0.037402
1 0.787500 0.607283 0.030263 0.045276
1 0.763158 0.593504 0.023684 0.049213
1 0.747368 0.602362 0.031579 0.047244
1 0.701316 0.577756 0.018421 0.029528
1 0.683553 0.614173 0.022368 0.039370
1 0.698026 0.607283 0.022368 0.049213
1 0.689474 0.596457 0.028947 0.047244
1 0.673026 0.592520 0.022368 0.039370
1 0.622368 0.593504 0.028947 0.049213
1 0.607237 0.584646 0.025000 0.043307
1 0.610526 0.589567 0.026316 0.045276
1 0.544737 0.576772 0.031579 0.051181
1 0.502632 0.602362 0.026316 0.051181
1 0.575658 0.593504 0.011842 0.017717
1 0.564474 0.613189 0.007895 0.013780
1 0.486842 0.604331 0.007895 0.011811
1 0.478289 0.614173 0.009211 0.015748
1 0.472368 0.613189 0.007895 0.013780
1 0.460526 0.624016 0.007895 0.011811
1 0.436842 0.599409 0.010526 0.017717
1 0.430921 0.569882 0.011842 0.017717
1 0.402632 0.593504 0.013158 0.021654
1 0.392763 0.601378 0.017105 0.025591
1 0.376316 0.606299 0.018421 0.031496
1 0.369737 0.582677 0.023684 0.031496
1 0.291447 0.584646 0.019737 0.031496
1 0.268421 0.590551 0.018421 0.031496
1 0.267763 0.590551 0.019737 0.031496
1 0.255263 0.626969 0.018421 0.025591
1 0.138158 0.605315 0.018421 0.025591
1 0.094737 0.597441 0.015789 0.021654
1 0.081579 0.651575 0.018421 0.023622
1 0.113816 0.584646 0.022368 0.031496
1 0.053947 0.611220 0.010526 0.017717
1 0.021711 0.603346 0.011842 0.021654
