1 0.119271 0.701890 0.017708 0.032646
1 0.214062 0.726804 0.013542 0.027491
1 0.319792 0.750859 0.018750 0.034364
1 0.451562 0.770619 0.019792 0.036082
1 0.616146 0.773196 0.017708 0.037801
1 0.755208 0.750859 0.018750 0.037801
1 0.865104 0.711340 0.019792 0.034364
1 0.346354 0.573024 0.009375 0.022337
1 0.160938 0.537801 0.007292 0.013746
1 0.136458 0.564433 0.008333 0.012027
1 0.142187 0.573883 0.023958 0.065292
1 0.121354 0.440722 0.005208 0.008591
1 0.711979 0.505155 0.026042 0.079038
1 0.718750 0.472509 0.008333 0.013746
1 0.679688 0.485395 0.005208 0.008591
1 0.670312 0.484536 0.005208 0.010309
1 0.656250 0.471649 0.006250 0.012027
1 0.568750 0.556701 0.016667 0.082474
1 0.572396 0.497423 0.005208 0.012027
1 0.589583 0.503436 0.006250 0.013746
1 0.604167 0.469931 0.006250 0.008591
1 0.620313 0.481100 0.005208 0.010309
1 0.643229 0.507732 0.007292 0.015464
1 0.660417 0.513746 0.006250 0.010309
1 0.607292 0.490550 0.006250 0.008591
1 0.865104 0.351375 0.005208 0.008591
