1 0.036500 0.935965 0.029000 0.068421
1 0.032000 0.910526 0.034000 0.070175
1 0.672500 0.935088 0.025000 0.049123
1 0.698500 0.874561 0.033000 0.061404
1 0.759000 0.922807 0.028000 0.049123
1 0.846500 0.849123 0.037000 0.080702
1 0.924500 0.942105 0.035000 0.073684
1 0.987000 0.835088 0.026000 0.084211
1 0.798500 0.749123 0.013000 0.024561
1 0.754500 0.762281 0.013000 0.026316
1 0.844500 0.640351 0.011000 0.021053
1 0.852000 0.588596 0.010000 0.019298
1 0.708500 0.614912 0.009000 0.019298
1 0.711000 0.632456 0.010000 0.019298
1 0.675500 0.612281 0.009000 0.017544
1 0.724500 0.658772 0.013000 0.026316
1 0.729000 0.571053 0.010000 0.019298
1 0.746000 0.563158 0.010000 0.024561
1 0.746000 0.561404 0.008000 0.021053
1 0.747000 0.598246 0.010000 0.021053
1 0.759500 0.607895 0.009000 0.015789
1 0.799000 0.680702 0.012000 0.024561
1 0.788500 0.647368 0.011000 0.024561
1 0.810500 0.631579 0.011000 0.021053
1 0.833500 0.624561 0.011000 0.021053
1 0.817000 0.596491 0.012000 0.024561
1 0.796000 0.619298 0.012000 0.024561
1 0.784500 0.618421 0.011000 0.022807
1 0.788500 0.578947 0.009000 0.017544
1 0.765000 0.653509 0.012000 0.026316
1 0.752500 0.694737 0.015000 0.028070
1 0.750000 0.559649 0.008000 0.017544
1 0.961000 0.678947 0.010000 0.024561
1 0.934000 0.753509 0.032000 0.180702
1 0.918000 0.671053 0.012000 0.022807
1 0.939000 0.657018 0.012000 0.019298
1 0.929500 0.631579 0.009000 0.017544
1 0.345000 0.549123 0.010000 0.017544
1 0.372000 0.599123 0.010000 0.019298
1 0.369500 0.580702 0.009000 0.021053
1 0.384500 0.553509 0.011000 0.019298
1 0.404000 0.591228 0.010000 0.021053
1 0.445000 0.600000 0.008000 0.017544
1 0.366500 0.526316 0.011000 0.021053
1 0.398500 0.513158 0.009000 0.015789
1 0.431500 0.531579 0.009000 0.017544
1 0.446000 0.509649 0.008000 0.019298
1 0.466500 0.561404 0.009000 0.017544
1 0.488000 0.544737 0.010000 0.019298
1 0.513500 0.551754 0.011000 0.019298
1 0.519500 0.600877 0.009000 0.019298
1 0.533000 0.507895 0.008000 0.015789
1 0.541500 0.542982 0.009000 0.019298
1 0.549000 0.528070 0.008000 0.014035
1 0.578500 0.512281 0.009000 0.017544
1 0.569500 0.562281 0.009000 0.015789
1 0.561000 0.579825 0.012000 0.022807
1 0.471500 0.414912 0.009000 0.015789
1 0.547500 0.414912 0.011000 0.019298
1 0.537000 0.362281 0.008000 0.015789
1 0.525500 0.364912 0.009000 0.014035
1 0.514500 0.374561 0.007000 0.012281
1 0.494500 0.359649 0.007000 0.010526
1 0.385500 0.374561 0.009000 0.015789
1 0.643500 0.402632 0.009000 0.019298
1 0.612500 0.380702 0.009000 0.017544
1 0.673000 0.391228 0.008000 0.014035
1 0.707000 0.395614 0.010000 0.015789
1 0.702000 0.371930 0.008000 0.014035
1 0.719000 0.371930 0.010000 0.017544
1 0.723500 0.400000 0.009000 0.017544
1 0.737500 0.400877 0.007000 0.015789
1 0.748000 0.400000 0.010000 0.017544
1 0.752000 0.423684 0.010000 0.019298
1 0.782500 0.414912 0.009000 0.015789
1 0.811000 0.414035 0.008000 0.014035
1 0.820500 0.410526 0.009000 0.021053
1 0.830500 0.400000 0.007000 0.014035
1 0.856500 0.423684 0.007000 0.015789
