1 0.031600 0.388355 0.063200 0.102041
1 0.070400 0.383553 0.036800 0.070828
1 0.184000 0.402761 0.032000 0.063625
1 0.266400 0.376951 0.030400 0.057623
1 0.405600 0.421969 0.024000 0.046819
1 0.548000 0.299520 0.043200 0.070828
1 0.628400 0.421369 0.085600 0.141657
1 0.767200 0.470588 0.083200 0.151261
1 0.975200 0.387755 0.049600 0.115246
1 0.974000 0.384154 0.052000 0.122449
1 0.486400 0.414166 0.006400 0.009604
1 0.876000 0.327131 0.017600 0.032413
1 0.721200 0.373950 0.023200 0.034814
1 0.704400 0.397359 0.018400 0.028812
