1 0.864583 0.674815 0.027500 0.054815
1 0.634167 0.657037 0.016667 0.034074
1 0.589583 0.652593 0.015833 0.031111
1 0.554167 0.737037 0.015000 0.031111
1 0.510417 0.668148 0.019167 0.035556
1 0.529583 0.647407 0.020833 0.035556
1 0.549167 0.654074 0.013333 0.031111
1 0.488333 0.668889 0.013333 0.022222
1 0.499167 0.620000 0.008333 0.013333
1 0.482083 0.615556 0.007500 0.016296
1 0.468333 0.628148 0.010000 0.017778
1 0.461250 0.623704 0.007500 0.014815
1 0.433750 0.631111 0.012500 0.026667
1 0.446250 0.614074 0.007500 0.016296
1 0.444167 0.628889 0.006667 0.013333
1 0.424167 0.662963 0.015000 0.034074
1 0.391667 0.649630 0.018333 0.037037
1 0.378333 0.641481 0.011667 0.026667
1 0.360000 0.638519 0.013333 0.026667
1 0.331250 0.640741 0.014167 0.031111
1 0.265833 0.610370 0.006667 0.014815
1 0.240417 0.613333 0.009167 0.017778
1 0.207500 0.605926 0.008333 0.014815
1 0.201667 0.606667 0.008333 0.016296
1 0.190417 0.601481 0.007500 0.014815
1 0.178333 0.609630 0.008333 0.013333
1 0.163750 0.610370 0.010833 0.017778
1 0.127917 0.611852 0.009167 0.014815
1 0.131250 0.605185 0.007500 0.019259
1 0.145833 0.602963 0.008333 0.017778
1 0.141667 0.648889 0.021667 0.041481
1 0.155833 0.645185 0.021667 0.042963
1 0.089583 0.608148 0.015833 0.031111
1 0.088750 0.600741 0.010833 0.019259
1 0.008750 0.626667 0.015833 0.032593
1 0.025833 0.628889 0.013333 0.028148
1 0.097917 0.817037 0.019167 0.037037
1 0.110833 0.845185 0.038333 0.081481
1 0.149167 0.782963 0.036667 0.081481
1 0.158333 0.732593 0.033333 0.054815
1 0.222500 0.823704 0.035000 0.077037
1 0.240000 0.758519 0.020000 0.044444
1 0.375417 0.742963 0.022500 0.040000
1 0.417083 0.757037 0.029167 0.065185
