1 0.840476 0.562368 0.007937 0.012685
1 0.820635 0.568710 0.006349 0.008457
1 0.673016 0.570825 0.006349 0.008457
1 0.655556 0.571882 0.006349 0.010571
1 0.595238 0.576110 0.006349 0.010571
1 0.509524 0.572939 0.006349 0.008457
1 0.208730 0.605708 0.026984 0.048626
1 0.258730 0.643763 0.028571 0.044397
1 0.311111 0.636364 0.028571 0.042283
1 0.359524 0.630021 0.026984 0.042283
1 0.404762 0.634249 0.025397 0.046512
1 0.445238 0.631078 0.026984 0.044397
1 0.498413 0.628964 0.025397 0.040169
1 0.542063 0.636364 0.023810 0.038055
1 0.585714 0.634249 0.022222 0.042283
1 0.631746 0.627907 0.025397 0.042283
