1 0.265792 0.528941 0.079424 0.072167
1 0.463428 0.482635 0.086073 0.080049
1 0.637237 0.445690 0.081271 0.073645
1 0.911895 0.464286 0.009974 0.007389
1 0.926856 0.451478 0.005911 0.004433
1 0.917621 0.455049 0.002955 0.002217
1 0.890839 0.450616 0.005541 0.010099
1 0.882342 0.444458 0.002586 0.001724
1 0.883266 0.449507 0.004433 0.011823
1 0.872737 0.444335 0.002586 0.001970
1 0.870336 0.445813 0.002216 0.001478
1 0.859438 0.444704 0.002586 0.001724
1 0.838382 0.444581 0.002586 0.001970
1 0.859808 0.454187 0.002586 0.001970
1 0.812708 0.443842 0.002955 0.001970
1 0.811230 0.453695 0.002216 0.001478
1 0.805504 0.453571 0.002586 0.001724
1 0.804211 0.444212 0.002216 0.001724
1 0.793314 0.452956 0.003325 0.001970
1 0.798301 0.442857 0.002955 0.001970
1 0.795161 0.447906 0.004064 0.012562
1 0.738825 0.443103 0.002955 0.001970
1 0.719985 0.443103 0.003694 0.002463
1 0.711673 0.444212 0.002586 0.001724
1 0.702069 0.451724 0.002586 0.001478
1 0.692095 0.453325 0.002586 0.002217
1 0.691725 0.453079 0.002586 0.001724
1 0.686553 0.452709 0.003325 0.001970
1 0.681566 0.444212 0.002216 0.001724
1 0.678796 0.457635 0.007758 0.015764
1 0.673624 0.452463 0.002586 0.001970
1 0.669006 0.458251 0.004433 0.002709
1 0.590321 0.451232 0.007388 0.004433
1 0.587920 0.448153 0.005541 0.004187
1 0.590506 0.442365 0.002586 0.001970
1 0.582194 0.443227 0.002216 0.001724
1 0.573698 0.445813 0.005911 0.010345
1 0.564093 0.460714 0.008866 0.006158
1 0.567418 0.451601 0.005172 0.003695
1 0.572590 0.448399 0.004433 0.003202
1 0.572405 0.448399 0.004064 0.002709
1 0.553380 0.447291 0.005172 0.004433
1 0.548393 0.449138 0.004802 0.003695
1 0.535648 0.452833 0.005172 0.003695
1 0.511082 0.449631 0.004802 0.003202
1 0.518471 0.461576 0.009235 0.026601
1 0.499076 0.460099 0.011082 0.023153
1 0.428703 0.448276 0.004064 0.001970
1 0.420946 0.448645 0.004802 0.003202
1 0.404137 0.448276 0.004433 0.003448
1 0.393609 0.449261 0.005541 0.003448
1 0.382527 0.449507 0.004802 0.003448
1 0.358330 0.444704 0.005911 0.004187
1 0.366642 0.448153 0.006280 0.003695
1 0.367566 0.447906 0.004433 0.003695
1 0.326007 0.448399 0.005541 0.003695
1 0.311600 0.456650 0.005541 0.003941
1 0.314185 0.454433 0.004802 0.003941
1 0.297192 0.455172 0.005541 0.004433
1 0.302918 0.442980 0.005911 0.004680
1 0.291467 0.442857 0.008127 0.005911
1 0.259697 0.440517 0.007388 0.005665
1 0.263207 0.443966 0.007019 0.005665
1 0.282785 0.447044 0.007019 0.004433
1 0.238271 0.444335 0.008866 0.006404
1 0.221648 0.445443 0.007388 0.006158
1 0.222386 0.441133 0.005911 0.005419
1 0.206502 0.447414 0.008866 0.006158
1 0.187477 0.445074 0.007758 0.005911
1 0.179350 0.441010 0.006280 0.004680
1 0.173809 0.444089 0.007758 0.005419
1 0.155153 0.443103 0.008127 0.006404
1 0.162542 0.444212 0.007388 0.005172
1 0.148689 0.440764 0.007758 0.004680
1 0.138160 0.443842 0.008866 0.005911
1 0.122645 0.442611 0.006649 0.005911
1 0.104913 0.441749 0.008127 0.005172
1 0.103990 0.443473 0.006280 0.003695
1 0.016069 0.436330 0.012929 0.011084
1 0.035464 0.460222 0.008866 0.025862
1 0.044330 0.446305 0.004433 0.003941
1 0.089583 0.410837 0.006280 0.008374
1 0.095308 0.406404 0.002955 0.001970
1 0.099557 0.409729 0.007019 0.009606
1 0.149427 0.409975 0.005541 0.009606
1 0.153491 0.410099 0.005541 0.008867
1 0.185999 0.406034 0.002586 0.001724
1 0.206686 0.406404 0.002586 0.001478
1 0.220909 0.406404 0.002216 0.001478
1 0.227373 0.406897 0.001847 0.001478
1 0.813262 0.407143 0.002586 0.001970
1 0.678057 0.459975 0.007019 0.012069
