1 0.114687 0.852222 0.026875 0.053333
1 0.425938 0.888333 0.024375 0.058889
1 0.463750 0.896667 0.025000 0.053333
1 0.526250 0.962222 0.011250 0.022222
1 0.595313 0.962222 0.015625 0.028889
1 0.641563 0.952222 0.011875 0.022222
1 0.617188 0.968333 0.011875 0.025556
1 0.248438 0.882778 0.018125 0.041111
1 0.335000 0.897778 0.017500 0.035556
1 0.380625 0.887222 0.030000 0.063333
1 0.582500 0.998889 0.151250 0.002222
1 0.013750 0.926111 0.027500 0.050000
1 0.061562 0.946111 0.045625 0.076667
1 0.265625 0.906111 0.022500 0.043333
1 0.262500 0.957222 0.072500 0.085556
1 0.385937 0.974444 0.071875 0.051111
1 0.360000 0.948889 0.082500 0.102222
1 0.317188 0.921667 0.014375 0.025556
1 0.450625 0.942778 0.007500 0.014444
1 0.459375 0.946111 0.003750 0.007778
1 0.917500 0.992778 0.038750 0.014444
1 0.848125 0.953889 0.027500 0.050000
1 0.774687 0.978333 0.038125 0.043333
1 0.728750 0.977778 0.063750 0.044444
1 0.631563 0.967222 0.011875 0.025556
1 0.622812 0.963889 0.006875 0.016667
1 0.610000 0.956111 0.010000 0.023333
1 0.590313 0.981111 0.020625 0.037778
1 0.572187 0.964444 0.010625 0.017778
1 0.575000 0.967222 0.007500 0.012222
1 0.559688 0.975000 0.011875 0.023333
1 0.551250 0.956111 0.012500 0.027778
1 0.537500 0.991667 0.012500 0.016667
1 0.512813 0.976667 0.010625 0.022222
1 0.513437 0.957778 0.008125 0.017778
1 0.493750 0.967778 0.008750 0.017778
1 0.494688 0.978889 0.008125 0.015556
1 0.495625 0.980556 0.008750 0.014444
