1 0.089920 0.159926 0.095895 0.158088
1 0.263940 0.242647 0.078125 0.126634
1 0.403799 0.271855 0.074755 0.130310
1 0.530944 0.223652 0.075368 0.127859
1 0.621783 0.235498 0.075061 0.126225
1 0.731464 0.309641 0.087316 0.156863
1 0.848346 0.323121 0.109069 0.187092
1 0.205729 0.436070 0.037684 0.058415
1 0.336244 0.492443 0.036458 0.043709
1 0.433977 0.472631 0.028493 0.043301
1 0.467525 0.470588 0.034314 0.050654
1 0.011029 0.267974 0.010417 0.013889
1 0.186121 0.266953 0.007047 0.011846
1 0.205270 0.267157 0.007966 0.013072
1 0.214614 0.286560 0.010110 0.013480
1 0.328738 0.282271 0.006127 0.008987
1 0.324449 0.293505 0.007966 0.011029
1 0.324602 0.293505 0.007047 0.011846
1 0.350490 0.281863 0.007353 0.012255
1 0.374847 0.303717 0.013787 0.052696
1 0.439032 0.291258 0.006127 0.008987
1 0.456801 0.279820 0.005515 0.011438
1 0.921722 0.338848 0.026654 0.032271
1 0.940870 0.341095 0.017770 0.025327
1 0.999847 0.290237 0.000306 0.020016
1 0.988664 0.440155 0.022672 0.139297
