1 0.029297 0.430664 0.006510 0.005859
1 0.046875 0.398926 0.010417 0.008789
1 0.057292 0.395508 0.013021 0.009766
1 0.067057 0.393066 0.011719 0.010742
1 0.106771 0.400391 0.015625 0.011719
1 0.158854 0.396973 0.010417 0.010742
1 0.179688 0.399902 0.010417 0.008789
1 0.207031 0.422852 0.005208 0.003906
1 0.216146 0.423340 0.007812 0.014648
1 0.251302 0.392578 0.013021 0.009766
1 0.263672 0.402832 0.009115 0.008789
1 0.279297 0.390625 0.011719 0.009766
1 0.302734 0.397461 0.011719 0.011719
1 0.359375 0.392578 0.013021 0.011719
1 0.490885 0.404785 0.010417 0.008789
1 0.517578 0.402832 0.011719 0.008789
1 0.517578 0.402832 0.011719 0.008789
1 0.550130 0.402832 0.011719 0.008789
1 0.569010 0.402344 0.013021 0.011719
1 0.572917 0.437012 0.007812 0.004883
1 0.608073 0.435059 0.007812 0.006836
1 0.596354 0.397461 0.013021 0.009766
1 0.631510 0.405273 0.010417 0.009766
1 0.654297 0.405762 0.011719 0.010742
1 0.676432 0.399902 0.011719 0.010742
1 0.701172 0.400879 0.011719 0.008789
1 0.748698 0.403320 0.013021 0.009766
1 0.766276 0.402832 0.011719 0.008789
1 0.795573 0.434082 0.005208 0.004883
1 0.781901 0.435059 0.006510 0.004883
1 0.777344 0.441895 0.010417 0.028320
1 0.809896 0.401855 0.010417 0.010742
1 0.839193 0.428223 0.006510 0.004883
1 0.844401 0.435059 0.006510 0.006836
1 0.858724 0.436523 0.006510 0.005859
1 0.857422 0.435547 0.006510 0.005859
1 0.922526 0.431152 0.006510 0.004883
1 0.875651 0.400391 0.011719 0.009766
1 0.903646 0.393555 0.013021 0.009766
1 0.944010 0.431641 0.007812 0.005859
1 0.958984 0.397461 0.011719 0.009766
1 0.965495 0.402344 0.011719 0.009766
1 0.434245 0.416992 0.097656 0.107422
