1 0.943287 0.733941 0.013310 0.019097
1 0.747106 0.742405 0.008681 0.016059
1 0.726852 0.735243 0.010417 0.019097
1 0.706453 0.740017 0.008970 0.018229
1 0.564091 0.738932 0.004919 0.008247
1 0.562934 0.750434 0.005498 0.009549
1 0.575376 0.764757 0.005498 0.009549
1 0.584780 0.741753 0.006366 0.011285
1 0.544850 0.752604 0.005208 0.009549
1 0.531250 0.756944 0.006944 0.014757
1 0.521123 0.759549 0.006944 0.011285
1 0.517650 0.767578 0.004630 0.008247
1 0.489583 0.764323 0.005787 0.010417
1 0.491753 0.767144 0.004919 0.008247
1 0.442130 0.772786 0.004051 0.006510
1 0.424769 0.784505 0.002315 0.003038
1 0.416233 0.778863 0.002604 0.003038
1 0.396412 0.772352 0.003472 0.006510
1 0.400029 0.771050 0.004340 0.007378
1 0.404369 0.774740 0.003762 0.006076
1 0.356916 0.763889 0.005498 0.010417
1 0.319734 0.780599 0.002315 0.003906
1 0.300781 0.780816 0.003183 0.005208
1 0.281250 0.779731 0.002894 0.004774
1 0.273003 0.777995 0.002604 0.004774
1 0.238571 0.775825 0.002604 0.003906
1 0.227865 0.775391 0.003183 0.004774
1 0.207899 0.776910 0.002604 0.004340
1 0.192419 0.781467 0.002315 0.003906
1 0.185619 0.776259 0.002604 0.003906
1 0.192564 0.782335 0.003183 0.004774
1 0.171296 0.752821 0.007523 0.012587
1 0.617332 0.685113 0.019387 0.040365
1 0.633825 0.656901 0.023438 0.042969
1 0.667245 0.661024 0.024884 0.045139
