1 0.627370 0.211111 0.016588 0.025778
1 0.344194 0.175111 0.020142 0.037333
1 0.091825 0.282667 0.028436 0.049778
1 0.222453 0.555556 0.032583 0.071111
1 0.353969 0.572889 0.026659 0.052444
1 0.504443 0.601778 0.026659 0.051556
1 0.650474 0.587111 0.028436 0.048889
1 0.739633 0.580444 0.023104 0.037333
1 0.748519 0.064889 0.012441 0.019556
1 0.692832 0.051556 0.011256 0.019556
1 0.545616 0.056000 0.014218 0.026667
1 0.500296 0.137778 0.013626 0.026667
1 0.485486 0.073333 0.017180 0.031111
1 0.466232 0.044889 0.017773 0.031111
1 0.431576 0.056444 0.019550 0.032889
1 0.352192 0.022222 0.017180 0.035556
1 0.395142 0.116889 0.016588 0.024000
1 0.380332 0.079556 0.014218 0.024000
1 0.290877 0.030667 0.016588 0.031111
1 0.262441 0.015556 0.017773 0.029333
1 0.251481 0.051556 0.011256 0.017778
1 0.196386 0.013778 0.019550 0.027556
1 0.172097 0.058222 0.020735 0.031111
1 0.141884 0.043111 0.014810 0.032889
1 0.089455 0.018222 0.021327 0.036444
1 0.037618 0.016000 0.020735 0.032000
1 0.529917 0.010667 0.012441 0.021333
1 0.505036 0.012444 0.012441 0.024889
1 0.484005 0.009778 0.014218 0.019556
1 0.454384 0.008444 0.013033 0.016889
1 0.436315 0.010222 0.014810 0.020444
1 0.380924 0.009333 0.010664 0.018667
