1 0.057692 0.561538 0.034615 0.073504
1 0.185577 0.337607 0.036538 0.080342
1 0.226923 0.348718 0.034615 0.078632
1 0.227885 0.266667 0.030769 0.064957
1 0.268750 0.330769 0.027885 0.063248
1 0.281250 0.290598 0.027885 0.061538
1 0.304808 0.294017 0.025000 0.061538
1 0.325000 0.315385 0.030769 0.066667
1 0.371635 0.311966 0.027885 0.066667
1 0.265385 0.566667 0.032692 0.073504
1 0.332212 0.547009 0.029808 0.071795
1 0.382212 0.540171 0.029808 0.058120
1 0.438942 0.540171 0.027885 0.064957
1 0.505288 0.544444 0.033654 0.059829
1 0.558654 0.521368 0.028846 0.064957
1 0.422115 0.329060 0.025000 0.052991
1 0.464904 0.314530 0.024038 0.054701
1 0.507212 0.311111 0.025962 0.051282
1 0.573558 0.319658 0.029808 0.061538
1 0.573558 0.318803 0.029808 0.063248
1 0.617788 0.317949 0.025962 0.058120
1 0.662500 0.323077 0.030769 0.058120
1 0.705769 0.350427 0.030769 0.061538
1 0.609135 0.535897 0.027885 0.059829
1 0.677404 0.543590 0.029808 0.064957
1 0.767788 0.335043 0.029808 0.064957
1 0.828846 0.340171 0.032692 0.064957
1 0.911058 0.295726 0.029808 0.054701
1 0.392308 0.294017 0.026923 0.054701
