1 0.327333 0.603996 0.002667 0.003633
1 0.335333 0.603542 0.002667 0.004541
1 0.364000 0.602180 0.004000 0.005450
1 0.375000 0.599909 0.004667 0.006358
1 0.385667 0.600817 0.003333 0.004541
1 0.413667 0.598547 0.003333 0.005450
1 0.533333 0.599001 0.004000 0.006358
1 0.562000 0.599455 0.002667 0.005450
1 0.566000 0.613987 0.010667 0.034514
1 0.593667 0.599001 0.003333 0.004541
1 0.601667 0.598547 0.003333 0.005450
1 0.722000 0.598547 0.004000 0.005450
1 0.729000 0.599909 0.004667 0.006358
1 0.740000 0.598547 0.004000 0.005450
1 0.748000 0.593097 0.005333 0.005450
