1 0.156250 0.695703 0.020833 0.021094
1 0.257552 0.686328 0.018229 0.035156
1 0.338021 0.673438 0.021875 0.034375
1 0.380469 0.688281 0.021354 0.035937
1 0.407552 0.725391 0.009896 0.013281
1 0.435417 0.733203 0.009375 0.016406
1 0.500260 0.683984 0.016146 0.028906
1 0.533073 0.675391 0.022396 0.036719
1 0.577083 0.694141 0.012500 0.021094
1 0.623177 0.700781 0.014063 0.023438
1 0.647656 0.711328 0.014063 0.024219
1 0.069010 0.730469 0.009896 0.015625
1 0.048438 0.738672 0.010417 0.011719
1 0.558073 0.726562 0.007812 0.012500
1 0.630208 0.532031 0.006250 0.010937
1 0.557552 0.574609 0.004687 0.008594
1 0.405729 0.580469 0.006250 0.009375
1 0.326302 0.689844 0.014063 0.023438
