1 0.749583 0.439079 0.005833 0.010401
1 0.730833 0.456166 0.003333 0.005944
1 0.736667 0.439822 0.005000 0.008915
1 0.385417 0.485884 0.010833 0.020802
1 0.349167 0.497771 0.010000 0.020802
1 0.255000 0.475483 0.020000 0.029718
1 0.714167 0.445765 0.010000 0.017831
1 0.700000 0.442793 0.016667 0.026746
1 0.682083 0.419762 0.017500 0.034175
1 0.688333 0.447251 0.008333 0.014859
1 0.670000 0.435364 0.013333 0.026746
1 0.642917 0.455423 0.007500 0.016345
1 0.650833 0.446508 0.008333 0.016345
1 0.659167 0.485141 0.013333 0.102526
1 0.627917 0.436850 0.020833 0.038633
1 0.608750 0.451709 0.010833 0.017831
1 0.595000 0.437593 0.015000 0.022288
1 0.588333 0.450966 0.008333 0.016345
1 0.562500 0.443536 0.011667 0.019316
1 0.550833 0.445765 0.013333 0.023774
1 0.538750 0.438336 0.010833 0.017831
1 0.541250 0.448737 0.010833 0.023774
1 0.571667 0.453938 0.008333 0.016345
