1 0.078750 0.639360 0.062500 0.069680
1 0.181875 0.643126 0.066250 0.073446
1 0.026250 0.580038 0.052500 0.079096
1 0.119375 0.601695 0.041250 0.062147
1 0.173125 0.603578 0.043750 0.054614
1 0.219375 0.555556 0.041250 0.056497
1 0.298125 0.587571 0.026250 0.037665
1 0.359375 0.588512 0.036250 0.062147
1 0.353125 0.565913 0.031250 0.050847
1 0.423750 0.618644 0.037500 0.050847
1 0.404375 0.579096 0.026250 0.050847
1 0.510000 0.556497 0.030000 0.054614
1 0.484375 0.581921 0.026250 0.037665
1 0.535625 0.553672 0.031250 0.045198
1 0.582500 0.770245 0.065000 0.116761
1 0.567500 0.700565 0.040000 0.075330
1 0.661250 0.725047 0.060000 0.082863
1 0.590625 0.600753 0.036250 0.052731
1 0.665000 0.612994 0.040000 0.054614
1 0.684375 0.578154 0.031250 0.052731
1 0.772500 0.630885 0.037500 0.067797
1 0.746875 0.562147 0.026250 0.035782
1 0.828750 0.592279 0.037500 0.069680
1 0.916875 0.612994 0.031250 0.050847
1 0.985000 0.600753 0.030000 0.048964
1 1.005625 0.614878 -0.011250 0.080979
1 0.061875 0.541431 0.043750 0.050847
1 0.141250 0.550847 0.035000 0.047081
