1 0.988077 0.582347 0.023846 0.034446
1 0.983077 0.522067 0.026154 0.038751
1 0.959615 0.524758 0.017692 0.029064
1 0.931538 0.558665 0.021538 0.032293
1 0.943846 0.516146 0.026154 0.044133
1 0.905769 0.514532 0.023846 0.034446
1 0.885000 0.553283 0.017692 0.032293
1 0.855769 0.536598 0.023846 0.037675
1 0.816154 0.536060 0.021538 0.036598
1 0.807692 0.510764 0.015385 0.026911
1 0.820000 0.509150 0.018462 0.025834
1 0.771923 0.540904 0.023846 0.039828
1 0.747692 0.510226 0.024615 0.038751
1 0.729615 0.526372 0.023846 0.040904
1 0.700385 0.559203 0.025385 0.031216
1 0.697692 0.534984 0.023077 0.034446
1 0.673462 0.534984 0.028462 0.036598
1 0.664615 0.564047 0.020000 0.036598
1 0.643846 0.518837 0.023077 0.038751
1 0.618462 0.532831 0.023077 0.040904
1 0.570769 0.488698 0.021538 0.036598
1 0.557308 0.515608 0.023846 0.038751
1 0.570385 0.539828 0.022308 0.035522
1 0.539231 0.532293 0.018462 0.031216
1 0.551923 0.533907 0.025385 0.036598
1 0.516154 0.540366 0.023077 0.038751
1 0.495385 0.547901 0.024615 0.043057
1 0.455000 0.531216 0.026923 0.041981
1 0.426154 0.552745 0.027692 0.041981
1 0.405000 0.518299 0.020769 0.041981
1 0.404231 0.517761 0.022308 0.043057
1 0.350769 0.543595 0.029231 0.045210
1 0.316154 0.525296 0.029231 0.049516
1 0.280000 0.526911 0.035385 0.054898
1 0.278462 0.524220 0.036923 0.055974
1 0.218462 0.532293 0.047692 0.063509
1 0.166538 0.517223 0.071538 0.089343
1 0.110000 0.573735 0.056923 0.088267
1 0.049231 0.604952 0.081538 0.107643
