1 0.303385 0.729630 0.002604 0.005556
1 0.317188 0.743519 0.003125 0.005556
1 0.317708 0.718981 0.003125 0.004630
1 0.341927 0.729167 0.002604 0.004630
1 0.366667 0.719907 0.003125 0.004630
1 0.409115 0.708333 0.002604 0.003704
1 0.415885 0.707870 0.001563 0.002778
1 0.424219 0.716204 0.004687 0.025000
1 0.428125 0.706481 0.002083 0.003704
1 0.482031 0.714815 0.002604 0.003704
1 0.477865 0.725463 0.003646 0.025000
1 0.495573 0.725926 0.003646 0.020370
1 0.499219 0.715278 0.002604 0.004630
1 0.501042 0.721296 0.002083 0.003704
1 0.558073 0.713426 0.001563 0.002778
1 0.526823 0.725000 0.004687 0.018519
1 0.531250 0.717130 0.002083 0.004630
1 0.548958 0.723611 0.004167 0.021296
1 0.599479 0.730556 0.002083 0.003704
1 0.665625 0.737037 0.004167 0.031481
1 0.685937 0.728241 0.002083 0.002778
1 0.668750 0.737500 0.004167 0.026852
