1 0.075684 0.768229 0.020508 0.036458
1 0.047363 0.795139 0.018555 0.034722
1 0.141602 0.774306 0.019531 0.038194
1 0.130859 0.909722 0.015625 0.024306
1 0.237305 0.754340 0.013672 0.029514
1 0.263184 0.791667 0.008789 0.017361
1 0.276855 0.799479 0.010742 0.022569
1 0.325684 0.771701 0.022461 0.046875
1 0.364258 0.760417 0.005859 0.010417
1 0.423340 0.809028 0.012695 0.024306
1 0.414551 0.769097 0.006836 0.013889
1 0.516113 0.750868 0.014648 0.026042
1 0.543945 0.752604 0.005859 0.012153
1 0.551270 0.738715 0.006836 0.015625
1 0.535156 0.808160 0.019531 0.039931
1 0.573730 0.815972 0.016602 0.031250
1 0.651855 0.817708 0.020508 0.034722
1 0.584473 0.738715 0.004883 0.012153
1 0.603027 0.743056 0.006836 0.013889
1 0.615723 0.743056 0.004883 0.010417
1 0.624512 0.741319 0.008789 0.013889
1 0.639160 0.740451 0.006836 0.012153
1 0.651367 0.732639 0.007812 0.017361
1 0.582520 0.715278 0.004883 0.010417
1 0.629883 0.704861 0.007812 0.013889
1 0.664062 0.734375 0.007812 0.017361
1 0.684570 0.731771 0.007812 0.015625
1 0.694336 0.719618 0.007812 0.015625
1 0.711426 0.739583 0.016602 0.027778
1 0.724121 0.742188 0.008789 0.015625
1 0.765137 0.735243 0.008789 0.015625
1 0.788086 0.728299 0.015625 0.026042
1 0.818848 0.711806 0.008789 0.017361
1 0.842285 0.714410 0.012695 0.019097
1 0.854492 0.729167 0.009766 0.017361
1 0.858398 0.715278 0.009766 0.017361
1 0.908691 0.710938 0.012695 0.022569
1 0.942383 0.720486 0.011719 0.024306
1 0.966309 0.726562 0.010742 0.019097
1 0.981445 0.720486 0.011719 0.024306
1 0.789062 0.953993 0.033203 0.053819
