1 0.295833 0.380518 0.109444 0.101727
1 0.558333 0.288868 0.067778 0.065259
1 0.986111 0.142514 0.027778 0.037428
1 0.906944 0.159549 0.031667 0.034069
1 0.952500 0.087332 0.029444 0.030710
1 0.952222 0.035749 0.028889 0.032150
1 0.971667 0.009117 0.023333 0.018234
1 0.887222 0.048704 0.031111 0.031190
1 0.728333 0.155950 0.036667 0.036468
1 0.634167 0.160029 0.028333 0.032150
1 0.561944 0.168426 0.023889 0.034549
1 0.496667 0.154990 0.033333 0.035509
1 0.458056 0.191939 0.026111 0.031670
1 0.421944 0.200096 0.035000 0.023992
1 0.308889 0.200576 0.026667 0.030710
1 0.823056 0.103167 0.029444 0.034549
1 0.755556 0.102447 0.024444 0.030230
1 0.694167 0.114443 0.032778 0.033109
1 0.785833 0.024232 0.031667 0.032150
1 0.723889 0.052543 0.025556 0.030230
1 0.680556 0.052543 0.030000 0.032150
1 0.618333 0.068618 0.030000 0.030710
1 0.629444 0.123321 0.026667 0.030710
1 0.587222 0.124520 0.031111 0.031190
1 0.658056 0.014395 0.028333 0.028791
1 0.613056 0.030230 0.030556 0.029750
1 0.512500 0.122601 0.027222 0.033109
1 0.574167 0.031910 0.030556 0.031190
1 0.546944 0.013196 0.027222 0.026392
1 0.556389 0.083253 0.029444 0.028311
1 0.630278 0.123560 0.028333 0.031190
1 0.471944 0.115163 0.032778 0.032630
1 0.510556 0.082054 0.027778 0.032630
1 0.468056 0.073417 0.025000 0.033589
1 0.369167 0.162428 0.035000 0.035029
1 0.372500 0.134357 0.027222 0.030710
1 0.406389 0.117802 0.030556 0.039827
1 0.416111 0.086612 0.031111 0.032150
1 0.425833 0.041507 0.030556 0.030230
1 0.468611 0.040307 0.028333 0.028791
1 0.519444 0.012716 0.026667 0.025432
1 0.290000 0.138436 0.033333 0.033109
1 0.252222 0.170825 0.038889 0.037428
1 0.316944 0.095010 0.027222 0.030710
1 0.360000 0.086612 0.032222 0.029271
1 0.370833 0.048225 0.023889 0.026392
1 0.356944 0.038388 0.027222 0.030710
1 0.358333 0.013436 0.027778 0.026871
1 0.238333 0.136756 0.030000 0.033589
1 0.256667 0.084213 0.025556 0.030230
1 0.285000 0.039107 0.027778 0.029271
1 0.299444 0.011996 0.026667 0.023992
1 0.195278 0.196257 0.036111 0.037428
1 0.174167 0.131718 0.035000 0.028311
1 0.183889 0.111324 0.026667 0.029750
1 0.194167 0.059741 0.028333 0.029271
1 0.243889 0.057582 0.028889 0.028791
1 0.222778 0.013436 0.030000 0.026871
1 0.165556 0.013916 0.030000 0.027831
1 0.115278 0.011276 0.026111 0.022553
1 0.070278 0.016315 0.026111 0.029750
1 0.021944 0.012956 0.030556 0.025912
1 0.011944 0.206334 0.023889 0.034549
1 0.076667 0.195058 0.035556 0.035988
1 0.127500 0.198417 0.031667 0.035988
1 0.013889 0.156910 0.027778 0.030710
1 0.043889 0.112524 0.030000 0.029271
1 0.121111 0.141795 0.027778 0.032150
1 0.148611 0.101727 0.027222 0.031670
1 0.099722 0.113724 0.027222 0.026871
1 0.066944 0.072217 0.030556 0.031190
1 0.093889 0.073656 0.026667 0.031190
1 0.140278 0.070777 0.025000 0.028311
1 0.066111 0.160269 0.032222 0.030710
1 0.861944 0.012956 0.022778 0.025912
1 0.896667 0.017274 0.035556 0.034549
1 0.463611 0.012716 0.029444 0.025432
1 0.554722 0.289587 0.069444 0.066699
