1 0.071154 0.474895 0.037692 0.060669
1 0.112308 0.474372 0.038462 0.061715
1 0.126154 0.502092 0.026154 0.048117
1 0.173462 0.510460 0.037692 0.054393
1 0.216538 0.459728 0.036154 0.059623
1 0.270769 0.501046 0.033846 0.054393
1 0.313462 0.571130 0.023846 0.039749
1 0.288077 0.485879 0.022308 0.034519
1 0.301923 0.487448 0.022308 0.031381
1 0.368462 0.492155 0.043077 0.067992
1 0.351923 0.506799 0.030000 0.047071
1 0.357308 0.478556 0.036154 0.053347
1 0.446538 0.526151 0.048462 0.064854
1 0.429231 0.510983 0.030769 0.051255
1 0.411154 0.504707 0.022308 0.040795
1 0.558077 0.491109 0.037692 0.059623
1 0.510385 0.518828 0.033077 0.066946
1 0.558846 0.489017 0.039231 0.057531
1 0.692308 0.638075 0.040000 0.066946
1 0.784231 0.626046 0.048462 0.076360
1 0.946923 0.646967 0.043077 0.067992
1 1.010000 0.652197 -0.020000 0.053347
1 0.664231 0.531381 0.031538 0.050209
1 0.694231 0.527197 0.033077 0.054393
1 0.740769 0.531904 0.033846 0.047071
1 0.615769 0.490063 0.025385 0.040795
1 0.653462 0.489017 0.033077 0.051255
1 0.713077 0.502615 0.029231 0.044979
1 0.741538 0.531904 0.033846 0.042887
1 0.736923 0.499477 0.029231 0.040795
1 0.811154 0.549163 0.037692 0.058577
1 0.825385 0.501046 0.032308 0.054393
1 0.857692 0.511506 0.026154 0.037657
1 0.939231 0.532427 0.032308 0.041841
1 0.975769 0.530335 0.043846 0.064854
1 0.926538 0.478556 0.033077 0.051255
1 0.908077 0.513598 0.028462 0.041841
