1 0.545385 0.202406 0.010769 0.017782
1 0.454615 0.228556 0.015385 0.026151
1 0.504231 0.241632 0.010000 0.020921
1 0.535000 0.245293 0.013077 0.019874
1 0.559231 0.242678 0.013846 0.023013
1 0.638077 0.237448 0.014615 0.023013
1 0.576154 0.244770 0.013846 0.023013
1 0.598846 0.288703 0.023846 0.033473
1 0.611154 0.303347 0.022308 0.035565
1 0.648462 0.327406 0.033846 0.058577
1 0.648077 0.326883 0.036154 0.057531
1 0.685000 0.358787 0.043846 0.069038
1 0.747308 0.367678 0.050000 0.076360
1 0.740769 0.389644 0.052308 0.080544
1 0.838077 0.443515 0.073077 0.117155
1 0.690769 0.300732 0.016923 0.028243
1 0.621923 0.247385 0.008462 0.011506
1 0.688846 0.299163 0.019231 0.031381
1 0.717692 0.309623 0.021538 0.029289
1 0.750769 0.303347 0.027692 0.041841
1 0.767692 0.312238 0.026154 0.040795
1 0.797692 0.314854 0.030769 0.043933
1 0.845385 0.330544 0.035385 0.058577
1 0.871154 0.341527 0.054615 0.065900
1 0.960000 0.373431 0.055385 0.081590
1 1.036538 0.456067 -0.073077 0.098326
1 0.542308 0.302824 0.024615 0.036611
1 0.543462 0.303347 0.025385 0.035565
1 0.580385 0.344142 0.034615 0.058577
1 0.604231 0.343619 0.050000 0.074268
1 0.615769 0.421548 0.086923 0.104603
1 0.615385 0.422594 0.086154 0.100418
1 0.582692 0.568515 0.090000 0.132845
1 0.466538 0.298640 0.019231 0.032427
1 0.465769 0.297071 0.019231 0.029289
1 0.478846 0.323745 0.022308 0.030335
1 0.395385 0.307531 0.030769 0.050209
1 0.435769 0.324791 0.030000 0.049163
1 0.371538 0.321130 0.041538 0.060669
1 0.351538 0.347280 0.044615 0.071130
1 0.320000 0.357741 0.060000 0.087866
1 0.282692 0.425732 0.070000 0.119247
1 0.276154 0.447176 0.092308 0.141213
