1 0.088867 0.863281 0.017578 0.020833
1 0.312988 0.802734 0.016602 0.027344
1 0.387207 0.938802 0.043945 0.070312
1 0.396484 0.908203 0.029297 0.042969
1 0.444336 0.889323 0.011719 0.015625
1 0.425293 0.837891 0.012695 0.016927
1 0.447266 0.826823 0.007812 0.010417
1 0.477051 0.847656 0.012695 0.018229
1 0.494629 0.857422 0.016602 0.024740
1 0.512695 0.854167 0.009766 0.013021
1 0.541504 0.838542 0.010742 0.015625
1 0.548828 0.860026 0.015625 0.024740
1 0.570801 0.856771 0.016602 0.026042
1 0.629883 0.870443 0.017578 0.027344
1 0.660156 0.865234 0.019531 0.032552
1 0.690430 0.861979 0.017578 0.031250
1 0.721680 0.870443 0.025391 0.035156
1 0.759766 0.917318 0.025391 0.037760
1 0.757324 0.870443 0.018555 0.027344
1 0.839355 0.908854 0.043945 0.057292
1 0.878418 0.906901 0.024414 0.040365
1 0.878418 0.856771 0.043945 0.072917
1 0.903320 0.843099 0.013672 0.016927
1 0.928711 0.845703 0.013672 0.016927
1 0.968750 0.879557 0.062500 0.092448
