1 0.543988 0.864258 0.017595 0.025391
1 0.543988 0.779297 0.017595 0.027344
1 0.225073 0.821289 0.019062 0.021484
1 0.184018 0.830078 0.016129 0.027344
1 0.200880 0.718750 0.014663 0.027344
1 0.293255 0.667969 0.014663 0.023438
1 0.714809 0.545898 0.013196 0.021484
1 0.840176 0.666016 0.014663 0.019531
1 0.892962 0.747070 0.017595 0.025391
1 0.942082 0.798828 0.019062 0.031250
1 0.877566 0.939453 0.021994 0.031250
1 0.975806 0.963867 0.033724 0.041016
1 0.994868 0.831055 0.010264 0.029297
1 0.651760 0.499023 0.010264 0.013672
1 0.664223 0.490234 0.011730 0.019531
1 0.568182 0.504883 0.010264 0.017578
1 0.593842 0.447266 0.011730 0.015625
1 0.575513 0.438477 0.010264 0.013672
1 0.555718 0.429688 0.008798 0.015625
1 0.501466 0.446289 0.008798 0.013672
1 0.492669 0.506836 0.011730 0.013672
1 0.274194 0.519531 0.011730 0.019531
1 0.346774 0.441406 0.010264 0.015625
1 0.374633 0.449219 0.010264 0.015625
1 0.366569 0.442383 0.008798 0.013672
1 0.321848 0.406250 0.010264 0.011719
1 0.367302 0.425781 0.021994 0.062500
1 0.415689 0.402344 0.007331 0.011719
1 0.367302 0.385742 0.007331 0.009766
1 0.370968 0.375977 0.008798 0.013672
1 0.433284 0.416016 0.010264 0.011719
1 0.470674 0.375000 0.008798 0.011719
1 0.448680 0.416992 0.008798 0.013672
1 0.427419 0.372070 0.007331 0.009766
1 0.438416 0.367188 0.008798 0.011719
1 0.331378 0.345703 0.005865 0.007812
1 0.294721 0.360352 0.005865 0.009766
1 0.391496 0.322266 0.005865 0.007812
1 0.349707 0.302734 0.004399 0.007812
1 0.397361 0.301758 0.017595 0.041016
1 0.436950 0.290039 0.005865 0.009766
1 0.436950 0.362305 0.014663 0.044922
1 0.450147 0.340820 0.017595 0.044922
1 0.590176 0.350586 0.007331 0.009766
1 0.711144 0.369141 0.008798 0.011719
1 0.685484 0.345703 0.007331 0.011719
1 0.658358 0.339844 0.005865 0.007812
1 0.667889 0.324219 0.007331 0.011719
1 0.656891 0.286133 0.005865 0.009766
1 0.554985 0.328125 0.016129 0.054688
1 0.567449 0.328125 0.017595 0.054688
1 0.560850 0.283203 0.007331 0.007812
1 0.563050 0.253906 0.011730 0.042969
1 0.459677 0.245117 0.004399 0.005859
1 0.473607 0.260742 0.011730 0.041016
1 0.253666 0.085938 0.008798 0.011719
1 0.315982 0.336914 0.007331 0.009766
1 0.476540 0.362305 0.014663 0.029297
1 0.579912 0.236328 0.010264 0.039062
1 0.406891 0.515625 0.013196 0.015625
1 0.377566 0.537109 0.010264 0.015625
1 0.365836 0.524414 0.010264 0.013672
