1 0.010000 0.206250 0.008333 0.012500
1 0.013333 0.103750 0.006667 0.010000
1 0.047917 0.148750 0.005833 0.010000
1 0.031250 0.043125 0.005833 0.008750
1 0.165000 0.127500 0.005000 0.007500
1 0.143750 0.075625 0.015833 0.036250
1 0.155417 0.081875 0.020833 0.031250
1 0.140000 0.053750 0.003333 0.005000
1 0.177500 0.070000 0.005000 0.007500
1 0.182500 0.079375 0.013333 0.026250
1 0.192083 0.093125 0.004167 0.006250
1 0.210833 0.072500 0.003333 0.005000
1 0.219583 0.088125 0.012500 0.033750
1 0.226250 0.086250 0.014167 0.037500
1 0.232917 0.195625 0.004167 0.008750
1 0.204167 0.218750 0.006667 0.010000
1 0.186250 0.236875 0.005833 0.008750
1 0.160000 0.257500 0.006667 0.010000
1 0.160833 0.278750 0.008333 0.012500
1 0.145417 0.303750 0.007500 0.012500
1 0.112500 0.361875 0.010000 0.016250
1 0.117083 0.403125 0.010833 0.021250
1 0.230417 0.403750 0.047500 0.080000
1 0.348333 0.568750 0.018333 0.035000
1 0.494583 0.583125 0.015833 0.036250
1 0.760417 0.393125 0.047500 0.093750
1 0.895833 0.530625 0.013333 0.023750
1 0.999167 0.478750 0.001667 0.022500
1 0.908333 0.312500 0.008333 0.015000
1 0.287917 0.216875 0.005833 0.008750
1 0.305000 0.206875 0.006667 0.008750
1 0.329167 0.193750 0.005000 0.007500
1 0.347917 0.177500 0.004167 0.007500
1 0.360833 0.196875 0.015000 0.046250
1 0.387083 0.161875 0.004167 0.006250
1 0.391250 0.153750 0.004167 0.007500
1 0.406250 0.165625 0.015833 0.041250
1 0.407083 0.143125 0.002500 0.006250
1 0.415833 0.135000 0.003333 0.007500
1 0.426250 0.145625 0.014167 0.038750
1 0.302083 0.356875 0.007500 0.008750
1 0.308750 0.336250 0.005833 0.010000
1 0.294167 0.348125 0.010000 0.013750
1 0.351250 0.326875 0.005833 0.011250
1 0.343750 0.302500 0.005833 0.010000
1 0.366667 0.347500 0.010000 0.012500
1 0.386250 0.338750 0.007500 0.012500
1 0.412500 0.248750 0.005000 0.007500
1 0.428750 0.260000 0.005833 0.007500
1 0.392917 0.223125 0.004167 0.006250
1 0.365833 0.276875 0.005000 0.008750
1 0.357500 0.412500 0.008333 0.012500
1 0.377083 0.412500 0.009167 0.012500
1 0.403333 0.395625 0.006667 0.011250
1 0.439583 0.352500 0.005833 0.010000
1 0.443750 0.466875 0.019167 0.063750
1 0.455000 0.356250 0.010000 0.012500
1 0.479583 0.356250 0.009167 0.012500
1 0.448333 0.278125 0.005000 0.008750
1 0.413750 0.210000 0.004167 0.007500
1 0.433333 0.220625 0.005000 0.006250
1 0.443750 0.220000 0.004167 0.007500
1 0.466250 0.206875 0.004167 0.006250
1 0.469583 0.291250 0.007500 0.010000
1 0.561250 0.299375 0.005833 0.008750
1 0.577500 0.313750 0.006667 0.010000
1 0.588333 0.301875 0.005000 0.011250
1 0.522083 0.256250 0.004167 0.007500
1 0.709167 0.267500 0.006667 0.012500
1 0.681667 0.230000 0.005000 0.007500
1 0.769583 0.140000 0.014167 0.045000
1 0.742500 0.120625 0.003333 0.006250
1 0.737500 0.135000 0.010000 0.037500
1 0.734167 0.116250 0.003333 0.005000
1 0.774167 0.198750 0.005000 0.007500
1 0.765833 0.194375 0.003333 0.006250
1 0.794583 0.283125 0.005833 0.011250
1 0.820000 0.318125 0.008333 0.011250
1 0.835417 0.290000 0.007500 0.012500
1 0.846667 0.300000 0.008333 0.012500
