1 0.458008 0.597365 0.023438 0.035139
1 0.680176 0.587848 0.020508 0.036603
1 0.718750 0.673499 0.027344 0.038067
1 0.711914 0.710835 0.021484 0.042460
1 0.762695 0.674231 0.025391 0.045388
1 0.814453 0.644217 0.025391 0.049780
1 0.813965 0.645681 0.026367 0.052709
1 0.847656 0.648609 0.025391 0.046852
1 0.857422 0.678624 0.029297 0.045388
1 0.893555 0.654466 0.029297 0.052709
1 0.922852 0.680088 0.023438 0.048316
1 0.929199 0.839678 0.018555 0.019034
1 0.809082 0.591508 0.004883 0.008785
1 0.825684 0.590044 0.004883 0.008785
1 0.967285 0.585652 0.006836 0.011713
1 0.695312 0.315520 0.021484 0.039531
1 0.704590 0.247438 0.024414 0.038067
1 0.527832 0.568082 0.018555 0.029283
