1 0.006910 0.325926 0.013820 0.023704
1 0.070582 0.329630 0.018756 0.031111
1 0.070089 0.328148 0.017769 0.031111
1 0.131293 0.385185 0.011846 0.020741
1 0.150049 0.331852 0.015795 0.026667
1 0.228036 0.335556 0.007897 0.016296
1 0.255676 0.391852 0.011846 0.016296
1 0.354886 0.318519 0.050346 0.085926
1 0.460020 0.348889 0.017769 0.034074
1 0.599210 0.365926 0.007897 0.017778
1 0.618460 0.354815 0.008885 0.016296
1 0.651530 0.362963 0.015795 0.029630
1 0.663376 0.367407 0.015795 0.029630
1 0.697433 0.355556 0.012833 0.020741
1 0.810464 0.363704 0.011846 0.019259
1 0.824778 0.371111 0.014808 0.025185
1 0.842547 0.374074 0.012833 0.022222
1 0.922507 0.415556 0.026654 0.120000
1 0.935834 0.368889 0.009872 0.017778
1 0.977295 0.377037 0.011846 0.019259
1 0.992103 0.374815 0.011846 0.017778
1 0.974827 0.408148 0.024679 0.099259
