1 0.063477 0.524890 0.037109 0.054173
1 0.205566 0.498536 0.020508 0.033675
1 0.232422 0.504392 0.025391 0.042460
1 0.291016 0.517570 0.023438 0.036603
1 0.359863 0.502928 0.012695 0.024890
1 0.003418 0.500732 0.004883 0.008785
1 0.016602 0.499268 0.003906 0.005857
1 0.022949 0.511713 0.010742 0.036603
1 0.082520 0.497072 0.004883 0.007321
1 0.196289 0.510249 0.009766 0.030747
1 0.187012 0.500732 0.002930 0.005857
1 0.307617 0.500732 0.003906 0.005857
1 0.338867 0.500000 0.003906 0.004392
1 0.344238 0.501464 0.002930 0.004392
1 0.346191 0.503660 0.006836 0.023426
1 0.365723 0.497804 0.004883 0.008785
1 0.375977 0.500000 0.005859 0.010249
1 0.390625 0.497072 0.005859 0.010249
1 0.457520 0.497072 0.002930 0.004392
1 0.480957 0.505124 0.006836 0.023426
1 0.484863 0.505124 0.006836 0.023426
1 0.509277 0.505124 0.006836 0.026354
1 0.522949 0.524890 0.012695 0.060029
1 0.595215 0.491947 0.010742 0.017570
1 0.586426 0.519766 0.018555 0.064422
1 0.609375 0.499268 0.005859 0.008785
1 0.617676 0.501464 0.004883 0.007321
1 0.627441 0.494876 0.008789 0.014641
1 0.713867 0.494876 0.007812 0.011713
1 0.767090 0.501464 0.006836 0.010249
1 0.821289 0.499268 0.007812 0.011713
1 0.850098 0.499268 0.008789 0.011713
1 0.863281 0.504392 0.009766 0.016105
1 0.872559 0.501464 0.010742 0.019034
1 0.910645 0.502928 0.008789 0.016105
1 0.686035 0.491947 0.038086 0.067350
1 0.799805 0.488287 0.037109 0.057101
1 0.449707 0.497072 0.002930 0.004392
