1 0.124113 0.435106 0.066667 0.117021
1 0.244681 0.594681 0.075177 0.138298
1 0.431206 0.614894 0.073759 0.136170
1 0.200709 0.343617 0.063830 0.121277
1 0.328369 0.379787 0.060993 0.112766
1 0.317730 0.457447 0.068085 0.123404
1 0.469504 0.492553 0.059574 0.112766
1 0.566667 0.403191 0.060993 0.100000
1 0.636170 0.641489 0.055319 0.117021
1 0.602128 0.306383 0.058156 0.110638
1 0.706383 0.458511 0.065248 0.117021
1 0.717021 0.324468 0.060993 0.117021
1 0.800709 0.441489 0.055319 0.104255
1 0.919149 0.525532 0.065248 0.097872
