1 0.031500 0.418999 0.015000 0.022091
1 0.091000 0.402798 0.012000 0.022091
1 0.133500 0.413844 0.015000 0.023564
1 0.168000 0.413108 0.012000 0.022091
1 0.198500 0.398380 0.015000 0.025037
1 0.227000 0.406480 0.012000 0.020619
1 0.255000 0.393225 0.012000 0.020619
1 0.269000 0.393962 0.014000 0.025037
1 0.348000 0.422680 0.014000 0.020619
1 0.372500 0.421944 0.011000 0.019146
1 0.405000 0.439617 0.012000 0.019146
1 0.431000 0.438144 0.014000 0.019146
1 0.440500 0.424890 0.011000 0.019146
1 0.440500 0.410898 0.011000 0.014728
1 0.464500 0.440353 0.015000 0.023564
1 0.513500 0.398380 0.015000 0.025037
1 0.528500 0.407216 0.013000 0.022091
1 0.540500 0.405744 0.013000 0.022091
1 0.556500 0.408689 0.013000 0.022091
1 0.575500 0.413108 0.013000 0.022091
1 0.586000 0.404271 0.012000 0.019146
1 0.594000 0.389543 0.014000 0.025037
1 0.656000 0.416789 0.014000 0.020619
1 0.663000 0.417526 0.012000 0.025037
1 0.772500 0.511782 0.005000 0.007364
1 0.816500 0.421944 0.011000 0.022091
1 0.843000 0.458027 0.012000 0.020619
1 0.873000 0.399116 0.014000 0.023564
1 0.903500 0.429308 0.013000 0.019146
1 0.923500 0.419735 0.011000 0.023564
1 0.954000 0.414580 0.014000 0.025037
1 0.975500 0.416053 0.011000 0.019146
