1 0.175000 0.102500 0.030000 0.075000
1 0.208125 0.148750 0.031250 0.077500
1 0.270625 0.252500 0.026250 0.060000
1 0.350000 0.240000 0.030000 0.065000
1 0.046875 0.330000 0.028750 0.070000
1 0.337500 0.178750 0.027500 0.067500
1 0.055625 0.020000 0.023750 0.040000
1 0.014375 0.230000 0.028750 0.070000
1 0.493125 0.253750 0.073750 0.247500
1 0.444375 0.123750 0.026250 0.052500
1 0.413750 0.191250 0.025000 0.062500
1 0.562500 0.320000 0.025000 0.055000
1 0.585625 0.278750 0.023750 0.057500
1 0.623125 0.213750 0.048750 0.232500
1 0.588125 0.228750 0.023750 0.057500
1 0.462500 0.322500 0.027500 0.060000
1 0.208750 0.432500 0.030000 0.080000
1 0.210000 0.363750 0.032500 0.062500
1 0.030625 0.623750 0.061250 0.147500
1 0.680625 0.135000 0.026250 0.055000
1 0.673125 0.326250 0.056250 0.267500
1 0.708750 0.295000 0.022500 0.050000
1 0.729375 0.237500 0.031250 0.070000
1 0.378750 0.685000 0.037500 0.100000
1 0.797500 0.228750 0.062500 0.212500
1 0.805625 0.096250 0.021250 0.057500
1 0.855000 0.166250 0.015000 0.042500
1 0.871875 0.108750 0.018750 0.047500
1 0.894375 0.427500 0.026250 0.065000
1 0.830000 0.382500 0.022500 0.055000
1 0.888750 0.312500 0.027500 0.065000
1 0.968125 0.521250 0.026250 0.067500
1 0.926875 0.755000 0.036250 0.085000
1 0.975625 0.618750 0.033750 0.072500
1 0.983125 0.712500 0.033750 0.095000
1 0.958125 0.321250 0.023750 0.057500
1 0.166875 0.405000 0.076250 0.175000
1 0.303750 0.383750 0.070000 0.172500
1 0.447500 0.423750 0.072500 0.167500
1 0.568750 0.426250 0.082500 0.162500
1 0.716875 0.480000 0.073750 0.165000
1 0.855625 0.482500 0.071250 0.175000
1 0.565625 0.120000 0.028750 0.075000
1 0.020625 0.445000 0.041250 0.375000
1 0.344375 0.812500 0.046250 0.240000
1 0.916875 0.622500 0.028750 0.065000
1 0.199375 0.690000 0.036250 0.080000
