1 0.037827 0.525879 0.028886 0.024414
1 0.011692 0.541504 0.023384 0.020508
1 0.112105 0.554688 0.045392 0.041016
1 0.233838 0.544922 0.044017 0.039062
1 0.255158 0.520996 0.045392 0.038086
1 0.328061 0.535156 0.026135 0.023438
1 0.347318 0.543945 0.020633 0.037109
1 0.380330 0.530273 0.009629 0.007812
1 0.746217 0.559570 0.034388 0.029297
1 0.729711 0.538574 0.012380 0.010742
1 0.766162 0.518066 0.013755 0.010742
1 0.798487 0.522461 0.012380 0.011719
1 0.858322 0.548828 0.033012 0.031250
1 0.926410 0.545898 0.045392 0.035156
1 0.965612 0.530273 0.024759 0.019531
1 0.836314 0.520508 0.011004 0.007812
1 0.784044 0.526855 0.016506 0.030273
