1 0.234970 0.731618 0.009821 0.025000
1 0.308036 0.714338 0.005952 0.016912
1 0.277232 0.628676 0.006250 0.016176
1 0.351339 0.728676 0.012202 0.036765
1 0.418155 0.643750 0.005357 0.016912
1 0.374256 0.583824 0.003869 0.011765
1 0.434226 0.717279 0.005357 0.015441
1 0.472321 0.720956 0.005952 0.016912
1 0.508929 0.637868 0.005357 0.016912
1 0.538244 0.739706 0.008631 0.026471
1 0.488542 0.703676 0.006250 0.017647
1 0.547917 0.735662 0.007738 0.024265
1 0.540923 0.714706 0.008036 0.022059
1 0.592857 0.710294 0.005952 0.016176
1 0.608929 0.717279 0.006548 0.016912
1 0.692708 0.727206 0.006250 0.017647
1 0.688095 0.716544 0.005952 0.019853
1 0.714435 0.717279 0.006845 0.018382
1 0.725446 0.710294 0.005655 0.016176
1 0.736012 0.738971 0.004762 0.013235
1 0.748214 0.718382 0.007143 0.017647
1 0.769494 0.710662 0.006845 0.018382
1 0.784673 0.751838 0.009821 0.030147
1 0.825595 0.766176 0.011310 0.033824
1 0.777827 0.679044 0.005655 0.012500
1 0.778423 0.702206 0.008036 0.020588
1 0.843750 0.717279 0.006548 0.021324
1 0.798661 0.725368 0.006845 0.018382
1 0.812202 0.718750 0.007738 0.018382
1 0.823958 0.713971 0.005655 0.016176
1 0.862202 0.750368 0.008333 0.013971
1 0.905655 0.716544 0.007143 0.016912
1 0.900893 0.661029 0.007143 0.017647
1 0.920089 0.659926 0.006250 0.016912
1 0.913988 0.675735 0.005952 0.014706
1 0.665327 0.558824 0.004464 0.013235
1 0.675893 0.555147 0.005357 0.011765
1 0.705952 0.589338 0.003571 0.009559
1 0.585714 0.555882 0.004762 0.011765
1 0.605060 0.705147 0.006548 0.019118
1 0.585714 0.619118 0.004762 0.013235
1 0.600298 0.648162 0.004762 0.013971
1 0.605804 0.684559 0.005655 0.014706
1 0.381250 0.578309 0.004167 0.013971
1 0.259226 0.616912 0.003571 0.011765
1 0.267708 0.613235 0.004464 0.011765
1 0.196726 0.603676 0.004762 0.011765
1 0.122917 0.740441 0.008929 0.025000
1 0.105208 0.730882 0.010417 0.026471
1 0.032738 0.750368 0.009524 0.025735
1 0.058333 0.720221 0.008333 0.024265
1 0.083780 0.740074 0.009821 0.030147
1 0.070238 0.740441 0.007738 0.017647
1 0.097768 0.716544 0.008631 0.022794
1 0.023661 0.680147 0.006250 0.013235
1 0.044494 0.682721 0.006250 0.015441
1 0.134821 0.631618 0.005952 0.014706
1 0.145387 0.599265 0.005655 0.014706
1 0.157738 0.621691 0.004762 0.012500
1 0.316369 0.545956 0.004167 0.012500
1 0.309524 0.574632 0.003571 0.009559
1 0.317857 0.580147 0.002381 0.007353
1 0.435119 0.572426 0.005357 0.013971
1 0.403423 0.552574 0.003274 0.011029
1 0.399554 0.571324 0.003869 0.011765
1 0.429762 0.568382 0.003571 0.008824
1 0.458036 0.556985 0.002976 0.008088
1 0.465476 0.560662 0.003571 0.009559
1 0.482589 0.581618 0.003274 0.010294
1 0.490923 0.552941 0.003869 0.013235
1 0.535268 0.556250 0.003274 0.006618
1 0.536607 0.554779 0.002976 0.008088
1 0.838542 0.639706 0.003869 0.010294
1 0.489583 0.639338 0.005952 0.019853
1 0.493452 0.636765 0.005357 0.017647
