1 0.659635 0.276389 0.115104 0.210185
1 0.488021 0.266667 0.083333 0.161111
1 0.235417 0.269907 0.066667 0.115741
1 0.172135 0.266667 0.057813 0.096296
1 0.094531 0.337500 0.051562 0.091667
1 0.981510 0.334259 0.036979 0.085185
1 0.907292 0.362500 0.016667 0.032407
1 0.826302 0.493981 0.014063 0.032407
1 0.771875 0.488889 0.015625 0.031481
1 0.741146 0.481019 0.017708 0.036111
1 0.730729 0.423148 0.016667 0.033333
1 0.751563 0.392593 0.015625 0.035185
1 0.767969 0.390278 0.017188 0.034259
1 0.795312 0.405093 0.016667 0.030556
1 0.804167 0.421296 0.012500 0.033333
1 0.825521 0.381019 0.015625 0.034259
1 0.803125 0.473611 0.016667 0.032407
1 0.828646 0.473148 0.016667 0.035185
1 0.868490 0.469444 0.017188 0.038889
1 0.930208 0.353241 0.016667 0.037963
1 0.855990 0.377315 0.013021 0.026852
1 0.875000 0.367130 0.015625 0.032407
1 0.734635 0.342130 0.017188 0.037963
1 0.700260 0.361111 0.018229 0.038889
1 0.606250 0.345833 0.021875 0.043519
1 0.565885 0.360185 0.016146 0.031481
1 0.719271 0.381481 0.016667 0.037037
1 0.337240 0.335185 0.034896 0.059259
1 0.469531 0.309259 0.069271 0.116667
