1 0.012308 0.717166 0.004615 0.005171
1 0.021538 0.729059 0.010769 0.037229
1 0.017308 0.723888 0.003846 0.006205
1 0.028462 0.726474 0.006154 0.007239
1 0.034615 0.726991 0.007692 0.033092
1 0.040000 0.726474 0.009231 0.036194
1 0.067308 0.731644 0.006923 0.007239
1 0.080385 0.734230 0.005385 0.008273
1 0.096154 0.729576 0.007692 0.011375
1 0.096154 0.728542 0.006154 0.009307
1 0.011538 0.754395 0.010769 0.013444
1 0.021923 0.785936 0.011538 0.016546
1 0.053846 0.764736 0.013846 0.019648
1 0.196538 0.753361 0.006923 0.009307
1 0.212692 0.732161 0.006923 0.010341
1 0.229615 0.754912 0.006923 0.008273
1 0.253077 0.744054 0.004615 0.007239
1 0.158462 0.805584 0.012308 0.018614
1 0.193462 0.824716 0.013077 0.021717
1 0.233462 0.857808 0.026923 0.034126
1 0.290769 0.863495 0.024615 0.033092
1 0.279615 0.780765 0.010000 0.014478
1 0.318846 0.782834 0.011538 0.018614
1 0.318462 0.770941 0.012308 0.019648
1 0.339231 0.746639 0.009231 0.012410
1 0.346538 0.754395 0.006923 0.009307
1 0.375000 0.772492 0.016154 0.024819
1 0.506923 0.748190 0.012308 0.017580
1 0.569231 0.741468 0.007692 0.010341
1 0.615769 0.754395 0.008462 0.011375
1 0.551538 0.783351 0.012308 0.019648
1 0.581538 0.764736 0.010769 0.015512
1 0.595769 0.786453 0.011538 0.017580
1 0.550385 0.887280 0.034615 0.047570
1 0.631923 0.821613 0.014615 0.021717
1 0.662692 0.823164 0.013077 0.022751
1 0.675385 0.822647 0.015385 0.019648
1 0.630385 0.865047 0.026923 0.038263
1 0.660769 0.774560 0.012308 0.020683
1 0.693077 0.760600 0.009231 0.015512
1 0.713846 0.816443 0.016923 0.027921
1 0.729231 0.774043 0.009231 0.013444
1 0.750385 0.734230 0.005385 0.008273
1 0.757308 0.760600 0.011538 0.052740
1 0.753846 0.740951 0.007692 0.011375
1 0.772692 0.717684 0.006923 0.008273
1 0.771538 0.739917 0.006154 0.007239
1 0.798077 0.732161 0.005385 0.008273
1 0.773846 0.780765 0.007692 0.010341
1 0.779615 0.804033 0.017692 0.025853
1 0.791538 0.832472 0.024615 0.074457
1 0.817692 0.816960 0.012308 0.018614
1 0.858462 0.765770 0.007692 0.011375
1 0.865000 0.794209 0.016154 0.022751
1 0.881154 0.760083 0.011538 0.014478
1 0.897308 0.755429 0.010000 0.013444
1 0.964615 0.793692 0.013846 0.019648
1 0.971923 0.751293 0.017692 0.048604
1 0.992308 0.723371 0.006154 0.007239
1 0.925385 0.719752 0.004615 0.006205
