1 0.869629 0.478770 0.038086 0.058565
1 0.789062 0.461933 0.037109 0.062958
1 0.759277 0.415813 0.024414 0.049780
1 0.762207 0.366764 0.026367 0.051245
1 0.712402 0.486823 0.030273 0.057101
1 0.708008 0.366764 0.025391 0.048316
1 0.647461 0.384334 0.025391 0.051245
1 0.664551 0.444363 0.028320 0.051245
1 0.580078 0.389458 0.023438 0.046852
1 0.604492 0.382870 0.027344 0.048316
1 0.648438 0.488287 0.031250 0.060029
1 0.575684 0.510249 0.030273 0.060029
1 0.537109 0.397511 0.023438 0.039531
1 0.495117 0.390922 0.021484 0.043924
1 0.462891 0.423865 0.023438 0.039531
1 0.516602 0.526354 0.029297 0.057101
1 0.442871 0.493411 0.028320 0.049780
1 0.420898 0.415081 0.025391 0.048316
1 0.392090 0.494876 0.028320 0.052709
1 0.382324 0.404832 0.026367 0.045388
1 0.359375 0.461933 0.027344 0.057101
1 0.336914 0.396779 0.027344 0.049780
1 0.327148 0.497804 0.033203 0.058565
1 0.290039 0.400439 0.027344 0.045388
1 0.264648 0.431918 0.031250 0.055637
1 0.268066 0.508053 0.028320 0.049780
1 0.236816 0.377745 0.024414 0.046852
1 0.204590 0.520498 0.030273 0.054173
1 0.195801 0.409224 0.028320 0.051245
1 0.199219 0.455344 0.027344 0.049780
1 0.139648 0.467057 0.031250 0.058565
1 0.139160 0.501464 0.034180 0.060029
