1 0.074479 0.898148 0.026042 0.045370
1 0.115365 0.851852 0.023958 0.041667
1 0.166276 0.913889 0.026823 0.045370
1 0.202734 0.878472 0.018490 0.041204
1 0.008854 0.800231 0.017708 0.033796
1 0.037500 0.815741 0.013542 0.025000
1 0.040885 0.769213 0.012500 0.027315
1 0.063151 0.733796 0.009115 0.018519
1 0.099349 0.796296 0.016927 0.026852
1 0.111979 0.766435 0.018229 0.033796
1 0.102344 0.709722 0.010417 0.025926
1 0.124740 0.709259 0.010417 0.024074
1 0.110417 0.681944 0.009896 0.019444
1 0.180599 0.693287 0.008594 0.016204
1 0.180208 0.661343 0.007292 0.017130
1 0.156641 0.845602 0.022656 0.036574
1 0.197526 0.828241 0.019010 0.034259
1 0.238411 0.802778 0.017969 0.035185
1 0.255859 0.788657 0.015365 0.028241
1 0.294531 0.770370 0.012500 0.022222
1 0.291406 0.773148 0.011458 0.021296
1 0.306901 0.752778 0.013281 0.022222
1 0.319531 0.742130 0.011458 0.024074
1 0.406641 0.656481 0.005469 0.013889
1 0.386979 0.648611 0.006250 0.011111
1 0.379688 0.657407 0.006250 0.014815
1 0.686198 0.703009 0.007812 0.017130
1 0.469531 0.629630 0.004167 0.009259
1 0.454427 0.627083 0.004687 0.008796
1 0.491406 0.592593 0.003125 0.005556
1 0.486589 0.591667 0.002344 0.004630
1 0.963021 0.688889 0.006771 0.013889
1 0.954948 0.658102 0.006250 0.011574
1 0.918880 0.665046 0.005990 0.012500
1 0.907422 0.658796 0.005469 0.011111
1 0.894271 0.661343 0.005729 0.009722
1 0.878125 0.648611 0.004687 0.009259
1 0.853776 0.643056 0.003906 0.010185
1 0.161458 0.669907 0.008854 0.017593
1 0.255729 0.788194 0.014583 0.028241
1 0.939063 0.673843 0.006250 0.012500
