1 0.769141 0.855729 0.014844 0.021875
1 0.289453 0.716667 0.017969 0.020833
1 0.188281 0.683854 0.017188 0.026042
1 0.115234 0.654687 0.019531 0.030208
1 0.491016 0.750521 0.011719 0.017708
1 0.461328 0.753646 0.013281 0.019792
1 0.060547 0.594792 0.014844 0.027083
1 0.046875 0.605208 0.017188 0.027083
1 0.095312 0.589063 0.018750 0.028125
1 0.148438 0.696354 0.018750 0.030208
1 0.111328 0.595833 0.014844 0.027083
1 0.117578 0.586458 0.016406 0.027083
1 0.023828 0.650000 0.013281 0.018750
1 0.128125 0.596354 0.015625 0.026042
1 0.222266 0.684896 0.010156 0.013542
1 0.239453 0.677604 0.011719 0.015625
1 0.340625 0.713021 0.010937 0.015625
1 0.284375 0.699479 0.009375 0.013542
1 0.307812 0.731250 0.007812 0.012500
1 0.323437 0.719271 0.009375 0.009375
1 0.419141 0.717708 0.010156 0.016667
1 0.473438 0.710938 0.009375 0.013542
1 0.495312 0.708854 0.009375 0.013542
1 0.487500 0.710938 0.009375 0.013542
1 0.457031 0.686458 0.006250 0.008333
1 0.478125 0.680729 0.006250 0.007292
1 0.968359 0.793229 0.007031 0.009375
1 0.828516 0.754687 0.005469 0.007292
1 0.710156 0.733333 0.004687 0.008333
1 0.663281 0.728125 0.006250 0.008333
1 0.595313 0.712500 0.006250 0.008333
1 0.608203 0.714583 0.007031 0.010417
1 0.631641 0.719792 0.005469 0.008333
1 0.613672 0.715625 0.005469 0.008333
1 0.585156 0.708333 0.004687 0.008333
1 0.586328 0.695312 0.007031 0.009375
1 0.595313 0.711979 0.006250 0.009375
1 0.646094 0.728646 0.006250 0.007292
1 0.547656 0.695833 0.006250 0.008333
1 0.541016 0.680208 0.005469 0.008333
1 0.570312 0.701042 0.004687 0.006250
1 0.554688 0.689063 0.004687 0.007292
1 0.557031 0.698438 0.004687 0.007292
1 0.479297 0.623437 0.005469 0.007292
1 0.486719 0.630208 0.004687 0.006250
1 0.496094 0.636458 0.004687 0.006250
1 0.505469 0.642188 0.004687 0.007292
1 0.192578 0.596354 0.003906 0.005208
1 0.189062 0.598958 0.003125 0.004167
1 0.161328 0.600000 0.003906 0.004167
1 0.170703 0.597396 0.003906 0.005208
1 0.179688 0.603646 0.006250 0.028125
1 0.171875 0.606771 0.009375 0.032292
1 0.144531 0.609375 0.009375 0.031250
1 0.654297 0.744792 0.011719 0.045833
1 0.630859 0.719792 0.007031 0.008333
1 0.633984 0.733854 0.005469 0.007292
1 0.635156 0.731250 0.004687 0.008333
