1 0.111875 0.473435 0.011250 0.051233
1 0.128750 0.471537 0.010000 0.047438
1 0.160625 0.457306 0.003750 0.007590
1 0.326250 0.464896 0.005000 0.007590
1 0.333750 0.471537 0.007500 0.009488
1 0.255000 0.487666 0.005000 0.007590
1 0.223125 0.513283 0.006250 0.009488
1 0.230625 0.533207 0.006250 0.011385
1 0.245625 0.527514 0.006250 0.011385
1 0.278125 0.520873 0.006250 0.009488
1 0.291875 0.539848 0.018750 0.066414
1 0.316875 0.512334 0.013750 0.049336
1 0.281250 0.488615 0.005000 0.005693
1 0.211875 0.537002 0.006250 0.011385
1 0.197500 0.550285 0.007500 0.011385
1 0.191875 0.530361 0.006250 0.009488
1 0.175625 0.545541 0.008750 0.013283
1 0.164375 0.540797 0.008750 0.015180
1 0.142500 0.531309 0.007500 0.011385
1 0.065000 0.557875 0.007500 0.015180
1 0.082500 0.567362 0.007500 0.011385
1 0.087500 0.546490 0.007500 0.011385
1 0.100625 0.538899 0.006250 0.011385
1 0.114375 0.531309 0.006250 0.011385
1 0.112500 0.544592 0.005000 0.011385
1 0.120625 0.539848 0.008750 0.013283
1 0.156250 0.564516 0.007500 0.013283
1 0.140000 0.556926 0.007500 0.013283
1 0.228125 0.496205 0.006250 0.009488
1 0.083750 0.610057 0.007500 0.013283
1 0.136875 0.654649 0.016250 0.064516
1 0.160000 0.615750 0.015000 0.028463
1 0.185625 0.609108 0.013750 0.026565
1 0.037500 0.617647 0.010000 0.017078
1 0.270625 0.617647 0.011250 0.024668
1 0.235000 0.632827 0.017500 0.028463
1 0.221250 0.619545 0.015000 0.024668
1 0.203125 0.628083 0.016250 0.030361
1 0.159375 0.707780 0.018750 0.034156
1 0.300000 0.657495 0.022500 0.032258
1 0.316250 0.624288 0.017500 0.026565
1 0.328750 0.633776 0.017500 0.030361
1 0.343750 0.617647 0.017500 0.024668
1 0.124375 0.639469 0.016250 0.026565
1 0.123750 0.673624 0.017500 0.034156
1 0.099375 0.677419 0.018750 0.030361
1 0.106250 0.704934 0.037500 0.062619
1 0.034375 0.768501 0.056250 0.102467
1 0.181875 0.843454 0.036250 0.055028
1 0.223125 0.853890 0.046250 0.072106
1 0.278750 0.811195 0.025000 0.043643
1 0.296250 0.905123 0.022500 0.049336
1 0.261875 0.916509 0.048750 0.087287
1 0.324375 0.907970 0.041250 0.081594
1 0.391250 0.870968 0.032500 0.053131
1 0.316875 0.843454 0.036250 0.055028
1 0.424375 0.841556 0.038750 0.070209
1 0.482500 0.817837 0.042500 0.087287
1 0.644375 0.842505 0.041250 0.068311
1 0.701250 0.797913 0.040000 0.077799
1 0.775625 0.828273 0.041250 0.089184
1 0.487500 0.717268 0.037500 0.068311
1 0.581875 0.798861 0.036250 0.056926
1 0.428125 0.621442 0.016250 0.024668
1 0.418125 0.734345 0.016250 0.030361
1 0.396875 0.747628 0.018750 0.034156
1 0.374375 0.743833 0.018750 0.030361
1 0.357500 0.656546 0.020000 0.030361
1 0.388750 0.638520 0.020000 0.032258
1 0.442500 0.666983 0.015000 0.028463
1 0.418125 0.731499 0.023750 0.153700
1 0.395625 0.752372 0.021250 0.039848
1 0.460625 0.666983 0.016250 0.024668
1 0.493125 0.645161 0.016250 0.030361
1 0.522500 0.629981 0.015000 0.030361
1 0.544375 0.722960 0.016250 0.030361
1 0.579375 0.714421 0.018750 0.032258
1 0.533125 0.670778 0.018750 0.028463
1 0.563750 0.614801 0.015000 0.030361
1 0.568125 0.629981 0.013750 0.022770
1 0.568750 0.672676 0.017500 0.028463
1 0.607500 0.624288 0.017500 0.026565
1 0.601875 0.650854 0.018750 0.026565
1 0.636875 0.663188 0.016250 0.028463
1 0.659375 0.633776 0.016250 0.026565
1 0.651875 0.620493 0.016250 0.030361
1 0.678750 0.607211 0.015000 0.022770
1 0.692500 0.639469 0.017500 0.022770
1 0.833125 0.842505 0.043750 0.072106
1 0.871875 0.793169 0.038750 0.075901
1 0.977500 0.881404 0.045000 0.085389
1 0.945625 0.808349 0.041250 0.060721
1 0.920000 0.730550 0.037500 0.056926
1 0.840625 0.738140 0.038750 0.072106
1 0.744375 0.738140 0.036250 0.064516
1 0.796875 0.724858 0.033750 0.045541
1 0.984375 0.745731 0.031250 0.072106
1 0.760000 0.603416 0.017500 0.026565
1 0.773750 0.601518 0.012500 0.022770
1 0.802500 0.606262 0.015000 0.028463
1 0.826250 0.605313 0.015000 0.026565
1 0.835000 0.599620 0.010000 0.015180
1 0.866250 0.654649 0.015000 0.022770
1 0.910625 0.657495 0.021250 0.036053
1 0.927500 0.618596 0.020000 0.034156
1 0.948750 0.613852 0.015000 0.028463
1 0.870000 0.608159 0.015000 0.028463
1 0.885625 0.629032 0.016250 0.024668
1 0.905625 0.613852 0.018750 0.028463
1 0.898750 0.685958 0.032500 0.199241
1 0.869375 0.541746 0.006250 0.009488
1 0.855000 0.538899 0.007500 0.011385
1 0.849375 0.546490 0.006250 0.011385
1 0.810625 0.532258 0.006250 0.009488
1 0.821875 0.509488 0.006250 0.009488
1 0.827500 0.515180 0.005000 0.009488
1 0.031250 0.642315 0.010000 0.017078
1 0.033125 0.674573 0.011250 0.017078
1 0.046250 0.670778 0.010000 0.017078
1 0.006250 0.642315 0.012500 0.020873
1 0.011875 0.649905 0.011250 0.017078
1 0.918125 0.564516 0.006250 0.009488
1 0.906875 0.563567 0.006250 0.011385
1 0.906875 0.561670 0.003750 0.007590
1 0.895625 0.566414 0.006250 0.009488
1 0.965000 0.553131 0.010000 0.013283
1 0.939375 0.559772 0.008750 0.011385
1 0.774375 0.488615 0.006250 0.009488
1 0.986875 0.538899 0.006250 0.011385
1 0.958750 0.530361 0.007500 0.013283
1 0.707500 0.492410 0.012500 0.051233
1 0.700000 0.474383 0.005000 0.007590
1 0.686875 0.467742 0.003750 0.005693
1 0.681250 0.476281 0.010000 0.030361
1 0.729375 0.447818 0.003750 0.007590
1 0.720625 0.450664 0.006250 0.009488
1 0.732500 0.481973 0.005000 0.007590
1 0.819375 0.486717 0.008750 0.013283
1 0.794375 0.481973 0.006250 0.011385
1 0.804375 0.494307 0.006250 0.009488
1 0.696250 0.461101 0.010000 0.041746
1 0.689375 0.464896 0.011250 0.049336
1 0.681875 0.458254 0.008750 0.043643
1 0.186875 0.528463 0.013750 0.058824
1 0.197500 0.534156 0.017500 0.077799
1 0.064375 0.420304 0.008750 0.028463
1 0.658125 0.467742 0.013750 0.043643
1 0.616250 0.722960 0.017500 0.034156
1 0.648750 0.736243 0.020000 0.034156
1 0.689375 0.767552 0.021250 0.039848
1 0.181875 0.557875 0.013750 0.060721
1 0.004375 0.612903 0.008750 0.015180
1 0.010625 0.648956 0.011250 0.018975
1 0.013750 0.629981 0.010000 0.015180
1 0.231250 0.722960 0.025000 0.041746
