1 0.962917 0.722187 0.024167 0.019375
1 0.981667 0.717812 0.021667 0.018125
1 0.895000 0.720000 0.021667 0.017500
1 0.899583 0.716250 0.024167 0.020000
1 0.878333 0.693438 0.015000 0.010625
1 0.821250 0.698438 0.014167 0.011875
1 0.805000 0.696250 0.008333 0.007500
1 0.572917 0.705937 0.014167 0.011875
1 0.540417 0.703125 0.017500 0.015000
1 0.521250 0.720000 0.015833 0.012500
1 0.492500 0.704063 0.023333 0.021875
1 0.462917 0.725313 0.025833 0.023125
1 0.439167 0.710313 0.020000 0.020625
1 0.409583 0.721250 0.035833 0.028750
1 0.424167 0.740938 0.041667 0.039375
1 0.319167 0.730625 0.031667 0.022500
1 0.122500 0.725313 0.028333 0.019375
1 0.171667 0.726250 0.028333 0.021250
1 0.214167 0.769375 0.093333 0.090000
1 0.269167 0.728750 0.045000 0.040000
