1 0.084043 0.444245 0.030209 0.028058
1 0.269946 0.296763 0.019365 0.019424
1 0.200620 0.118345 0.021689 0.023741
1 0.283501 0.110072 0.020139 0.020144
1 0.477924 0.242446 0.020139 0.018705
1 0.462045 0.220144 0.019365 0.018705
1 0.462820 0.234173 0.019365 0.019424
1 0.475988 0.211871 0.019365 0.019424
1 0.516654 0.229496 0.015492 0.017266
1 0.508133 0.234532 0.018590 0.017266
1 0.503873 0.255755 0.016266 0.020863
1 0.389233 0.451079 0.034857 0.034532
1 0.261038 0.639568 0.048025 0.047482
1 0.332688 0.664388 0.050349 0.049640
1 0.479473 0.588849 0.041828 0.046763
1 0.530984 0.614029 0.037955 0.042446
1 0.554996 0.467626 0.034857 0.033094
1 0.670411 0.469065 0.037955 0.038849
1 0.701782 0.495683 0.035631 0.040288
1 0.668087 0.520504 0.034857 0.041007
1 0.733540 0.438849 0.030984 0.031655
1 0.783501 0.542086 0.034857 0.043885
1 0.799768 0.414029 0.030209 0.030935
1 0.979473 0.464388 0.031758 0.029496
