1 0.108318 0.414106 0.070384 0.135475
1 0.402194 0.071229 0.054845 0.106145
1 0.317185 0.107542 0.053016 0.114525
1 0.407678 0.154330 0.056673 0.104749
1 0.494516 0.131983 0.056673 0.101955
1 0.575411 0.188547 0.061243 0.122905
1 0.665448 0.144553 0.056673 0.115922
1 0.437386 0.233939 0.063071 0.113128
1 0.330896 0.227654 0.060329 0.128492
1 0.542048 0.303073 0.062157 0.125698
1 0.624314 0.229749 0.062157 0.132682
1 0.267824 0.381285 0.065814 0.131285
1 0.356947 0.423184 0.072212 0.142458
1 0.511883 0.432961 0.071298 0.131285
1 0.709324 0.480447 0.067642 0.136872
1 0.813985 0.358240 0.068556 0.141061
1 0.907221 0.453212 0.079525 0.152235
