1 0.006250 0.731944 0.012500 0.025000
1 0.017969 0.720833 0.009896 0.019444
1 0.039844 0.722685 0.009896 0.017593
1 0.041146 0.720833 0.010417 0.015741
1 0.084896 0.718519 0.009375 0.014815
1 0.100781 0.725926 0.007812 0.014815
1 0.121354 0.736111 0.007292 0.014815
1 0.189323 0.736574 0.007812 0.012037
1 0.207031 0.738889 0.008854 0.018519
1 0.217188 0.725463 0.007292 0.015741
1 0.296354 0.712500 0.015625 0.032407
1 0.309635 0.718519 0.011979 0.024074
1 0.321354 0.722222 0.007292 0.016667
1 0.321615 0.729630 0.007812 0.014815
1 0.342448 0.728241 0.007812 0.015741
1 0.348438 0.745370 0.004167 0.007407
1 0.344271 0.727315 0.006250 0.012037
1 0.346615 0.718056 0.005729 0.012037
1 0.361198 0.745370 0.006771 0.011111
1 0.364323 0.725463 0.006771 0.013889
1 0.376563 0.718981 0.012500 0.023148
1 0.398698 0.718981 0.009896 0.021296
1 0.386719 0.726852 0.005729 0.009259
1 0.410677 0.704167 0.011979 0.023148
1 0.423438 0.723611 0.007292 0.015741
1 0.437240 0.716204 0.010937 0.021296
1 0.438802 0.723148 0.009896 0.020370
1 0.455729 0.724074 0.006250 0.012963
1 0.446354 0.724537 0.007292 0.013889
1 0.466146 0.725926 0.008333 0.012963
1 0.478385 0.717130 0.006771 0.012037
1 0.492448 0.753704 0.016146 0.070370
1 0.503125 0.728704 0.004167 0.009259
1 0.505990 0.718981 0.004687 0.008333
1 0.522917 0.723611 0.006250 0.013889
1 0.526042 0.718519 0.006250 0.014815
1 0.541146 0.706481 0.010417 0.020370
1 0.543490 0.731019 0.005729 0.012037
1 0.582031 0.711111 0.007812 0.014815
1 0.587240 0.713889 0.005729 0.012963
1 0.607292 0.714352 0.008333 0.015741
1 0.626563 0.720833 0.006250 0.012037
1 0.639062 0.725926 0.007292 0.014815
1 0.639062 0.726389 0.007292 0.015741
1 0.666146 0.728704 0.010417 0.020370
1 0.689323 0.706944 0.009896 0.019444
1 0.713021 0.725463 0.006250 0.012037
1 0.726562 0.711111 0.011458 0.020370
1 0.776563 0.720370 0.011458 0.022222
1 0.816667 0.739352 0.027083 0.162037
1 0.833594 0.737037 0.032813 0.170370
1 0.815625 0.701852 0.011458 0.025926
1 0.831250 0.718056 0.010417 0.017593
1 0.843750 0.718056 0.011458 0.026852
1 0.861458 0.713426 0.012500 0.021296
1 0.879427 0.711574 0.013021 0.028704
