1 0.587692 0.314854 0.012308 0.023013
1 0.558846 0.558054 0.016154 0.026151
1 0.882308 0.592573 0.038462 0.057531
1 0.951154 0.539749 0.033077 0.043933
1 0.986154 0.514121 0.027692 0.061715
1 0.889231 0.307008 0.012308 0.019874
1 0.750000 0.548117 0.036923 0.050209
1 0.682692 0.572699 0.053077 0.076360
1 0.665000 0.554916 0.037692 0.055439
1 0.534231 0.585774 0.031538 0.046025
1 0.436154 0.581590 0.035385 0.056485
1 0.409231 0.580021 0.030769 0.055439
1 0.358077 0.570084 0.043846 0.071130
1 0.310769 0.556485 0.035385 0.048117
1 0.228462 0.567992 0.038462 0.052301
1 0.182692 0.597280 0.030000 0.046025
1 0.136923 0.627092 0.043077 0.055439
1 0.036538 0.666841 0.040769 0.067992
