1 0.049896 0.461838 0.016632 0.029595
1 0.110187 0.459502 0.016632 0.024922
1 0.151767 0.468069 0.016632 0.029595
1 0.160603 0.462617 0.017672 0.028037
1 0.239605 0.471963 0.011435 0.018692
1 0.272349 0.467290 0.012474 0.018692
1 0.256237 0.549065 0.015593 0.026480
1 0.214137 0.449377 0.039501 0.073209
1 0.338877 0.477414 0.014553 0.026480
1 0.403846 0.457944 0.038462 0.071651
1 0.489605 0.472741 0.014553 0.029595
1 0.551975 0.517913 0.029106 0.048287
1 0.663202 0.475078 0.018711 0.040498
1 0.684511 0.474299 0.019751 0.035826
1 0.737006 0.489097 0.018711 0.034268
1 0.763514 0.501558 0.009356 0.015576
1 0.803534 0.466511 0.020790 0.035826
1 0.807173 0.507009 0.032225 0.054517
1 0.829002 0.500779 0.040541 0.066978
1 0.893451 0.472741 0.030146 0.045171
1 0.137214 0.471963 0.037422 0.056075
