1 0.071354 0.789734 0.070833 0.133080
1 0.131771 0.802281 0.055208 0.086692
1 0.091667 0.717871 0.064583 0.088213
1 0.052604 0.630798 0.060417 0.087452
1 0.005990 0.385932 0.011979 0.022053
1 0.058333 0.371483 0.010417 0.020532
1 0.178125 0.557414 0.043750 0.074525
1 0.226562 0.561977 0.058333 0.112548
1 0.269271 0.787452 0.069792 0.145247
1 0.383854 0.839924 0.081250 0.120913
1 0.448177 0.638023 0.065104 0.107985
1 0.298698 0.596198 0.064062 0.112548
1 0.207813 0.363498 0.029167 0.091255
1 0.475521 0.490875 0.055208 0.082890
1 0.493229 0.388213 0.056250 0.096578
1 0.569792 0.797338 0.055208 0.107224
1 0.670052 0.855513 0.068229 0.103422
1 0.738542 0.862738 0.084375 0.149810
1 0.704688 0.725856 0.058333 0.108745
1 0.716406 0.633840 0.054688 0.098099
1 0.638281 0.586692 0.051562 0.085932
1 0.898698 0.851711 0.074479 0.115589
1 0.971354 0.819011 0.057292 0.118631
1 0.902083 0.715970 0.053125 0.084411
