1 0.649615 0.677859 0.116154 0.193075
1 0.386923 0.636411 0.121538 0.202518
1 0.128077 0.705666 0.133077 0.173137
1 0.088846 0.621721 0.102308 0.147954
1 0.232308 0.719307 0.092308 0.145855
1 0.463846 0.633788 0.087692 0.163694
1 0.785769 0.603358 0.082308 0.132214
1 0.524615 0.629066 0.049231 0.080797
1 0.610000 0.592340 0.072308 0.110178
1 0.681923 0.561910 0.045385 0.064008
1 0.970000 0.611228 0.058462 0.074502
1 0.901923 0.583421 0.056154 0.086044
1 0.969231 0.562434 0.027692 0.037775
1 0.292308 0.554565 0.041538 0.055614
1 0.245385 0.661070 0.075385 0.100735
1 0.310769 0.619098 0.058462 0.094439
