1 0.005719 0.775711 0.009804 0.015317
1 0.021650 0.780088 0.010621 0.017505
1 0.016340 0.842451 0.019608 0.028446
1 0.025735 0.920131 0.033497 0.052516
1 0.080474 0.858862 0.051471 0.076586
1 0.101716 0.867615 0.017157 0.041575
1 0.163399 0.874179 0.027778 0.043764
1 0.058415 0.793764 0.013889 0.016411
1 0.098856 0.795952 0.016340 0.031729
1 0.148693 0.784464 0.017974 0.026258
1 0.116013 0.799781 0.009804 0.015317
1 0.167484 0.775164 0.011438 0.016411
1 0.185866 0.776258 0.008987 0.012035
1 0.198121 0.786105 0.012255 0.018600
1 0.219363 0.782823 0.013889 0.020788
1 0.241830 0.784464 0.014706 0.019694
1 0.272876 0.795952 0.011438 0.016411
1 0.290033 0.782823 0.011438 0.016411
1 0.127859 0.814551 0.008987 0.016411
1 0.121732 0.867615 0.026144 0.037199
1 0.285948 0.762582 0.011438 0.015317
1 0.292892 0.768600 0.008987 0.014223
1 0.337827 0.759300 0.008987 0.013129
1 0.361520 0.767505 0.010621 0.016411
1 0.384804 0.779540 0.009804 0.014223
1 0.407680 0.763676 0.009804 0.015317
1 0.415850 0.757112 0.009804 0.015317
1 0.444036 0.775164 0.012255 0.016411
1 0.367239 0.756018 0.008987 0.013129
1 0.479575 0.758753 0.006536 0.009847
1 0.502859 0.780088 0.015523 0.054705
1 0.488154 0.790481 0.008987 0.014223
1 0.497549 0.788840 0.008170 0.013129
1 0.533088 0.774070 0.008987 0.016411
1 0.547794 0.759847 0.010621 0.016411
1 0.570670 0.787199 0.018791 0.027352
1 0.579248 0.770788 0.011438 0.018600
1 0.600082 0.814551 0.022059 0.029540
1 0.609886 0.781729 0.015523 0.025164
1 0.610703 0.764770 0.012255 0.021882
1 0.629902 0.771335 0.009804 0.013129
1 0.665850 0.821663 0.021242 0.030635
1 0.673611 0.782823 0.017157 0.025164
1 0.748775 0.812910 0.022059 0.037199
1 0.735703 0.789387 0.017157 0.025164
1 0.776144 0.791028 0.017974 0.024070
1 0.666667 0.765317 0.011438 0.016411
1 0.700163 0.758753 0.011438 0.018600
1 0.808415 0.816193 0.012255 0.019694
1 0.809641 0.787746 0.011438 0.019694
1 0.855392 0.790481 0.011438 0.016411
1 0.755310 0.786652 0.013889 0.019694
1 0.640114 0.740700 0.012255 0.017505
1 0.730392 0.747265 0.017974 0.067834
1 0.953431 0.776805 0.016340 0.024070
1 0.972222 0.772976 0.011438 0.018600
1 0.980392 0.776805 0.009804 0.015317
1 0.051471 0.873632 0.017974 0.022976
1 0.145016 0.778446 0.010621 0.018600
1 0.129085 0.780635 0.008170 0.012035
1 0.441993 0.778446 0.011438 0.018600
