1 0.015455 0.831514 0.030909 0.069577
1 0.025909 0.820600 0.030000 0.045020
1 0.144091 0.890859 0.031818 0.054570
1 0.213636 0.847203 0.034545 0.060027
1 0.219091 0.785130 0.020000 0.039563
1 0.150000 0.822647 0.036364 0.057299
1 0.113182 0.804911 0.022727 0.027285
1 0.112273 0.800819 0.022727 0.032742
1 0.102273 0.739427 0.006364 0.010914
1 0.286364 0.715553 0.018182 0.031378
1 0.336818 0.710095 0.015455 0.025921
1 0.320000 0.780355 0.023636 0.046385
1 0.421818 0.766712 0.020000 0.043656
1 0.495909 0.766712 0.020909 0.038199
1 0.549091 0.749659 0.021818 0.039563
1 0.735909 0.735334 0.017273 0.030014
1 0.776364 0.811050 0.027273 0.045020
1 0.808636 0.816508 0.026364 0.047749
1 0.842727 0.811050 0.023636 0.039563
1 0.596364 0.699864 0.012727 0.019100
1 0.573182 0.695771 0.011818 0.019100
1 0.515909 0.725784 0.013636 0.030014
1 0.456364 0.738745 0.014545 0.031378
1 0.458636 0.696453 0.010000 0.020464
1 0.424091 0.697817 0.010000 0.017735
1 0.448182 0.678035 0.009091 0.016371
1 0.502727 0.655525 0.005455 0.012278
1 0.515455 0.671214 0.007273 0.010914
1 0.545455 0.663029 0.007273 0.010914
1 0.566818 0.663711 0.006364 0.009550
1 0.587727 0.657572 0.006364 0.010914
1 0.480455 0.656889 0.006364 0.009550
1 0.550909 0.659618 0.005455 0.009550
1 0.145455 0.890177 0.034545 0.058663
