1 0.136154 0.609700 0.060000 0.124711
1 0.080769 0.516166 0.069231 0.108545
1 0.339231 0.575058 0.066154 0.101617
1 0.316154 0.593533 0.035385 0.060046
1 0.282308 0.553118 0.053846 0.085450
1 0.269231 0.531178 0.049231 0.078522
1 0.373077 0.566975 0.041538 0.076212
1 0.386923 0.530023 0.032308 0.053118
1 0.421538 0.575058 0.036923 0.069284
1 0.523077 0.563510 0.046154 0.073903
1 0.492308 0.548499 0.043077 0.085450
1 0.486154 0.508083 0.033846 0.055427
1 0.463846 0.523095 0.029231 0.053118
1 0.608462 0.608545 0.044615 0.080831
1 0.581538 0.540416 0.043077 0.069284
1 0.710769 0.533487 0.036923 0.064665
1 0.740769 0.548499 0.032308 0.062356
1 0.824615 0.557737 0.036923 0.066975
1 0.880000 0.564665 0.036923 0.062356
1 0.787692 0.569284 0.027692 0.048499
1 0.864615 0.553118 0.024615 0.048499
1 0.967692 0.547344 0.033846 0.055427
1 0.990000 0.524249 0.020000 0.055427
