1 0.167969 0.696401 0.015625 0.028169
1 0.179199 0.742567 0.010742 0.014085
1 0.184570 0.716745 0.021484 0.037559
1 0.744141 0.773865 0.003906 0.007825
1 0.753906 0.767606 0.003906 0.007825
1 0.785156 0.771518 0.005859 0.009390
1 0.791992 0.765258 0.003906 0.006260
1 0.817383 0.766041 0.003906 0.007825
1 0.826660 0.771518 0.002930 0.006260
1 0.842773 0.758998 0.003906 0.006260
1 0.871094 0.781690 0.005859 0.010955
1 0.747070 0.755869 0.003906 0.006260
1 0.753906 0.762911 0.007812 0.026604
1 0.760742 0.747261 0.003906 0.007825
1 0.748047 0.724570 0.003906 0.006260
