1 0.016154 0.720188 0.032308 0.044979
1 0.100769 0.755230 0.030769 0.046025
1 0.205769 0.747908 0.031538 0.043933
1 0.251154 0.679393 0.042308 0.059623
1 0.568462 0.836820 0.036923 0.060669
1 0.722308 0.777720 0.044615 0.065900
1 0.823846 0.794979 0.036923 0.054393
1 0.019615 0.662134 0.033077 0.050209
1 0.046538 0.681485 0.026923 0.040795
1 0.122692 0.646444 0.030000 0.046025
1 0.178077 0.600941 0.026923 0.047071
1 0.237308 0.615063 0.031538 0.043933
1 0.286923 0.549163 0.021538 0.033473
1 0.353846 0.578975 0.021538 0.038703
1 0.380385 0.592050 0.028462 0.043933
1 0.387308 0.653766 0.023846 0.048117
1 0.413077 0.635460 0.032308 0.051255
1 0.440385 0.555439 0.023846 0.039749
1 0.515000 0.539749 0.022308 0.033473
1 0.573077 0.530858 0.020000 0.032427
1 0.587692 0.504184 0.029231 0.035565
1 0.602308 0.444561 0.016923 0.018828
1 0.635385 0.548117 0.026154 0.035565
1 0.642308 0.621339 0.027692 0.046025
1 0.670000 0.578452 0.029231 0.043933
1 0.678846 0.532950 0.020769 0.034519
1 0.710769 0.563808 0.024615 0.039749
1 0.751923 0.530335 0.023846 0.037657
1 0.745000 0.502615 0.020769 0.030335
1 0.766538 0.503138 0.023846 0.037657
1 0.799231 0.553870 0.026154 0.042887
1 0.813846 0.507322 0.024615 0.037657
1 0.847308 0.553347 0.031538 0.050209
1 0.894231 0.590481 0.030000 0.040795
1 0.910385 0.567469 0.030000 0.044979
1 0.968846 0.484310 0.020769 0.031381
1 0.283462 0.412657 0.014615 0.019874
1 0.295000 0.411611 0.013077 0.019874
1 0.300769 0.393305 0.012308 0.023013
1 0.328846 0.413703 0.016154 0.024059
1 0.334231 0.420502 0.014615 0.020921
1 0.365000 0.432531 0.014615 0.026151
1 0.368846 0.403766 0.014615 0.020921
1 0.398846 0.414749 0.013077 0.021967
1 0.410385 0.400628 0.013077 0.020921
1 0.433077 0.418933 0.015385 0.021967
1 0.468462 0.450314 0.015385 0.024059
1 0.453462 0.402197 0.013077 0.019874
1 0.477692 0.429393 0.013846 0.024059
1 0.441923 0.394874 0.013077 0.021967
1 0.479615 0.409519 0.014615 0.019874
1 0.492692 0.407427 0.013077 0.019874
1 0.511538 0.394874 0.012308 0.017782
1 0.480769 0.386506 0.010769 0.015690
1 0.460000 0.353033 0.009231 0.013598
1 0.491538 0.361402 0.009231 0.017782
1 0.476538 0.339958 0.010000 0.014644
1 0.487692 0.346757 0.010769 0.013598
1 0.454231 0.339435 0.008462 0.013598
1 0.460000 0.348326 0.007692 0.012552
1 0.475000 0.313285 0.008462 0.013598
1 0.471923 0.290272 0.005385 0.007322
1 0.489615 0.274582 0.008462 0.011506
1 0.498462 0.356695 0.009231 0.014644
1 0.510769 0.351987 0.009231 0.013598
1 0.541154 0.346234 0.008462 0.014644
1 0.551923 0.400628 0.013077 0.016736
1 0.550385 0.412134 0.013077 0.016736
1 0.548846 0.356172 0.011538 0.013598
1 0.562692 0.356172 0.010000 0.015690
1 0.590769 0.353033 0.009231 0.015690
1 0.571154 0.343096 0.008462 0.012552
1 0.546154 0.326883 0.009231 0.013598
1 0.541154 0.313285 0.010000 0.013598
1 0.535385 0.305962 0.007692 0.013598
1 0.537308 0.299686 0.006923 0.011506
1 0.556154 0.321653 0.007692 0.011506
1 0.515000 0.314331 0.006923 0.011506
1 0.579615 0.323745 0.010000 0.013598
1 0.599231 0.316946 0.007692 0.010460
1 0.586923 0.311192 0.009231 0.013598
1 0.560000 0.297594 0.007692 0.011506
1 0.604615 0.341004 0.009231 0.012552
1 0.609231 0.355126 0.009231 0.013598
1 0.605769 0.374477 0.010000 0.014644
1 0.591154 0.407950 0.016154 0.023013
1 0.605000 0.394874 0.014615 0.021967
1 0.633077 0.394351 0.012308 0.016736
1 0.633077 0.367155 0.010769 0.014644
1 0.626538 0.316423 0.008462 0.013598
1 0.641538 0.381799 0.013846 0.018828
1 0.660000 0.377092 0.012308 0.017782
1 0.634231 0.355649 0.010000 0.016736
1 0.650769 0.346757 0.009231 0.013598
1 0.663077 0.345711 0.010769 0.015690
1 0.684231 0.345711 0.010000 0.013598
1 0.681538 0.370293 0.007692 0.014644
1 0.698462 0.362971 0.009231 0.018828
1 0.697308 0.380753 0.013077 0.016736
1 0.698846 0.408473 0.010000 0.013598
1 0.708077 0.337343 0.006923 0.011506
1 0.726154 0.334205 0.010769 0.013598
1 0.538462 0.287657 0.007692 0.010460
1 0.587308 0.288703 0.006923 0.010460
1 0.603077 0.510983 0.024615 0.034519
1 0.396538 0.429393 0.017692 0.028243
1 0.667692 0.486925 0.023077 0.030335
