1 0.445763 0.640964 0.020339 0.028916
1 0.405932 0.660241 0.018644 0.033735
1 0.355085 0.671084 0.022034 0.036145
1 0.392373 0.663855 0.015254 0.026506
1 0.293220 0.662651 0.016949 0.028916
1 0.244068 0.671084 0.020339 0.031325
1 0.470339 0.668675 0.015254 0.026506
1 0.498305 0.653012 0.016949 0.028916
1 0.527966 0.662651 0.022034 0.033735
1 0.555932 0.666265 0.010169 0.016867
1 0.599153 0.657831 0.015254 0.024096
1 0.583898 0.663855 0.011864 0.016867
1 0.566949 0.654217 0.011864 0.016867
1 0.620339 0.667470 0.013559 0.019277
1 0.645763 0.671084 0.010169 0.016867
1 0.661864 0.660241 0.011864 0.019277
1 0.700000 0.667470 0.010169 0.014458
1 0.688983 0.662651 0.008475 0.014458
1 0.645763 0.657831 0.010169 0.014458
1 0.723729 0.644578 0.013559 0.016867
1 0.825424 0.661446 0.013559 0.026506
