1 0.100000 0.173944 0.075000 0.161972
1 0.101667 0.177465 0.071667 0.149296
1 0.222083 0.308451 0.064167 0.135211
1 0.352083 0.280986 0.062500 0.139437
1 0.375833 0.234507 0.055000 0.119718
1 0.452500 0.280986 0.055000 0.114085
1 0.555417 0.190845 0.052500 0.111268
1 0.643333 0.213380 0.050000 0.116901
1 0.591667 0.325352 0.055000 0.129577
1 0.618750 0.376056 0.060833 0.121127
1 0.681667 0.216901 0.053333 0.104225
1 0.710417 0.342958 0.067500 0.133803
1 0.802083 0.273239 0.062500 0.109859
1 0.858333 0.318310 0.065000 0.123944
1 0.872083 0.187324 0.070833 0.132394
1 0.993750 0.326056 0.012500 0.040845
1 0.664167 0.275352 0.048333 0.100000
