1 0.098250 0.628167 0.010000 0.015000
1 0.147625 0.644833 0.015750 0.023667
1 0.174125 0.623167 0.013750 0.019667
1 0.310000 0.646667 0.012000 0.019333
1 0.618875 0.678667 0.016250 0.026667
1 0.557500 0.621833 0.011000 0.021667
1 0.542250 0.505833 0.009000 0.014333
1 0.524250 0.497000 0.007500 0.010667
1 0.549000 0.457667 0.007000 0.014000
1 0.514375 0.470000 0.007250 0.012667
1 0.498750 0.480333 0.008500 0.014667
1 0.481250 0.521000 0.009000 0.014667
1 0.479625 0.553667 0.009250 0.013333
1 0.501000 0.456500 0.007000 0.012333
1 0.495625 0.421833 0.007250 0.013000
1 0.503250 0.407167 0.005500 0.009667
1 0.515250 0.404333 0.005000 0.009333
1 0.540000 0.406667 0.005000 0.009333
1 0.529375 0.391333 0.004750 0.007333
1 0.516125 0.384833 0.005750 0.009667
1 0.503875 0.381833 0.005250 0.010333
1 0.424125 0.578000 0.116250 0.224000
1 0.505125 0.397000 0.005250 0.008667
