1 0.255071 0.757675 0.044134 0.076754
1 0.362802 0.779057 0.049068 0.088085
1 0.432292 0.761696 0.045504 0.076754
1 0.502056 0.709795 0.041393 0.073099
1 0.573054 0.746528 0.038651 0.072003
1 0.677906 0.747259 0.038925 0.071272
1 0.014254 0.743421 0.002741 0.003655
1 0.019874 0.743421 0.002467 0.003655
1 0.162692 0.739583 0.003015 0.004020
1 0.154057 0.742873 0.006031 0.009137
1 0.164062 0.748173 0.005757 0.008772
1 0.405428 0.739401 0.006031 0.008772
1 0.564830 0.698648 0.001919 0.002558
1 0.631853 0.772661 0.003838 0.005848
1 0.640351 0.763706 0.003838 0.005482
1 0.643777 0.753838 0.004112 0.006213
1 0.652961 0.771930 0.014803 0.022661
1 0.725329 0.713816 0.006031 0.021199
1 0.729852 0.706871 0.002467 0.003655
1 0.738213 0.708151 0.001645 0.002558
1 0.783991 0.716557 0.004934 0.014985
1 0.809759 0.706689 0.001645 0.002558
1 0.805784 0.706689 0.001919 0.002558
1 0.849232 0.709978 0.001645 0.001827
1 0.860060 0.716192 0.003564 0.013523
1 0.888980 0.711440 0.001645 0.002558
1 0.924753 0.721857 0.006853 0.019737
1 0.934211 0.723684 0.006579 0.015351
1 0.821820 0.748355 0.003838 0.004751
1 0.843339 0.737573 0.003564 0.004386
1 0.870203 0.747990 0.009046 0.034722
1 0.873218 0.733370 0.004112 0.005482
1 0.959704 0.728253 0.003289 0.004751
1 0.966146 0.727705 0.003564 0.005848
1 0.986705 0.731542 0.003564 0.005482
