1 1.037500 0.718750 -0.075000 0.072500
1 0.592500 0.580625 0.062500 0.091250
1 0.938125 0.401875 0.083750 0.103750
1 0.410000 0.548125 0.070000 0.086250
1 0.268125 0.577500 0.063750 0.085000
1 0.061250 0.816250 0.122500 0.097500
1 0.051250 0.197500 0.072500 0.090000
1 0.196875 0.198750 0.066250 0.090000
1 0.348125 0.238750 0.063750 0.082500
1 0.396875 0.225625 0.058750 0.076250
1 0.483750 0.230625 0.060000 0.083750
1 0.583125 0.232500 0.056250 0.075000
1 0.676250 0.081875 0.057500 0.061250
1 0.686250 0.255625 0.057500 0.068750
1 0.792500 0.215000 0.065000 0.085000
1 0.901250 0.197500 0.067500 0.085000
