1 0.908000 0.446777 0.038000 0.068966
1 0.813500 0.323088 0.031000 0.052474
1 0.697500 0.423538 0.033000 0.064468
1 0.555500 0.428036 0.033000 0.058471
1 0.424500 0.430285 0.033000 0.062969
1 0.284000 0.447526 0.036000 0.061469
1 0.158500 0.467766 0.037000 0.065967
1 0.073500 0.310345 0.035000 0.062969
1 0.714000 0.307346 0.030000 0.059970
1 0.624000 0.304348 0.030000 0.059970
1 0.541000 0.312594 0.028000 0.055472
1 0.473500 0.286357 0.029000 0.053973
1 0.395000 0.299100 0.030000 0.049475
1 0.314000 0.310345 0.030000 0.053973
1 0.244500 0.302099 0.031000 0.055472
1 0.182500 0.303598 0.031000 0.061469
