1 0.203810 0.488588 0.036190 0.055635
1 0.217619 0.503566 0.023810 0.034237
1 0.257143 0.529957 0.013333 0.024251
1 0.264762 0.529957 0.011429 0.021398
1 0.301905 0.519971 0.015238 0.027104
1 0.329524 0.492154 0.024762 0.042796
1 0.353810 0.512126 0.016190 0.031384
1 0.371905 0.482168 0.027619 0.048502
1 0.409048 0.645506 0.027619 0.038516
1 0.479048 0.535663 0.015238 0.024251
1 0.518095 0.502140 0.019048 0.034237
1 0.583333 0.481455 0.035238 0.055635
1 0.627143 0.472183 0.027619 0.057061
1 0.763810 0.435806 0.043810 0.069900
1 0.837143 0.375892 0.097143 0.132668
