1 0.176923 0.757845 0.013846 0.028243
1 0.148846 0.735356 0.017692 0.031381
1 0.103077 0.736402 0.016923 0.029289
1 0.066154 0.766213 0.018462 0.032427
1 0.040769 0.707113 0.013846 0.020921
1 0.078462 0.661611 0.010769 0.017782
1 0.097692 0.672071 0.012308 0.019874
1 0.086538 0.642259 0.008462 0.012552
1 0.138462 0.662657 0.009231 0.013598
1 0.195769 0.711820 0.013077 0.024059
1 0.248077 0.716527 0.022308 0.031381
1 0.320769 0.728556 0.020000 0.034519
1 0.346923 0.725418 0.018462 0.028243
1 0.387692 0.772490 0.016923 0.030335
1 0.563462 0.812762 0.023846 0.039749
1 0.576923 0.837866 0.052308 0.211297
1 0.619615 0.730649 0.020769 0.028243
1 0.671154 0.769351 0.023846 0.034519
1 0.741538 0.746339 0.016923 0.021967
1 0.780769 0.758368 0.023077 0.037657
1 0.198846 0.629184 0.010000 0.013598
1 0.182308 0.615586 0.007692 0.011506
1 0.219231 0.621862 0.009231 0.015690
1 0.256538 0.624477 0.008462 0.012552
1 0.269231 0.625523 0.007692 0.014644
1 0.276154 0.622385 0.007692 0.010460
1 0.280385 0.724372 0.037692 0.126569
1 0.325000 0.703975 0.037692 0.119247
1 0.355385 0.681485 0.009231 0.013598
1 0.312692 0.625523 0.008462 0.014644
1 0.337692 0.616109 0.007692 0.014644
1 0.354231 0.633368 0.008462 0.011506
1 0.379615 0.624477 0.008462 0.012552
1 0.391923 0.628661 0.006923 0.010460
1 0.421923 0.641213 0.010000 0.012552
1 0.405000 0.707113 0.011538 0.020921
1 0.422692 0.671025 0.011538 0.019874
1 0.456538 0.663703 0.020769 0.091004
1 0.474231 0.617155 0.008462 0.012552
1 0.490000 0.654812 0.007692 0.010460
1 0.515385 0.624477 0.006154 0.008368
1 0.537692 0.626569 0.007692 0.012552
1 0.550000 0.624477 0.007692 0.010460
1 0.564231 0.633368 0.008462 0.013598
1 0.540000 0.703452 0.015385 0.019874
1 0.641154 0.694038 0.014615 0.028243
1 0.609231 0.633368 0.012308 0.017782
1 0.623846 0.629707 0.009231 0.014644
1 0.630769 0.616632 0.010769 0.015690
1 0.686923 0.650105 0.007692 0.011506
1 0.715000 0.618201 0.006923 0.010460
1 0.733846 0.614540 0.006154 0.011506
1 0.745385 0.614540 0.006154 0.011506
1 0.766154 0.628661 0.007692 0.012552
1 0.779615 0.629184 0.008462 0.013598
1 0.718846 0.673640 0.008462 0.012552
1 0.681154 0.723326 0.023846 0.034519
1 0.859231 0.597280 0.009231 0.012552
1 0.922692 0.584205 0.008462 0.011506
1 0.935769 0.622385 0.020769 0.079498
1 0.952692 0.578452 0.010000 0.016736
1 0.911538 0.760983 0.024615 0.028243
1 0.867692 0.826883 0.030769 0.038703
1 0.878462 0.669456 0.013846 0.023013
1 0.880000 0.644351 0.013846 0.020921
1 0.845000 0.749477 0.045385 0.178870
1 0.813846 0.682531 0.018462 0.024059
1 0.996923 0.596757 0.006154 0.021967
1 0.985385 0.753138 0.029231 0.048117
1 0.397692 0.674163 0.010769 0.013598
1 0.499231 0.667364 0.026154 0.096234
1 0.797692 0.754707 0.021538 0.038703
1 0.371538 0.631799 0.007692 0.010460
1 0.534615 0.663703 0.013846 0.024059
1 0.522308 0.658996 0.012308 0.020921
1 0.546154 0.667887 0.015385 0.021967
1 0.476923 0.865586 0.103077 0.268828
1 0.075000 0.720711 0.016154 0.020921
