1 0.151367 0.316984 0.041016 0.074671
1 0.250000 0.297218 0.039062 0.073206
1 0.354492 0.286969 0.037109 0.073206
1 0.458984 0.282577 0.037109 0.064422
1 0.535645 0.287701 0.034180 0.065886
1 0.625000 0.299414 0.037109 0.068814
1 0.716797 0.301611 0.039062 0.073206
1 0.787109 0.324305 0.037109 0.068814
1 0.849609 0.284773 0.041016 0.071742
1 0.245117 0.475110 0.042969 0.074671
1 0.335449 0.471449 0.040039 0.073206
1 0.431641 0.452416 0.041016 0.079063
1 0.536133 0.455344 0.042969 0.081991
1 0.635742 0.480234 0.039062 0.076135
1 0.728516 0.500732 0.041016 0.076135
