1 0.073730 0.464844 0.036133 0.052083
1 0.173340 0.422526 0.040039 0.066406
1 0.241699 0.464193 0.034180 0.058594
1 0.290039 0.419922 0.044922 0.071615
1 0.359375 0.451823 0.033203 0.059896
1 0.421875 0.427734 0.039062 0.055990
1 0.514160 0.449219 0.034180 0.054688
1 0.598145 0.416667 0.043945 0.078125
1 0.664062 0.423828 0.041016 0.061198
1 0.740234 0.461589 0.035156 0.069010
1 0.799805 0.430990 0.046875 0.085938
1 0.898438 0.462891 0.044922 0.058594
1 0.407227 0.623047 0.042969 0.076823
1 0.451172 0.614583 0.041016 0.075521
1 0.523926 0.598958 0.045898 0.083333
1 0.615723 0.602214 0.049805 0.087240
