1 1.001458 0.463178 -0.002917 0.048450
1 0.963125 0.588178 0.024583 0.067829
1 0.924375 0.545058 0.022917 0.078488
1 0.899375 0.550388 0.022917 0.067829
1 0.868750 0.392442 0.025833 0.075581
1 0.812917 0.572190 0.018333 0.057171
1 0.802917 0.564922 0.021667 0.067829
1 0.774167 0.551357 0.025833 0.077519
1 0.797292 0.423450 0.024583 0.062016
1 0.739583 0.388081 0.023333 0.068798
1 0.691042 0.470930 0.022083 0.065891
1 0.648333 0.371124 0.023333 0.071705
1 0.606250 0.566860 0.026667 0.071705
1 0.549583 0.539729 0.024167 0.069767
1 0.565208 0.434593 0.024583 0.070736
1 0.533958 0.563953 0.020417 0.058140
1 0.478958 0.541667 0.022917 0.065891
1 0.492083 0.541182 0.025000 0.074612
1 0.476250 0.533430 0.021667 0.062984
1 0.399792 0.568314 0.022083 0.068798
1 0.426042 0.572674 0.019583 0.062016
1 0.403750 0.473837 0.023333 0.073643
1 0.373333 0.591570 0.020833 0.064922
1 0.328125 0.532946 0.017917 0.063953
1 0.328333 0.532946 0.020000 0.067829
1 0.369792 0.387112 0.024583 0.064922
1 0.273333 0.538760 0.024167 0.077519
1 0.299583 0.537306 0.020833 0.066860
1 0.266250 0.524225 0.023333 0.056202
1 0.254583 0.538275 0.020000 0.053295
1 0.188750 0.536337 0.022500 0.074612
1 0.174792 0.483527 0.022083 0.067829
1 0.181250 0.428779 0.025000 0.070736
1 0.128750 0.359496 0.026667 0.069767
1 0.132917 0.387112 0.022500 0.070736
1 0.090833 0.550388 0.024167 0.067829
1 0.120208 0.686531 0.066250 0.349806
1 0.053125 0.533430 0.023750 0.084302
1 0.020208 0.415213 0.021250 0.070736
