1 0.061514 0.748894 0.012618 0.024336
1 0.023659 0.794248 0.047319 0.084071
1 0.128549 0.755531 0.023659 0.042035
1 0.168770 0.757743 0.022082 0.037611
1 0.220820 0.777655 0.047319 0.077434
1 0.204259 0.767699 0.017350 0.026549
1 0.274448 0.745575 0.006309 0.008850
1 0.287066 0.750000 0.006309 0.008850
1 0.331230 0.790929 0.009464 0.015487
1 0.364353 0.765487 0.025237 0.044248
1 0.399054 0.815265 0.034700 0.055310
1 0.381703 0.962389 0.037855 0.061947
1 0.391167 0.761062 0.015773 0.022124
1 0.414038 0.754425 0.020505 0.035398
1 0.438486 0.780973 0.018927 0.035398
1 0.455047 0.783186 0.020505 0.039823
1 0.469243 0.780973 0.023659 0.039823
1 0.580442 0.817478 0.050473 0.081858
1 0.577287 0.834071 0.053628 0.084071
1 0.633281 0.835177 0.048896 0.090708
1 0.507886 0.769912 0.015773 0.022124
1 0.630126 0.762168 0.017350 0.024336
1 0.666404 0.772124 0.020505 0.035398
1 0.693218 0.744469 0.011041 0.015487
1 0.709779 0.748894 0.015773 0.024336
1 0.749211 0.747788 0.015773 0.022124
1 0.772871 0.753319 0.015773 0.019912
1 0.813880 0.753319 0.025237 0.046460
1 0.835174 0.771018 0.023659 0.037611
1 0.828076 0.814159 0.037855 0.070796
1 0.877760 0.761062 0.039432 0.075221
1 0.968454 0.742257 0.009464 0.015487
1 0.994479 0.805310 0.011041 0.154867
1 0.949527 0.754425 0.009464 0.013274
