1 0.184375 0.745313 0.008333 0.009375
1 0.170833 0.765104 0.006250 0.009375
1 0.082292 0.795312 0.006250 0.007292
1 0.098437 0.793750 0.007292 0.008333
1 0.116667 0.804167 0.012500 0.012500
1 0.041146 0.876563 0.017708 0.017708
1 0.169271 0.863542 0.011458 0.012500
1 0.245833 0.871354 0.022917 0.023958
1 0.285417 0.770833 0.008333 0.010417
1 0.298958 0.767708 0.008333 0.010417
1 0.330208 0.777083 0.020833 0.039583
1 0.336979 0.749479 0.007292 0.007292
1 0.344271 0.773958 0.017708 0.041667
1 0.383333 0.761979 0.006250 0.005208
1 0.392188 0.764583 0.009375 0.010417
1 0.363021 0.814063 0.009375 0.011458
1 0.388021 0.869792 0.013542 0.014583
1 0.458854 0.869792 0.011458 0.014583
1 0.488021 0.854688 0.011458 0.013542
1 0.489063 0.812500 0.011458 0.012500
1 0.497396 0.808854 0.009375 0.011458
1 0.522917 0.809896 0.010417 0.011458
1 0.432292 0.754167 0.006250 0.006250
1 0.446875 0.755208 0.006250 0.006250
1 0.467708 0.760938 0.006250 0.007292
1 0.476562 0.769792 0.007292 0.008333
1 0.491146 0.751563 0.007292 0.009375
1 0.569792 0.753125 0.006250 0.006250
1 0.570833 0.753125 0.006250 0.006250
1 0.574479 0.881771 0.015625 0.015625
1 0.592187 0.878646 0.013542 0.015625
1 0.579688 0.863542 0.013542 0.014583
1 0.670833 0.863021 0.012500 0.013542
1 0.697917 0.867188 0.012500 0.015625
1 0.691667 0.858333 0.012500 0.012500
1 0.693750 0.841146 0.010417 0.011458
1 0.683854 0.816667 0.009375 0.010417
1 0.657813 0.797917 0.009375 0.010417
1 0.657813 0.754167 0.007292 0.008333
1 0.798438 0.754687 0.009375 0.009375
1 0.818229 0.752083 0.007292 0.008333
1 0.839063 0.865625 0.011458 0.014583
1 0.846875 0.873437 0.010417 0.013542
1 0.884375 0.866146 0.012500 0.013542
1 0.905729 0.860938 0.013542 0.013542
1 0.920312 0.882292 0.013542 0.014583
1 0.944792 0.865104 0.010417 0.011458
1 0.982292 0.861458 0.012500 0.012500
1 0.995313 0.854167 0.009375 0.016667
1 0.997396 0.891667 0.005208 0.018750
