1 0.144043 0.789396 0.043945 0.088365
1 0.172852 0.704713 0.039062 0.057437
1 0.366699 0.687040 0.024414 0.048601
1 0.377441 0.749632 0.022461 0.044183
1 0.425781 0.700295 0.033203 0.048601
1 0.444336 0.726804 0.033203 0.051546
1 0.483887 0.726804 0.026367 0.042710
1 0.530762 0.761414 0.043945 0.064801
1 0.614746 0.715758 0.030273 0.058910
1 0.626465 0.684831 0.028320 0.044183
1 0.683105 0.703240 0.034180 0.051546
1 0.793945 0.723859 0.056641 0.104566
1 0.884277 0.807069 0.030273 0.050074
1 0.921875 0.699558 0.062500 0.088365
1 0.986816 0.675258 0.026367 0.057437
1 0.546875 0.708395 0.033203 0.053019
