1 0.012222 0.629661 0.011111 0.018644
1 0.021667 0.674576 0.014444 0.067797
1 0.056667 0.609322 0.011111 0.018644
1 0.087222 0.577119 0.014444 0.025424
1 0.113889 0.666102 0.023333 0.108475
1 0.133889 0.616102 0.014444 0.022034
1 0.158889 0.615254 0.013333 0.023729
1 0.193333 0.606780 0.013333 0.023729
1 0.210556 0.594915 0.014444 0.027119
1 0.268333 0.565254 0.018889 0.035593
1 0.222778 0.608475 0.012222 0.023729
1 0.299444 0.593220 0.016667 0.037288
1 0.330556 0.581356 0.018889 0.040678
1 0.332778 0.557627 0.018889 0.030508
1 0.385000 0.488983 0.032222 0.042373
1 0.409444 0.550000 0.018889 0.035593
1 0.466111 0.477119 0.034444 0.052542
1 0.541667 0.560169 0.021111 0.038983
1 0.507778 0.560169 0.020000 0.038983
1 0.583333 0.478814 0.024444 0.045763
1 0.610000 0.393220 0.040000 0.057627
1 0.643333 0.474576 0.031111 0.047458
1 0.681667 0.580508 0.021111 0.035593
1 0.736667 0.507627 0.033333 0.052542
1 0.821111 0.481356 0.037778 0.057627
1 0.857222 0.470339 0.036667 0.069492
1 0.967778 0.398305 0.057778 0.081356
1 0.237222 0.537288 0.032222 0.040678
1 0.815000 0.475424 0.027778 0.045763
