1 0.959627 0.419792 0.068323 0.122917
1 0.381405 0.435156 0.007376 0.014063
1 0.384705 0.449479 0.013199 0.025000
1 0.405668 0.450521 0.015528 0.028125
1 0.470691 0.436719 0.009705 0.015104
1 0.487966 0.450781 0.017857 0.027604
1 0.512616 0.458594 0.027562 0.040104
1 0.588121 0.429688 0.024068 0.039583
1 0.645769 0.447396 0.015916 0.025000
1 0.694293 0.413802 0.022904 0.042188
1 0.769216 0.424740 0.038432 0.067187
1 0.719720 0.420052 0.037267 0.072396
1 0.424884 0.437240 0.015140 0.021354
1 0.435365 0.469010 0.035326 0.060937
1 0.543478 0.417708 0.037267 0.067708
1 0.336762 0.454427 0.031444 0.053646
1 0.291731 0.437760 0.036102 0.060937
1 0.309977 0.458594 0.047748 0.068229
1 0.212539 0.421875 0.049301 0.064583
1 0.171584 0.449479 0.039596 0.059375
1 0.224379 0.463021 0.034161 0.062500
1 0.159356 0.403906 0.061724 0.105729
1 0.393634 0.509375 0.045031 0.061458
1 0.616654 0.453125 0.048525 0.076042
