1 0.217491 0.565108 0.066743 0.049640
1 0.118527 0.540288 0.057537 0.041727
1 0.270426 0.574460 0.046030 0.033813
1 0.378021 0.549281 0.035673 0.028058
1 0.494822 0.573022 0.043728 0.033813
1 0.425201 0.606115 0.037975 0.026619
1 0.477560 0.574460 0.032221 0.029496
1 0.562716 0.551439 0.025316 0.019424
1 0.596663 0.540647 0.012658 0.007914
1 0.663982 0.545683 0.023015 0.020863
1 0.868239 0.566547 0.047181 0.038129
1 0.939010 0.544245 0.020713 0.016547
1 0.898159 0.541367 0.019563 0.016547
1 0.956272 0.545324 0.016110 0.008633
1 0.957998 0.545683 0.014960 0.009353
1 0.986766 0.543165 0.010357 0.007194
