1 0.143359 0.332160 0.046094 0.082160
1 0.235156 0.335681 0.039062 0.082160
1 0.321875 0.334507 0.042188 0.082160
1 0.482422 0.342136 0.039844 0.071596
1 0.577344 0.344484 0.040625 0.078638
1 0.664453 0.363263 0.041406 0.071596
1 0.752344 0.393192 0.040625 0.084507
1 0.839453 0.375587 0.041406 0.077465
1 0.922656 0.360329 0.042188 0.086854
1 0.850000 0.660211 0.042188 0.071596
1 0.751953 0.653169 0.044531 0.080986
1 0.644141 0.669014 0.042969 0.079812
1 0.543359 0.662559 0.044531 0.085681
1 0.442969 0.643192 0.040625 0.082160
1 0.348828 0.651995 0.041406 0.083333
1 0.250781 0.644953 0.045312 0.085681
1 0.155469 0.656690 0.043750 0.088028
1 0.398438 0.561620 0.162500 0.562207
