1 0.945417 0.458177 0.034167 0.062422
1 0.938750 0.380150 0.035833 0.073658
1 0.892917 0.387640 0.029167 0.056180
1 0.867917 0.453808 0.034167 0.063670
1 0.842083 0.365793 0.030833 0.057428
1 0.817500 0.414482 0.036667 0.062422
1 0.791250 0.450062 0.034167 0.063670
1 0.792083 0.400749 0.032500 0.059925
1 0.721667 0.456305 0.033333 0.063670
1 0.738750 0.423221 0.032500 0.062422
1 0.726250 0.387640 0.027500 0.053683
1 0.687917 0.412609 0.029167 0.056180
1 0.666667 0.413233 0.031667 0.057428
1 0.625000 0.461923 0.031667 0.059925
1 0.595000 0.436330 0.031667 0.061174
1 0.621250 0.389513 0.032500 0.057428
1 0.546250 0.481273 0.034167 0.068664
1 0.535417 0.422597 0.034167 0.063670
1 0.566667 0.377029 0.030000 0.057428
1 0.517500 0.382647 0.030000 0.056180
1 0.473750 0.498127 0.032500 0.062422
1 0.473750 0.426342 0.032500 0.061174
1 0.449167 0.373283 0.030000 0.062422
1 0.420417 0.447566 0.039167 0.068664
1 0.399583 0.421973 0.029167 0.059925
1 0.375833 0.387016 0.028333 0.049938
1 0.345000 0.457553 0.036667 0.071161
1 0.339167 0.403870 0.033333 0.061174
1 0.310833 0.406991 0.026667 0.057428
1 0.274583 0.479401 0.037500 0.067416
1 0.268750 0.387016 0.030833 0.059925
1 0.252500 0.434457 0.035000 0.072409
1 0.199583 0.498127 0.040833 0.062422
1 0.200833 0.444444 0.031667 0.062422
1 0.122500 0.431336 0.036667 0.068664
1 0.231667 0.411361 0.028333 0.061174
1 0.212500 0.387016 0.031667 0.052434
1 0.160833 0.415730 0.035000 0.062422
1 0.140417 0.385144 0.027500 0.051186
1 0.052500 0.418227 0.038333 0.072409
