1 0.011574 0.784433 0.023148 0.032986
1 0.035687 0.813079 0.005787 0.009259
1 0.042438 0.807292 0.006173 0.010417
1 0.059221 0.831019 0.005787 0.008102
1 0.068480 0.810475 0.005015 0.009838
1 0.068673 0.811053 0.005401 0.009838
1 0.076775 0.807581 0.005401 0.007523
1 0.080440 0.810475 0.005015 0.008681
1 0.091242 0.823495 0.005787 0.009259
1 0.079861 0.829861 0.003858 0.008102
1 0.097415 0.807581 0.005015 0.010995
1 0.103009 0.824653 0.005401 0.009259
1 0.110725 0.807002 0.005401 0.010995
1 0.114583 0.823495 0.005401 0.009259
1 0.126350 0.810764 0.005787 0.008102
1 0.149691 0.793403 0.016204 0.025463
1 0.157215 0.780093 0.011960 0.020833
1 0.186343 0.789931 0.015432 0.026620
1 0.190972 0.800637 0.011574 0.020255
1 0.227623 0.778356 0.013117 0.021991
1 0.236497 0.784722 0.013889 0.026620
1 0.241127 0.787905 0.001543 0.002894
1 0.244406 0.786748 0.001929 0.002894
1 0.250579 0.788484 0.001157 0.001736
1 0.253086 0.790220 0.001543 0.002894
1 0.256752 0.791956 0.007330 0.012153
1 0.265432 0.809028 0.004630 0.009259
1 0.273920 0.790799 0.007716 0.010995
1 0.291281 0.794560 0.013117 0.024306
1 0.288002 0.827836 0.013503 0.022569
1 0.298804 0.796875 0.005015 0.009259
1 0.303819 0.821181 0.005015 0.008102
1 0.316165 0.796296 0.004244 0.023148
1 0.318094 0.787616 0.001929 0.003472
1 0.330826 0.806134 0.005015 0.008102
1 0.355517 0.803530 0.005015 0.008681
1 0.363812 0.793403 0.010802 0.020833
1 0.428048 0.785301 0.001929 0.003472
1 0.433642 0.785301 0.002315 0.003472
1 0.413966 0.799479 0.003086 0.006366
1 0.421489 0.800347 0.002701 0.004630
1 0.418017 0.808160 0.004244 0.006366
1 0.429977 0.806134 0.004244 0.006944
1 0.438272 0.799479 0.002315 0.004051
1 0.454861 0.791956 0.012346 0.023727
1 0.457562 0.802951 0.004630 0.007523
1 0.469715 0.800347 0.004244 0.006944
1 0.483796 0.802083 0.012346 0.023148
1 0.495563 0.801505 0.004244 0.008102
1 0.497106 0.802662 0.004244 0.008102
1 0.505594 0.821759 0.004244 0.005787
1 0.515818 0.795718 0.005401 0.009259
1 0.538387 0.799190 0.011188 0.021991
1 0.549190 0.800637 0.011960 0.022569
1 0.564236 0.808449 0.012731 0.020833
1 0.575617 0.787616 0.012346 0.018519
1 0.598187 0.797454 0.012731 0.024306
1 0.579475 0.725984 0.011574 0.016782
1 0.578511 0.707755 0.011188 0.018519
1 0.582948 0.721644 0.007716 0.016204
1 0.554591 0.725694 0.001929 0.002315
1 0.557870 0.725116 0.001543 0.002315
1 0.592978 0.726562 0.001543 0.002894
1 0.608410 0.714988 0.007716 0.013310
1 0.623650 0.723380 0.008102 0.015046
1 0.631752 0.717882 0.008102 0.013310
1 0.646991 0.702257 0.010031 0.017940
1 0.655093 0.725694 0.007716 0.015046
1 0.662809 0.786458 0.002315 0.004630
1 0.663966 0.787616 0.001543 0.002315
1 0.763889 0.744502 0.007716 0.015625
1 0.771412 0.696470 0.009645 0.019097
1 0.787037 0.737269 0.010802 0.016204
1 0.693480 0.710648 0.008873 0.016204
1 0.693673 0.711806 0.009259 0.016204
1 0.709298 0.717882 0.008873 0.016782
1 0.710841 0.718171 0.011188 0.015046
1 0.808063 0.771991 0.008102 0.011574
1 0.817515 0.783854 0.006173 0.010995
1 0.802662 0.732350 0.008102 0.012153
1 0.835262 0.725984 0.008488 0.013310
1 0.848958 0.720775 0.008102 0.010995
1 0.864005 0.724826 0.009645 0.014468
1 0.893326 0.793113 0.008102 0.013310
1 0.875579 0.786748 0.001929 0.002894
1 0.882523 0.787037 0.001929 0.003472
1 0.888696 0.785012 0.001929 0.002894
1 0.908758 0.667245 0.014275 0.024306
1 0.919560 0.744213 0.005787 0.011574
1 0.947145 0.729745 0.010031 0.015046
1 0.967785 0.720197 0.008873 0.012153
1 0.996721 0.755787 0.006559 0.015046
1 0.221451 0.727720 0.002315 0.002894
1 0.224730 0.727141 0.001929 0.002894
1 0.229938 0.734954 0.004630 0.019676
1 0.283565 0.733218 0.001543 0.002315
1 0.295525 0.738137 0.003086 0.015625
1 0.297068 0.731192 0.001543 0.001736
1 0.309992 0.729456 0.001929 0.002894
1 0.312693 0.730035 0.001929 0.002894
1 0.328897 0.725116 0.001929 0.002315
1 0.321759 0.727431 0.001543 0.002315
1 0.335262 0.736111 0.003858 0.017361
1 0.341821 0.730324 0.001543 0.002315
1 0.353202 0.729456 0.001929 0.002894
1 0.354360 0.730903 0.001157 0.002315
1 0.358410 0.728588 0.001543 0.002315
1 0.402006 0.729745 0.002315 0.003472
1 0.409529 0.730903 0.001929 0.003472
1 0.414545 0.727720 0.001929 0.002894
1 0.422647 0.729456 0.001929 0.002894
1 0.425926 0.730324 0.001543 0.002315
1 0.444830 0.728009 0.001543 0.002315
1 0.454861 0.725984 0.001543 0.002894
1 0.457369 0.731192 0.001929 0.002894
1 0.469136 0.725116 0.001543 0.002315
1 0.474151 0.732060 0.003086 0.017361
1 0.478202 0.725405 0.001929 0.002894
1 0.483796 0.725694 0.001543 0.002315
1 0.487654 0.725405 0.001543 0.002894
1 0.493827 0.721933 0.001543 0.002894
1 0.498457 0.725405 0.001543 0.002894
1 0.504244 0.731771 0.005401 0.021412
1 0.512153 0.724826 0.001929 0.002894
1 0.514468 0.725405 0.001929 0.002894
1 0.516590 0.725694 0.001543 0.002315
1 0.519483 0.725694 0.001929 0.003472
1 0.522569 0.725984 0.001929 0.002894
1 0.526235 0.724537 0.001543 0.002315
1 0.528742 0.724826 0.001929 0.002894
1 0.532407 0.723958 0.001543 0.002315
1 0.536844 0.721933 0.001929 0.002894
1 0.538773 0.723958 0.001929 0.002315
1 0.536651 0.725984 0.001543 0.002894
1 0.734954 0.719329 0.008488 0.013889
1 0.736304 0.729745 0.008102 0.010417
1 0.318480 0.733507 0.003472 0.012153
