1 0.352500 0.492593 0.025000 0.060741
1 0.394167 0.500000 0.025000 0.057778
1 0.428333 0.502222 0.021667 0.047407
1 0.497917 0.645185 0.019167 0.040000
1 0.537083 0.577037 0.020833 0.037037
1 0.400833 0.551111 0.036667 0.082963
1 0.319583 0.618519 0.040833 0.084444
1 0.468333 0.590370 0.036667 0.087407
1 0.605000 0.350370 0.041667 0.096296
1 0.612917 0.640000 0.027500 0.047407
1 0.664583 0.654074 0.037500 0.066667
1 0.685417 0.651852 0.030833 0.062222
1 0.738750 0.486667 0.022500 0.042963
1 0.772500 0.572593 0.021667 0.037037
1 0.822500 0.540741 0.026667 0.050370
1 0.843333 0.571852 0.020000 0.038519
1 0.901667 0.550370 0.023333 0.048889
1 0.924167 0.540000 0.025000 0.054815
