1 0.021923 0.563402 0.030000 0.050515
1 0.057692 0.564433 0.040000 0.060825
1 0.091923 0.597423 0.031538 0.044330
1 0.135385 0.540722 0.023077 0.036082
1 0.149231 0.588144 0.035385 0.048454
1 0.158077 0.597938 0.026923 0.041237
1 0.247692 0.578866 0.029231 0.044330
1 0.236154 0.569072 0.026154 0.039175
1 0.263077 0.572165 0.016923 0.024742
1 0.320769 0.588144 0.029231 0.042268
1 0.353462 0.593814 0.025385 0.039175
1 0.205769 0.575773 0.005385 0.007216
1 0.190769 0.564433 0.006154 0.009278
1 0.198462 0.571649 0.006154 0.007216
1 0.182308 0.569072 0.004615 0.006186
1 0.167692 0.570619 0.004615 0.007216
1 0.171538 0.569072 0.004615 0.006186
1 0.175769 0.578351 0.008462 0.032990
1 0.184615 0.591753 0.010769 0.055670
1 0.373077 0.567526 0.006154 0.009278
1 0.402692 0.538660 0.011538 0.019588
1 0.423077 0.534021 0.012308 0.018557
1 0.450000 0.537629 0.012308 0.021649
1 0.474231 0.535567 0.011538 0.021649
1 0.466538 0.581959 0.013077 0.021649
1 0.438846 0.584021 0.011538 0.021649
1 0.414231 0.576804 0.013077 0.017526
1 0.540385 0.552577 0.028462 0.043299
1 0.582308 0.554639 0.030769 0.047423
1 0.644615 0.587113 0.020000 0.029897
1 0.621154 0.569588 0.005385 0.007216
1 0.711923 0.594330 0.013077 0.015464
1 0.733462 0.567010 0.026923 0.047423
1 0.814231 0.639691 0.014615 0.017526
1 0.844231 0.601031 0.014615 0.022680
1 0.886923 0.622680 0.012308 0.022680
1 0.942692 0.608247 0.016154 0.022680
1 1.000000 0.642784 0.000000 0.017526
1 0.005769 0.557216 0.006923 0.009278
