1 0.081389 0.125417 0.015000 0.020833
1 0.178333 0.273750 0.018889 0.027500
1 0.283333 0.305833 0.014444 0.018333
1 0.347778 0.322500 0.015556 0.026667
1 0.404722 0.355417 0.011667 0.017500
1 0.472500 0.346250 0.012778 0.019167
1 0.528056 0.358750 0.013889 0.020833
1 0.607222 0.344583 0.015556 0.025833
1 0.959444 0.008750 0.012222 0.017500
1 0.006944 0.816250 0.013889 0.019167
1 0.042222 0.839583 0.021111 0.032500
1 0.066944 0.779167 0.016111 0.021667
1 0.078333 0.782500 0.014444 0.023333
1 0.112500 0.779583 0.015000 0.027500
1 0.135000 0.789167 0.017778 0.023333
1 0.167222 0.785000 0.015556 0.026667
1 0.163333 0.780417 0.014444 0.022500
1 0.223056 0.733750 0.015000 0.024167
1 0.255833 0.727500 0.010556 0.018333
1 0.278056 0.727083 0.010556 0.017500
1 0.295833 0.728750 0.007222 0.014167
1 0.310000 0.729583 0.008889 0.015833
1 0.320000 0.730000 0.007778 0.010000
1 0.345000 0.729583 0.005556 0.009167
1 0.331111 0.751250 0.013333 0.020833
1 0.345833 0.747917 0.008333 0.012500
1 0.368889 0.738750 0.006667 0.012500
1 0.365556 0.757917 0.011111 0.017500
1 0.399167 0.753333 0.013889 0.025000
1 0.434167 0.761250 0.016111 0.025833
1 0.493889 0.781667 0.012222 0.026667
1 0.526944 0.790833 0.011667 0.021667
1 0.628056 0.747917 0.010556 0.015833
1 0.640278 0.758333 0.017222 0.030000
1 0.675556 0.762083 0.016667 0.032500
1 0.709167 0.752500 0.022778 0.038333
1 0.728056 0.771250 0.016111 0.029167
1 0.737778 0.742083 0.016667 0.030833
1 0.854444 0.796667 0.012222 0.021667
1 0.879444 0.797083 0.010000 0.015833
1 0.908889 0.801250 0.017778 0.029167
1 0.873889 0.869167 0.028889 0.051667
1 0.918056 0.869167 0.030556 0.051667
1 0.954167 0.885833 0.029444 0.043333
1 0.960278 0.768750 0.021667 0.034167
