1 0.004063 0.582500 0.005625 0.009000
1 0.010625 0.583500 0.005000 0.009000
1 0.023438 0.587000 0.005625 0.010000
1 0.046562 0.478000 0.016875 0.026000
1 0.101250 0.479500 0.016250 0.027000
1 0.099375 0.577000 0.005000 0.008000
1 0.170937 0.579000 0.005625 0.010000
1 0.227813 0.581500 0.005625 0.009000
1 0.213750 0.591000 0.003750 0.008000
1 0.204063 0.490000 0.013125 0.026000
1 0.211250 0.493000 0.012500 0.020000
1 0.252812 0.580500 0.005625 0.009000
1 0.250625 0.574000 0.003750 0.008000
1 0.260000 0.573500 0.003750 0.007000
1 0.295312 0.504000 0.013125 0.024000
1 0.357812 0.592000 0.010625 0.018000
1 0.388125 0.595000 0.008750 0.014000
1 0.403438 0.576500 0.006875 0.017000
1 0.500313 0.574500 0.009375 0.017000
1 0.518437 0.527000 0.010625 0.016000
1 0.532500 0.515000 0.010000 0.020000
1 0.561875 0.560000 0.008750 0.016000
1 0.583438 0.585000 0.006875 0.014000
1 0.597500 0.585500 0.006250 0.011000
1 0.602500 0.597500 0.006250 0.011000
1 0.607812 0.510500 0.011875 0.017000
1 0.646250 0.564500 0.003750 0.005000
1 0.680625 0.568000 0.003750 0.006000
1 0.712812 0.567000 0.004375 0.006000
1 0.743750 0.590500 0.003750 0.007000
1 0.789375 0.493500 0.013750 0.027000
1 0.814688 0.482500 0.015625 0.027000
1 0.833438 0.489000 0.014375 0.026000
1 0.898438 0.583000 0.008125 0.012000
1 0.910000 0.583500 0.006250 0.009000
1 0.936250 0.578500 0.006250 0.011000
1 0.945312 0.603000 0.004375 0.008000
1 0.953438 0.591500 0.006875 0.011000
1 0.756875 0.551000 0.005000 0.016000
1 0.774062 0.552500 0.005625 0.017000
1 0.667188 0.501500 0.004375 0.015000
1 0.659375 0.504000 0.003750 0.014000
1 0.656875 0.503500 0.003750 0.015000
1 0.653125 0.505000 0.003750 0.012000
1 0.650312 0.505000 0.003125 0.012000
1 0.556250 0.502500 0.003750 0.013000
1 0.553750 0.502000 0.003750 0.014000
1 0.449062 0.502000 0.004375 0.014000
1 0.459688 0.563500 0.005625 0.019000
1 0.495625 0.550500 0.005000 0.015000
1 0.500000 0.550500 0.003750 0.015000
