1 0.122110 0.748721 0.013006 0.016624
1 0.132707 0.751598 0.013006 0.018542
1 0.396435 0.750639 0.018304 0.029412
1 0.407755 0.747442 0.013006 0.024297
1 0.430154 0.756714 0.013487 0.024936
1 0.415944 0.735934 0.007225 0.011509
1 0.469171 0.740729 0.004817 0.007033
1 0.483622 0.744885 0.004817 0.006394
1 0.510116 0.749680 0.006744 0.009591
1 0.516378 0.746164 0.005780 0.008951
1 0.520954 0.744885 0.004335 0.005115
1 0.527216 0.745524 0.003372 0.005115
1 0.535405 0.751279 0.004335 0.006394
1 0.537813 0.749361 0.003372 0.005115
1 0.539981 0.750000 0.003854 0.005115
1 0.556599 0.742647 0.004335 0.005754
1 0.561416 0.752558 0.006262 0.008951
1 0.577071 0.748402 0.024085 0.040281
1 0.643786 0.757033 0.005299 0.008951
1 0.667148 0.755754 0.006744 0.010230
1 0.710501 0.734974 0.012524 0.018542
1 0.738439 0.743286 0.012524 0.017263
