1 0.948125 0.602222 0.036250 0.071111
1 0.699688 0.696667 0.033125 0.066667
1 0.616563 0.591667 0.036875 0.070000
1 0.530625 0.644444 0.038750 0.093333
1 0.467187 0.630000 0.024375 0.057778
1 0.426875 0.676667 0.033750 0.073333
1 0.364063 0.565000 0.034375 0.083333
1 0.265000 0.682222 0.023750 0.048889
1 0.310312 0.640556 0.019375 0.038889
1 0.297812 0.625556 0.016875 0.037778
1 0.237187 0.660556 0.008125 0.021111
1 0.230937 0.645556 0.008125 0.017778
1 0.218750 0.656667 0.007500 0.015556
1 0.151875 0.548889 0.048750 0.086667
1 0.081875 0.570000 0.042500 0.086667
1 0.041875 0.623333 0.017500 0.031111
1 0.055313 0.580000 0.015625 0.031111
1 0.006562 0.642222 0.013125 0.031111
1 0.660937 0.646111 0.003125 0.005556
1 0.720000 0.647778 0.005000 0.008889
1 0.728750 0.649444 0.003750 0.007778
1 0.806250 0.644444 0.003750 0.006667
1 0.814063 0.656111 0.008125 0.032222
1 0.870000 0.644444 0.003750 0.006667
1 0.880625 0.642222 0.003750 0.006667
1 0.887813 0.645000 0.003125 0.005556
1 0.976250 0.636111 0.006250 0.010000
