1 0.708835 0.463393 0.070950 0.108929
1 0.645248 0.440179 0.066934 0.108929
1 0.547523 0.537500 0.066934 0.114286
1 0.584337 0.425000 0.057564 0.103571
1 0.415663 0.545536 0.060241 0.098214
1 0.228916 0.516964 0.056225 0.098214
1 0.311245 0.474107 0.054886 0.087500
1 0.419679 0.429464 0.062918 0.094643
1 0.708166 0.237500 0.056225 0.107143
1 0.741633 0.113393 0.053548 0.105357
1 0.631861 0.144643 0.048193 0.082143
1 0.578313 0.156250 0.042838 0.076786
1 0.250335 0.319643 0.053548 0.096429
1 0.339357 0.296429 0.052209 0.078571
1 0.441098 0.326786 0.054886 0.089286
1 0.556225 0.224107 0.049531 0.083929
1 0.470549 0.204464 0.041499 0.069643
1 0.412316 0.190179 0.050870 0.087500
1 0.379518 0.241964 0.046854 0.076786
1 0.285141 0.208929 0.050870 0.082143
1 0.320616 0.174107 0.046854 0.080357
1 0.195448 0.177679 0.053548 0.087500
1 0.047523 0.159821 0.033467 0.044643
1 0.018072 0.204464 0.036145 0.048214
1 0.493307 0.405357 0.060241 0.085714
1 0.541499 0.345536 0.052209 0.076786
1 0.595716 0.357143 0.050870 0.085714
1 0.647925 0.355357 0.058902 0.075000
1 0.128514 0.185714 0.034806 0.053571
1 0.112450 0.199107 0.029451 0.048214
