1 0.878418 0.478006 0.041992 0.085044
1 0.776367 0.477273 0.044922 0.089443
1 0.681641 0.505865 0.041016 0.079179
1 0.578125 0.467742 0.042969 0.087977
1 0.479980 0.488270 0.038086 0.090909
1 0.381348 0.487537 0.043945 0.089443
1 0.257324 0.484604 0.040039 0.083578
1 0.168457 0.478006 0.043945 0.082111
1 0.125977 0.307918 0.048828 0.085044
1 0.270020 0.332845 0.043945 0.085044
1 0.395020 0.319648 0.038086 0.082111
1 0.491211 0.297654 0.044922 0.079179
1 0.605469 0.341642 0.041016 0.087977
1 0.703613 0.359971 0.034180 0.071848
1 0.798828 0.376100 0.037109 0.065982
1 0.890137 0.307918 0.047852 0.082111
1 0.780762 0.209677 0.038086 0.067449
1 0.690430 0.200147 0.037109 0.068915
1 0.596191 0.167889 0.036133 0.086510
1 0.503906 0.172287 0.033203 0.074780
1 0.409180 0.164956 0.037109 0.080645
1 0.291016 0.166422 0.039062 0.074780
