1 0.220457 0.591942 0.006353 0.010331
1 0.204574 0.620868 0.010165 0.047521
1 0.198856 0.625000 0.013977 0.055785
1 0.188691 0.629132 0.011436 0.051653
1 0.156290 0.599174 0.007624 0.012397
1 0.135959 0.629132 0.012706 0.026860
1 0.116264 0.628099 0.013977 0.037190
1 0.080686 0.633264 0.016518 0.043388
1 0.061626 0.630165 0.016518 0.045455
1 0.034307 0.606405 0.025413 0.051653
1 0.644854 0.569215 0.026684 0.043388
1 0.616900 0.518595 0.034307 0.074380
1 0.795426 0.680785 0.027954 0.035124
1 0.829098 0.623967 0.021601 0.037190
1 0.959339 0.584711 0.033037 0.057851
