1 0.975781 0.936111 0.004687 0.008333
1 0.993750 0.930556 0.003125 0.005556
1 0.996875 0.854167 0.004687 0.008333
1 0.965234 0.903472 0.013281 0.040278
1 0.964453 0.887500 0.003906 0.008333
1 0.963672 0.861806 0.003906 0.006944
1 0.851953 0.974306 0.003906 0.009722
1 0.817969 0.961806 0.004687 0.009722
1 0.846875 0.870833 0.003125 0.005556
1 0.833984 0.877083 0.003906 0.006944
1 0.735547 0.782639 0.011719 0.043056
1 0.761719 0.762500 0.003125 0.005556
1 0.771094 0.763194 0.003125 0.004167
1 0.790625 0.755556 0.003125 0.005556
1 0.843359 0.750000 0.002344 0.005556
1 0.853906 0.746528 0.003125 0.006944
1 0.867578 0.744444 0.002344 0.005556
1 0.885156 0.738194 0.003125 0.006944
1 0.872656 0.762500 0.007812 0.025000
1 0.948047 0.739583 0.003906 0.006944
1 0.937891 0.704861 0.003906 0.006944
1 0.911719 0.720139 0.007812 0.029167
1 0.906250 0.716667 0.009375 0.025000
1 0.906250 0.693750 0.003125 0.006944
1 0.900391 0.704167 0.007031 0.033333
1 0.894922 0.706250 0.005469 0.029167
1 0.884766 0.685417 0.002344 0.004167
1 0.876563 0.695139 0.006250 0.031944
1 0.873047 0.696528 0.005469 0.026389
1 0.800781 0.688889 0.007812 0.036111
1 0.967969 0.646528 0.009375 0.015278
1 0.972656 0.640972 0.004687 0.026389
1 0.976953 0.640972 0.005469 0.034722
1 0.979688 0.642361 0.006250 0.026389
1 0.987891 0.626389 0.002344 0.005556
1 0.989062 0.589583 0.006250 0.031944
1 0.984375 0.587500 0.006250 0.030556
1 0.970703 0.589583 0.008594 0.034722
1 0.976953 0.567361 0.002344 0.004167
1 0.976172 0.585417 0.005469 0.029167
1 0.997656 0.565278 0.004687 0.022222
1 0.995703 0.553472 0.005469 0.023611
1 0.950391 0.626389 0.002344 0.005556
1 0.939063 0.635417 0.006250 0.023611
1 0.917578 0.653472 0.007031 0.015278
1 0.923047 0.622917 0.002344 0.004167
1 0.917188 0.635417 0.006250 0.029167
1 0.911719 0.635417 0.006250 0.026389
1 0.919141 0.600694 0.002344 0.004167
1 0.932422 0.579167 0.002344 0.005556
1 0.904687 0.601389 0.006250 0.025000
1 0.890234 0.658333 0.005469 0.019444
1 0.884766 0.655556 0.002344 0.005556
1 0.875000 0.659028 0.006250 0.015278
1 0.871484 0.661806 0.005469 0.018056
1 0.866016 0.661111 0.005469 0.013889
1 0.892969 0.636806 0.006250 0.023611
1 0.887891 0.637500 0.005469 0.027778
1 0.872656 0.638194 0.006250 0.026389
1 0.881641 0.615972 0.002344 0.004167
1 0.886328 0.627083 0.005469 0.026389
1 0.895703 0.622917 0.005469 0.023611
1 0.894531 0.599306 0.006250 0.023611
1 0.873437 0.583333 0.004687 0.025000
1 0.867969 0.581944 0.006250 0.025000
1 0.881250 0.562500 0.006250 0.022222
1 0.940625 0.550694 0.004687 0.023611
1 0.937891 0.548611 0.003906 0.022222
1 0.899609 0.552083 0.007031 0.026389
1 0.895312 0.554167 0.004687 0.022222
1 0.946094 0.497222 0.004687 0.016667
1 0.963281 0.492361 0.004687 0.018056
1 0.969922 0.485417 0.003906 0.015278
1 0.987109 0.495139 0.003906 0.018056
1 0.980078 0.493750 0.003906 0.015278
1 0.921094 0.492361 0.006250 0.018056
1 0.907422 0.481250 0.003906 0.018056
1 0.915234 0.476389 0.003906 0.016667
1 0.882422 0.490972 0.005469 0.018056
1 0.851953 0.479861 0.003906 0.015278
1 0.858984 0.634028 0.002344 0.004167
1 0.854688 0.645833 0.006250 0.027778
1 0.846094 0.656944 0.004687 0.025000
1 0.841016 0.658333 0.007031 0.027778
1 0.828906 0.660417 0.007812 0.026389
1 0.839844 0.616667 0.006250 0.025000
1 0.829688 0.639583 0.006250 0.026389
1 0.832422 0.642361 0.005469 0.023611
1 0.826953 0.614583 0.007031 0.026389
1 0.819922 0.617361 0.005469 0.029167
1 0.843750 0.590278 0.004687 0.022222
1 0.840625 0.590278 0.006250 0.022222
1 0.828906 0.591667 0.006250 0.022222
1 0.829688 0.586806 0.006250 0.026389
1 0.854297 0.561806 0.002344 0.004167
1 0.833203 0.554861 0.002344 0.004167
1 0.811719 0.621528 0.001563 0.004167
1 0.815625 0.634028 0.006250 0.026389
1 0.815234 0.638889 0.005469 0.027778
1 0.797656 0.659722 0.006250 0.030556
1 0.791406 0.656944 0.001563 0.002778
1 0.773047 0.658333 0.005469 0.027778
1 0.768750 0.658333 0.004687 0.022222
1 0.767578 0.625694 0.002344 0.004167
1 0.762109 0.615972 0.003906 0.023611
1 0.758594 0.613194 0.004687 0.026389
1 0.753125 0.611111 0.006250 0.027778
1 0.757812 0.582639 0.004687 0.023611
1 0.754687 0.583333 0.004687 0.022222
1 0.750391 0.573611 0.003906 0.022222
1 0.746875 0.573611 0.004687 0.019444
1 0.746484 0.552778 0.005469 0.019444
1 0.728516 0.568056 0.005469 0.019444
1 0.821484 0.490278 0.005469 0.019444
1 0.716016 0.480556 0.003906 0.016667
1 0.676562 0.488194 0.004687 0.015278
1 0.693359 0.995139 0.010156 0.009722
1 0.758984 0.882639 0.003906 0.006944
1 0.584375 0.852778 0.003125 0.005556
1 0.548828 0.970833 0.003906 0.008333
1 0.538672 0.941667 0.003906 0.008333
1 0.536719 0.843056 0.003125 0.005556
1 0.495312 0.826389 0.003125 0.005556
1 0.486719 0.827778 0.003125 0.005556
1 0.485938 0.806944 0.003125 0.005556
1 0.414844 0.951389 0.004687 0.008333
1 0.411719 0.944444 0.004687 0.008333
1 0.478516 0.831250 0.002344 0.004167
1 0.439453 0.838194 0.003906 0.006944
1 0.362109 0.912500 0.011719 0.047222
1 0.394531 0.822222 0.004687 0.008333
1 0.398438 0.817361 0.003125 0.006944
1 0.318359 0.825000 0.002344 0.005556
1 0.274219 0.823611 0.003125 0.005556
1 0.341797 0.781944 0.003906 0.005556
1 0.341016 0.775000 0.008594 0.030556
1 0.332813 0.773611 0.003125 0.005556
1 0.336719 0.792361 0.007812 0.031944
1 0.227734 0.818056 0.003906 0.005556
1 0.219922 0.819444 0.003906 0.008333
1 0.214844 0.818750 0.003125 0.006944
1 0.208594 0.829861 0.006250 0.034722
1 0.198828 0.831944 0.011719 0.038889
1 0.125391 0.911111 0.003906 0.008333
1 0.082812 0.881250 0.003125 0.006944
1 0.069922 0.881250 0.003906 0.006944
1 0.103125 0.815278 0.003125 0.005556
1 0.066016 0.834028 0.003906 0.006944
1 0.061719 0.842361 0.003125 0.006944
1 0.075391 0.818056 0.008594 0.041667
1 0.055859 0.799306 0.003906 0.006944
1 0.037109 0.768750 0.008594 0.034722
1 0.063672 0.764583 0.011719 0.040278
1 0.077344 0.760417 0.007812 0.037500
1 0.100391 0.732639 0.003906 0.006944
1 0.108594 0.729167 0.003125 0.005556
1 0.089063 0.711111 0.007812 0.030556
1 0.233203 0.702778 0.010156 0.022222
1 0.223438 0.688194 0.003125 0.004167
1 0.267188 0.686111 0.004687 0.022222
1 0.262500 0.679861 0.007812 0.029167
1 0.255859 0.672222 0.002344 0.005556
1 0.248438 0.672917 0.006250 0.029167
1 0.244922 0.674306 0.005469 0.037500
1 0.276172 0.673611 0.007031 0.033333
1 0.285156 0.670833 0.004687 0.027778
1 0.314453 0.672917 0.002344 0.004167
1 0.326172 0.679167 0.005469 0.016667
1 0.332031 0.676389 0.004687 0.022222
1 0.351172 0.676389 0.005469 0.019444
1 0.356250 0.672917 0.006250 0.026389
1 0.359766 0.669444 0.007031 0.027778
1 0.287109 0.631250 0.005469 0.037500
1 0.307422 0.613194 0.002344 0.004167
1 0.316016 0.620139 0.007031 0.026389
1 0.326172 0.607639 0.002344 0.004167
1 0.329688 0.648611 0.006250 0.019444
1 0.335547 0.628472 0.002344 0.004167
1 0.353516 0.631944 0.005469 0.022222
1 0.359375 0.632639 0.006250 0.020833
1 0.369141 0.627083 0.007031 0.015278
1 0.350000 0.638194 0.004687 0.018056
1 0.375781 0.622222 0.003125 0.005556
1 0.388672 0.627778 0.005469 0.030556
1 0.395313 0.631944 0.006250 0.027778
1 0.363672 0.595833 0.005469 0.025000
1 0.404687 0.587500 0.006250 0.025000
1 0.409766 0.581250 0.002344 0.004167
1 0.373437 0.546528 0.004687 0.018056
1 0.436328 0.552778 0.003906 0.016667
1 0.439453 0.552083 0.005469 0.015278
1 0.393750 0.541667 0.007812 0.025000
1 0.433594 0.530556 0.004687 0.016667
1 0.765625 0.658333 0.004687 0.027778
1 0.823828 0.609722 0.005469 0.038889
1 0.932422 0.724306 0.007031 0.026389
1 0.860156 0.756944 0.009375 0.030556
