1 0.038750 0.774444 0.007500 0.015556
1 0.056875 0.766111 0.006250 0.012222
1 0.032813 0.729444 0.009375 0.016667
1 0.062187 0.733333 0.006875 0.013333
1 0.068437 0.738889 0.006875 0.013333
1 0.098750 0.732222 0.008750 0.015556
1 0.100625 0.730000 0.006250 0.015556
1 0.114062 0.755556 0.005625 0.011111
1 0.122813 0.727222 0.008125 0.018889
1 0.100625 0.715556 0.005000 0.022222
1 0.104375 0.716111 0.005000 0.021111
1 0.108750 0.717778 0.005000 0.022222
1 0.124063 0.718889 0.005625 0.024444
1 0.130000 0.708889 0.002500 0.004444
1 0.134063 0.720556 0.006875 0.025556
1 0.176875 0.729444 0.006250 0.012222
1 0.179375 0.747222 0.005000 0.010000
1 0.191875 0.732778 0.007500 0.014444
1 0.190312 0.729444 0.006875 0.012222
1 0.209063 0.710000 0.001875 0.004444
1 0.202187 0.717778 0.006875 0.026667
1 0.225938 0.731111 0.005625 0.011111
1 0.229375 0.716111 0.005000 0.023333
1 0.252500 0.718889 0.005000 0.022222
1 0.261562 0.718889 0.004375 0.022222
1 0.237500 0.732222 0.005000 0.008889
1 0.251875 0.735556 0.005000 0.011111
1 0.254063 0.726111 0.003125 0.005556
1 0.264375 0.730556 0.006250 0.010000
1 0.276875 0.726667 0.003750 0.006667
1 0.300938 0.719444 0.004375 0.025556
1 0.305312 0.718889 0.004375 0.020000
1 0.307500 0.726667 0.003750 0.006667
1 0.315937 0.726667 0.004375 0.008889
1 0.338125 0.731111 0.003750 0.006667
1 0.341562 0.733889 0.003125 0.005556
1 0.375625 0.725556 0.003750 0.006667
1 0.378125 0.738333 0.006250 0.034444
1 0.390000 0.730556 0.002500 0.005556
1 0.397813 0.723889 0.003125 0.005556
1 0.484063 0.716111 0.004375 0.018889
1 0.479687 0.731111 0.004375 0.020000
1 0.484063 0.732778 0.004375 0.021111
1 0.488438 0.731111 0.004375 0.022222
1 0.490938 0.732222 0.004375 0.022222
1 0.495625 0.733889 0.003750 0.018889
1 0.520625 0.717222 0.005000 0.025556
1 0.524375 0.715556 0.005000 0.022222
1 0.518750 0.731111 0.005000 0.020000
1 0.537188 0.725000 0.001875 0.003333
1 0.539687 0.730556 0.004375 0.023333
1 0.542813 0.723889 0.001875 0.003333
1 0.596562 0.733889 0.005625 0.030000
1 0.601250 0.733333 0.005000 0.031111
1 0.677500 0.723889 0.002500 0.005556
1 0.706875 0.725000 0.003750 0.007778
1 0.719688 0.752778 0.011875 0.056667
1 0.722500 0.711111 0.003750 0.020000
1 0.716875 0.711111 0.003750 0.020000
1 0.714375 0.711667 0.003750 0.021111
1 0.710938 0.711667 0.004375 0.021111
1 0.708125 0.711667 0.003750 0.021111
1 0.705625 0.711667 0.003750 0.023333
1 0.728750 0.711111 0.003750 0.022222
1 0.731875 0.711111 0.005000 0.022222
1 0.738750 0.703333 0.002500 0.004444
1 0.742500 0.714444 0.005000 0.022222
1 0.745000 0.711667 0.005000 0.023333
1 0.725000 0.747222 0.008750 0.056667
1 0.745313 0.727778 0.003125 0.006667
1 0.753750 0.720556 0.003750 0.007778
1 0.758125 0.720556 0.005000 0.010000
1 0.763437 0.720556 0.005625 0.012222
1 0.775000 0.722222 0.007500 0.011111
1 0.780000 0.712778 0.005000 0.018889
1 0.788750 0.730556 0.003750 0.007778
1 0.792188 0.727222 0.005625 0.012222
1 0.801875 0.731667 0.007500 0.012222
1 0.810937 0.724444 0.006875 0.013333
1 0.817187 0.729444 0.008125 0.012222
1 0.833750 0.729444 0.007500 0.016667
1 0.843437 0.717222 0.006875 0.014444
1 0.823438 0.711667 0.005625 0.025556
1 0.824688 0.767222 0.013125 0.085556
1 0.883437 0.718333 0.001875 0.003333
1 0.891875 0.722778 0.003750 0.005556
1 0.901875 0.722222 0.003750 0.006667
1 0.908125 0.725000 0.003750 0.007778
1 0.950625 0.728333 0.007500 0.014444
1 0.247188 0.656111 0.003125 0.016667
1 0.250312 0.653333 0.004375 0.020000
1 0.254375 0.653889 0.005000 0.021111
1 0.339062 0.657778 0.004375 0.017778
1 0.350313 0.656667 0.004375 0.020000
1 0.371250 0.658889 0.003750 0.020000
1 0.374375 0.656667 0.003750 0.024444
1 0.376563 0.657222 0.004375 0.023333
1 0.403438 0.660556 0.003125 0.021111
1 0.443125 0.655000 0.005000 0.021111
1 0.445937 0.654444 0.004375 0.022222
1 0.462187 0.655000 0.004375 0.023333
1 0.465313 0.655556 0.004375 0.022222
1 0.469062 0.656111 0.004375 0.023333
1 0.490938 0.650556 0.004375 0.018889
1 0.494688 0.651111 0.004375 0.020000
1 0.498437 0.651667 0.003125 0.018889
1 0.521563 0.654444 0.004375 0.022222
1 0.559063 0.643889 0.001875 0.003333
1 0.579063 0.651667 0.005625 0.014444
1 0.587500 0.654444 0.005000 0.024444
1 0.685000 0.652778 0.003750 0.018889
1 0.687500 0.651667 0.003750 0.021111
