1 0.994021 0.535725 0.011958 0.030084
1 0.948795 0.526613 0.029122 0.034423
1 0.745323 0.504628 0.071167 0.089384
1 0.786596 0.538183 0.045323 0.078392
1 0.828737 0.538039 0.045130 0.060746
1 0.889200 0.529071 0.026808 0.031241
1 0.852941 0.521984 0.022565 0.029216
1 0.694503 0.553949 0.018901 0.033555
1 0.702122 0.518947 0.018322 0.027191
1 0.707040 0.534857 0.011572 0.021406
1 0.650145 0.545126 0.014658 0.024588
1 0.602604 0.557564 0.015622 0.030952
1 0.582160 0.551634 0.024108 0.036448
1 0.486789 0.564218 0.024301 0.041365
1 0.409161 0.505062 0.034523 0.065375
1 0.504436 0.554816 0.013308 0.024877
1 0.509932 0.548019 0.010029 0.018802
1 0.463742 0.554093 0.007907 0.015910
1 0.445130 0.545126 0.017743 0.033266
1 0.377338 0.505930 0.004050 0.008678
1 0.373770 0.544113 0.021215 0.043969
1 0.347541 0.541076 0.005786 0.009546
1 0.340984 0.565664 0.006557 0.013017
1 0.338573 0.532109 0.005207 0.009546
1 0.315622 0.568701 0.005593 0.008678
1 0.332112 0.563928 0.013886 0.022852
1 0.300482 0.564073 0.021986 0.038762
1 0.273578 0.547585 0.017551 0.032398
1 0.285246 0.564651 0.013500 0.026613
1 0.262970 0.556552 0.004436 0.008100
1 0.251013 0.557275 0.013308 0.023431
1 0.204147 0.581574 0.015236 0.032109
1 0.199807 0.571594 0.012343 0.024299
1 0.166442 0.575065 0.009643 0.019670
1 0.218515 0.569135 0.009257 0.017645
1 0.159016 0.576945 0.007136 0.011860
1 0.142912 0.579693 0.007715 0.013306
1 0.148795 0.576656 0.005207 0.007810
1 0.118997 0.569135 0.011958 0.019381
1 0.095757 0.565953 0.012536 0.019381
1 0.083221 0.569569 0.010222 0.015042
1 0.072613 0.577958 0.007136 0.012728
1 0.079364 0.577379 0.007907 0.013306
1 0.065863 0.585045 0.007907 0.012439
1 0.048216 0.586925 0.007329 0.012149
1 0.031051 0.579838 0.009643 0.016488
1 0.002604 0.594735 0.005207 0.007521
1 0.016393 0.590107 0.007329 0.012728
1 0.018997 0.581863 0.005979 0.010703
1 0.991610 0.233005 0.013693 0.017645
1 0.977531 0.251519 0.010993 0.015331
1 0.966731 0.272925 0.007522 0.010703
1 0.967213 0.273069 0.008100 0.012149
1 0.890068 0.308938 0.009643 0.011571
1 0.874638 0.358403 0.006172 0.010992
1 0.855159 0.361730 0.006557 0.010703
1 0.833173 0.326294 0.007329 0.012149
1 0.817743 0.338733 0.008100 0.012728
1 0.812729 0.383280 0.004629 0.008100
1 0.823722 0.371565 0.003857 0.006075
1 0.702989 0.414811 0.004243 0.006942
1 0.699229 0.415534 0.004436 0.007232
1 0.690839 0.412062 0.005014 0.007810
1 0.670106 0.408157 0.005207 0.006942
1 0.632883 0.418716 0.004050 0.007810
1 0.606365 0.417848 0.004243 0.007810
1 0.473770 0.448076 0.004050 0.006364
1 0.462392 0.476135 0.002893 0.004628
1 0.437898 0.448655 0.003279 0.006942
1 0.430087 0.449089 0.003086 0.006075
1 0.429219 0.469048 0.003279 0.006075
1 0.212825 0.449667 0.003664 0.007232
1 0.205014 0.452126 0.003857 0.006364
1 0.180714 0.456610 0.003857 0.007232
1 0.172228 0.455453 0.003472 0.006075
1 0.151495 0.460660 0.004050 0.006653
1 0.151591 0.460226 0.004243 0.006942
1 0.141659 0.478305 0.009065 0.034423
1 0.143105 0.460804 0.003472 0.006364
1 0.136933 0.457911 0.003472 0.006364
1 0.118419 0.471362 0.003857 0.006653
1 0.118033 0.471362 0.003472 0.005496
1 0.116972 0.471796 0.003664 0.005207
1 0.112247 0.487851 0.007715 0.031530
1 0.112922 0.474978 0.003279 0.005785
1 0.052941 0.583454 0.005979 0.009835
1 0.056798 0.583165 0.005207 0.008678
1 0.041176 0.582731 0.005979 0.008967
1 0.003375 0.581574 0.006365 0.010124
