1 0.818000 0.789355 0.148000 0.235382
1 0.750500 0.359070 0.029000 0.061469
1 0.798000 0.342579 0.030000 0.052474
1 0.884000 0.370315 0.026000 0.050975
1 0.889500 0.424288 0.021000 0.041979
1 0.958000 0.391304 0.026000 0.044978
1 0.980000 0.416042 0.020000 0.037481
1 0.988500 0.305097 0.023000 0.043478
1 0.955500 0.302849 0.021000 0.041979
1 0.911500 0.326837 0.021000 0.041979
1 0.876000 0.307346 0.024000 0.044978
1 0.923000 0.285607 0.022000 0.040480
1 0.827500 0.278861 0.019000 0.032984
1 0.873000 0.254123 0.020000 0.028486
1 0.969500 0.274363 0.021000 0.035982
1 0.498000 0.336582 0.032000 0.061469
1 0.273000 0.548726 0.024000 0.050975
1 0.151000 0.516492 0.034000 0.052474
1 0.038500 0.465517 0.033000 0.061469
1 0.013000 0.353073 0.026000 0.046477
1 0.061000 0.360570 0.028000 0.052474
1 0.128000 0.342579 0.032000 0.049475
1 0.181000 0.404798 0.022000 0.038981
1 0.222000 0.343328 0.024000 0.047976
1 0.247000 0.347076 0.030000 0.052474
1 0.272000 0.332834 0.022000 0.041979
1 0.305500 0.336582 0.025000 0.040480
1 0.159500 0.323838 0.021000 0.044978
1 0.042000 0.307346 0.026000 0.047976
1 0.131500 0.329085 0.031000 0.052474
1 0.209500 0.287106 0.017000 0.028486
