1 0.087010 0.499796 0.033088 0.048611
1 0.043199 0.513480 0.027574 0.043301
1 0.011949 0.505515 0.023897 0.037990
1 0.023284 0.482435 0.020833 0.040033
1 0.036765 0.484069 0.022059 0.037582
1 0.066176 0.507761 0.027574 0.039216
1 0.099724 0.499387 0.021140 0.033905
1 0.121630 0.499592 0.025123 0.033497
1 0.142004 0.474265 0.027880 0.037582
1 0.175858 0.491626 0.024510 0.036356
1 0.168811 0.473856 0.033088 0.053922
1 0.123009 0.425041 0.003983 0.005310
1 0.148591 0.423815 0.003676 0.005310
1 0.158701 0.425041 0.003064 0.004493
1 0.163909 0.426879 0.003676 0.005719
1 0.184589 0.427288 0.003370 0.004902
1 0.189491 0.436887 0.010723 0.020016
1 0.196385 0.434028 0.003064 0.005310
1 0.203431 0.433415 0.003064 0.005719
1 0.198223 0.458129 0.004902 0.007761
1 0.201134 0.467525 0.004596 0.007761
1 0.213082 0.447508 0.004596 0.007761
1 0.217371 0.458333 0.005208 0.009804
1 0.224877 0.447917 0.004902 0.007761
1 0.224265 0.429330 0.003676 0.006536
1 0.248009 0.438521 0.003370 0.006944
1 0.249540 0.424428 0.003370 0.004902
1 0.253217 0.441993 0.003370 0.004902
1 0.258119 0.441585 0.002757 0.004085
1 0.077206 0.410743 0.004902 0.014297
1 0.087163 0.400123 0.001532 0.002042
1 0.247855 0.420547 0.004902 0.019199
1 0.248621 0.416667 0.001532 0.002451
1 0.257966 0.414420 0.004902 0.022467
1 0.308058 0.407884 0.002145 0.002859
1 0.305300 0.390319 0.001532 0.002042
1 0.312500 0.389502 0.001225 0.002042
1 0.314645 0.389502 0.001225 0.002042
1 0.324142 0.388889 0.001225 0.001634
1 0.351103 0.392157 0.002451 0.009804
1 0.322917 0.395425 0.001225 0.001634
1 0.317708 0.408292 0.001838 0.002859
1 0.332414 0.404208 0.001838 0.002859
1 0.332414 0.400327 0.001838 0.002451
1 0.335172 0.407884 0.001838 0.002042
1 0.336857 0.409109 0.002145 0.002859
1 0.337776 0.400735 0.001532 0.002451
1 0.339920 0.406454 0.001532 0.002451
1 0.340533 0.412582 0.002757 0.003268
1 0.343444 0.404412 0.002451 0.003268
1 0.346661 0.401348 0.001532 0.002042
1 0.349265 0.408701 0.003064 0.003676
1 0.348039 0.427696 0.002451 0.004085
1 0.345435 0.416462 0.002757 0.004493
1 0.345282 0.418709 0.002451 0.003268
1 0.339920 0.411765 0.002757 0.004085
1 0.340533 0.421364 0.002145 0.004493
1 0.337163 0.428309 0.002145 0.003676
1 0.332874 0.415850 0.002757 0.004085
1 0.316483 0.417279 0.002451 0.003676
1 0.319700 0.417688 0.002757 0.003676
1 0.316942 0.418505 0.002757 0.005310
1 0.321844 0.418301 0.003370 0.004902
1 0.322457 0.425245 0.003983 0.005719
1 0.327053 0.424837 0.003370 0.005719
1 0.405944 0.390727 0.002451 0.009395
1 0.407629 0.390727 0.002757 0.007761
1 0.411305 0.391136 0.002145 0.007761
1 0.463235 0.390727 0.001838 0.002042
1 0.470741 0.405025 0.001532 0.002042
1 0.473499 0.405433 0.002145 0.002859
1 0.465839 0.391544 0.001532 0.002042
1 0.468137 0.392974 0.001838 0.002451
1 0.470129 0.390727 0.001532 0.002042
1 0.471967 0.391544 0.001532 0.002042
1 0.480545 0.397672 0.005208 0.020016
1 0.483303 0.390114 0.001532 0.002451
1 0.491881 0.391544 0.001532 0.002042
1 0.495711 0.390319 0.002451 0.002859
1 0.495558 0.390523 0.001532 0.002451
1 0.500000 0.393382 0.001838 0.003268
1 0.501685 0.389706 0.002145 0.002451
1 0.343137 0.362541 0.001225 0.001225
1 0.348499 0.366013 0.003370 0.009804
1 0.441023 0.366013 0.002757 0.008987
1 0.446078 0.362541 0.001225 0.002042
1 0.576593 0.391953 0.003064 0.010212
1 0.581495 0.391544 0.003064 0.010212
1 0.588235 0.387459 0.001225 0.001225
1 0.598346 0.390523 0.003064 0.009804
1 0.613358 0.391340 0.002451 0.008987
1 0.614583 0.391953 0.003064 0.008578
1 0.630055 0.390319 0.000919 0.001225
1 0.666054 0.394812 0.001838 0.002042
1 0.747855 0.396038 0.001225 0.001225
1 0.750613 0.399510 0.001225 0.001634
1 0.632659 0.407884 0.001838 0.002859
1 0.643076 0.408701 0.004902 0.010212
1 0.645680 0.407067 0.001532 0.002042
1 0.645374 0.407067 0.001532 0.002042
1 0.634804 0.419730 0.002451 0.003676
1 0.646293 0.420752 0.002757 0.004902
1 0.666973 0.422386 0.003064 0.004902
1 0.666513 0.420139 0.002145 0.002859
1 0.670803 0.418913 0.002757 0.004493
1 0.674479 0.422386 0.003983 0.006536
1 0.678462 0.421773 0.003370 0.005310
1 0.678156 0.422590 0.002757 0.004493
1 0.682751 0.429126 0.004596 0.006127
1 0.677390 0.447712 0.003064 0.005719
1 0.685968 0.434028 0.003676 0.006127
1 0.688879 0.424428 0.003983 0.004902
1 0.692555 0.430351 0.003983 0.005310
1 0.696538 0.432394 0.003370 0.005310
1 0.701900 0.431985 0.003676 0.006127
1 0.703278 0.426266 0.002757 0.003676
1 0.705116 0.424632 0.002757 0.003676
1 0.713388 0.431168 0.003983 0.006127
1 0.736520 0.444649 0.004902 0.007761
1 0.743107 0.449959 0.004596 0.006944
1 0.751072 0.446691 0.006434 0.008578
1 0.768689 0.446487 0.006127 0.008170
1 0.772978 0.451797 0.004289 0.005719
1 0.784926 0.453023 0.004902 0.007353
1 0.794271 0.448529 0.005208 0.008170
1 0.800398 0.467525 0.005821 0.010212
1 0.826134 0.457108 0.005821 0.008987
1 0.837469 0.463235 0.005208 0.007353
1 0.852635 0.456291 0.005515 0.007353
1 0.863511 0.458742 0.005208 0.008987
1 0.864430 0.458946 0.003983 0.006127
1 0.861060 0.462010 0.005208 0.007353
1 0.888940 0.463235 0.005821 0.008987
1 0.884651 0.484477 0.008272 0.010621
1 0.911612 0.488358 0.008885 0.012663
1 0.919577 0.484886 0.008272 0.010621
1 0.948683 0.469158 0.007659 0.011846
1 0.951440 0.493056 0.008272 0.013072
1 0.971354 0.490400 0.005208 0.007761
1 0.989124 0.497753 0.007047 0.010212
1 0.994332 0.503881 0.011336 0.038807
1 0.977022 0.624387 0.030025 0.046160
1 0.331036 0.563930 0.033395 0.053513
1 0.418045 0.560253 0.038909 0.069853
1 0.496477 0.530433 0.022365 0.036356
1 0.530331 0.533701 0.027574 0.046977
1 0.564951 0.576389 0.026348 0.040033
1 0.629902 0.534722 0.041054 0.054739
1 0.651961 0.532680 0.030637 0.049020
1 0.651501 0.498162 0.027880 0.048611
1 0.758425 0.534518 0.037071 0.058415
1 0.844822 0.526144 0.037071 0.064542
1 0.860600 0.784314 0.166054 0.250000
1 0.631740 0.411560 0.001838 0.002859
1 0.532475 0.397059 0.001838 0.002451
1 0.535692 0.399918 0.001532 0.002451
1 0.542126 0.390727 0.001532 0.002042
1 0.547181 0.390114 0.001838 0.002451
1 0.551624 0.390114 0.002145 0.002451
1 0.567402 0.391340 0.001838 0.002451
1 0.536765 0.389910 0.001838 0.002042
1 0.518229 0.392361 0.002757 0.003676
1 0.511795 0.392565 0.002145 0.002451
1 0.398284 0.421160 0.006127 0.022876
1 0.398438 0.402982 0.001532 0.002042
1 0.402420 0.401757 0.001532 0.002042
1 0.392310 0.429739 0.006434 0.025327
1 0.392157 0.401552 0.002451 0.004085
1 0.392004 0.404003 0.002145 0.002451
1 0.325827 0.391953 0.002757 0.007761
1 0.312040 0.395629 0.000919 0.001225
1 0.105086 0.434436 0.003064 0.004493
1 0.252298 0.410131 0.005208 0.009804
