1 0.165615 0.756501 0.022082 0.037825
1 0.313880 0.744681 0.022082 0.033097
1 0.399842 0.713948 0.020505 0.028369
1 0.369874 0.684397 0.020505 0.035461
1 0.376972 0.685579 0.018927 0.033097
1 0.482650 0.787234 0.018927 0.028369
1 0.499211 0.718676 0.026814 0.042553
1 0.487382 0.633570 0.012618 0.018913
1 0.608833 0.807329 0.025237 0.035461
1 0.688486 0.825059 0.033123 0.052009
1 0.703470 0.819149 0.025237 0.044917
1 0.838328 0.835697 0.033123 0.059102
1 0.929811 0.816785 0.029968 0.049645
1 0.992114 0.829787 0.015773 0.052009
1 0.852524 0.750591 0.033123 0.049645
1 0.810726 0.667849 0.022082 0.030733
1 0.697161 0.606383 0.015773 0.026005
1 0.643533 0.628842 0.015773 0.028369
1 0.582808 0.622931 0.017350 0.026005
1 0.608044 0.585106 0.011041 0.016548
1 0.599369 0.579196 0.009464 0.014184
1 0.549685 0.639480 0.017350 0.026005
1 0.551262 0.587470 0.011041 0.021277
1 0.468454 0.627660 0.012618 0.021277
1 0.508675 0.594563 0.011041 0.016548
1 0.503155 0.588652 0.009464 0.014184
1 0.520505 0.585106 0.009464 0.011820
1 0.423502 0.588652 0.011041 0.014184
1 0.443218 0.566194 0.009464 0.016548
1 0.354101 0.580378 0.011041 0.016548
1 0.377760 0.576832 0.007886 0.014184
1 0.409306 0.562648 0.007886 0.014184
1 0.431388 0.528369 0.004732 0.007092
