1 0.203869 0.755882 0.045238 0.123529
1 0.329167 0.681618 0.038690 0.139706
1 0.438839 0.550368 0.013988 0.036029
1 0.457738 0.515074 0.014881 0.038971
1 0.498512 0.525000 0.008333 0.020588
1 0.540625 0.519485 0.008631 0.025735
1 0.552530 0.545956 0.010417 0.024265
1 0.557738 0.531618 0.006548 0.022059
1 0.570685 0.522426 0.009226 0.025735
1 0.594048 0.545221 0.009524 0.025735
1 0.560417 0.518382 0.004762 0.013235
1 0.655357 0.534191 0.007738 0.027206
1 0.665179 0.549265 0.014881 0.042647
1 0.680060 0.621691 0.008929 0.027206
1 0.647470 0.606985 0.025298 0.072794
1 0.735119 0.563235 0.015476 0.038235
1 0.794940 0.590074 0.014286 0.046324
1 0.804018 0.602206 0.013988 0.042647
1 0.902976 0.765809 0.028571 0.081618
1 0.957292 0.862868 0.031845 0.084559
