1 0.946957 0.490479 0.010143 0.018066
1 0.973821 0.677734 0.032621 0.067383
1 0.844435 0.398438 0.029331 0.070312
1 0.850329 0.487549 0.033443 0.072754
1 0.772478 0.418213 0.027961 0.060059
1 0.778098 0.488037 0.025493 0.059082
1 0.733004 0.492432 0.024123 0.061035
1 0.698602 0.690918 0.024397 0.055664
1 0.646107 0.694824 0.024671 0.057617
1 0.575795 0.770020 0.033717 0.061523
1 0.598821 0.728271 0.023849 0.052246
1 0.675164 0.531982 0.025768 0.055176
1 0.685307 0.481201 0.025219 0.058105
1 0.675576 0.388184 0.023300 0.049805
1 0.638432 0.345703 0.023575 0.050781
1 0.635280 0.445801 0.021107 0.057617
1 0.635417 0.522705 0.026864 0.055176
1 0.557566 0.705566 0.022478 0.053711
1 0.584704 0.538086 0.021930 0.051758
1 0.571957 0.446045 0.023300 0.061035
1 0.568257 0.374023 0.022478 0.051758
1 0.524397 0.735596 0.027961 0.055176
1 0.520422 0.690186 0.024397 0.053223
1 0.537692 0.539062 0.021656 0.054688
1 0.505208 0.534668 0.023575 0.058594
1 0.517681 0.456055 0.022752 0.053711
1 0.520422 0.391602 0.021107 0.055664
1 0.425164 0.676514 0.029057 0.053223
1 0.456414 0.541992 0.022478 0.054688
1 0.473684 0.457031 0.024671 0.052734
1 0.479989 0.375977 0.020285 0.043945
1 0.381990 0.693359 0.027138 0.056641
1 0.305647 0.701660 0.025219 0.063477
1 0.246436 0.674561 0.032346 0.058105
1 0.163240 0.721680 0.034265 0.052734
1 0.078536 0.473877 0.003564 0.007324
1 0.001645 0.449951 0.003289 0.006348
1 0.401453 0.511963 0.024397 0.055176
1 0.430921 0.464844 0.022478 0.054688
1 0.432292 0.385986 0.020285 0.044434
1 0.403646 0.462402 0.024397 0.045898
1 0.330318 0.562988 0.021382 0.057617
1 0.274808 0.471191 0.026590 0.058594
1 0.199424 0.570068 0.028235 0.062988
1 0.336897 0.483398 0.024123 0.063477
1 0.341831 0.404785 0.024123 0.054688
1 0.264529 0.379150 0.025768 0.055176
1 0.213953 0.544922 0.024397 0.060547
1 0.140899 0.461182 0.026864 0.062012
1 0.192845 0.453369 0.029331 0.056152
1 0.189693 0.360107 0.024671 0.058105
1 0.135691 0.333984 0.027961 0.054688
