1 0.278077 0.675287 0.008462 0.012644
1 0.278846 0.656897 0.006923 0.012644
1 0.326538 0.639655 0.008462 0.014943
1 0.345000 0.597126 0.006923 0.010345
1 0.320385 0.598276 0.005385 0.010345
1 0.331154 0.556322 0.006923 0.011494
1 0.371538 0.552299 0.006154 0.010345
1 0.362308 0.602874 0.006154 0.010345
1 0.373462 0.629885 0.006923 0.009195
1 0.398846 0.637356 0.005385 0.010345
1 0.387692 0.691379 0.007692 0.012644
1 0.418077 0.691954 0.008462 0.013793
1 0.425385 0.621839 0.006154 0.011494
1 0.378077 0.527586 0.005385 0.006897
1 0.410000 0.520690 0.004615 0.006897
1 0.413077 0.524138 0.006154 0.009195
1 0.419615 0.526437 0.005385 0.009195
1 0.421923 0.524138 0.005385 0.009195
1 0.426923 0.489080 0.004615 0.008046
1 0.437692 0.468966 0.004615 0.006897
1 0.438462 0.526437 0.004615 0.006897
1 0.451923 0.536782 0.005385 0.009195
1 0.460769 0.529310 0.006154 0.008046
1 0.469231 0.475287 0.004615 0.005747
1 0.463846 0.470690 0.004615 0.005747
1 0.484231 0.471839 0.003846 0.005747
1 0.504615 0.441379 0.003077 0.004598
1 0.514615 0.466092 0.003077 0.005747
1 0.536923 0.471839 0.003077 0.005747
1 0.548077 0.477586 0.003846 0.005747
1 0.552692 0.468391 0.003846 0.005747
1 0.558846 0.482184 0.003846 0.005747
1 0.551923 0.514943 0.011538 0.045977
1 0.558462 0.500000 0.004615 0.006897
1 0.582308 0.480460 0.004615 0.006897
1 0.578077 0.537931 0.016154 0.055172
1 0.588077 0.463218 0.003846 0.006897
1 0.594231 0.474713 0.003846 0.006897
1 0.599615 0.481609 0.003846 0.006897
1 0.600769 0.491379 0.009231 0.042529
1 0.597308 0.458046 0.003846 0.005747
1 0.607308 0.489080 0.005385 0.008046
1 0.611154 0.494828 0.005385 0.008046
1 0.618846 0.485057 0.005385 0.009195
1 0.617692 0.508046 0.006154 0.009195
1 0.602692 0.535632 0.005385 0.009195
1 0.631538 0.543678 0.004615 0.006897
1 0.641538 0.537931 0.006154 0.009195
1 0.460769 0.568966 0.006154 0.009195
1 0.449615 0.595977 0.006923 0.012644
1 0.456154 0.627011 0.007692 0.014943
1 0.476538 0.622414 0.008462 0.012644
1 0.508462 0.638506 0.007692 0.012644
1 0.525385 0.637356 0.007692 0.012644
1 0.515000 0.641954 0.006923 0.010345
1 0.553462 0.631034 0.008462 0.013793
1 0.509615 0.707471 0.010000 0.017241
1 0.530385 0.719540 0.010000 0.016092
1 0.550385 0.685632 0.008462 0.012644
1 0.555385 0.584483 0.004615 0.008046
1 0.565000 0.583908 0.006923 0.013793
1 0.586923 0.592529 0.020000 0.074713
1 0.614615 0.620690 0.007692 0.013793
1 0.624231 0.639655 0.008462 0.014943
1 0.621538 0.650000 0.007692 0.012644
1 0.659231 0.631034 0.009231 0.016092
1 0.670385 0.628736 0.016154 0.082759
1 0.655000 0.594253 0.006923 0.009195
1 0.696154 0.595402 0.007692 0.013793
1 0.695769 0.595402 0.006923 0.013793
1 0.743077 0.630460 0.009231 0.017241
1 0.636538 0.689655 0.010000 0.016092
1 0.643077 0.686782 0.007692 0.012644
1 0.650385 0.711494 0.011538 0.016092
1 0.667692 0.686207 0.009231 0.016092
1 0.710769 0.682759 0.006154 0.013793
1 0.673462 0.736207 0.008462 0.014943
1 0.768077 0.757471 0.010000 0.018391
1 0.800385 0.770115 0.011538 0.020690
1 0.787308 0.862069 0.013077 0.020690
1 0.911923 0.807471 0.013077 0.024138
1 0.841923 0.902874 0.014615 0.026437
1 0.861154 0.974138 0.016154 0.021839
1 0.834615 0.979885 0.013846 0.021839
1 0.750000 0.963218 0.013846 0.025287
1 0.625385 0.896552 0.012308 0.020690
1 0.641154 0.899425 0.010000 0.017241
1 0.666154 0.902299 0.010769 0.022989
1 0.721154 0.845402 0.014615 0.021839
1 0.744231 0.835632 0.013077 0.025287
1 0.652308 0.769540 0.007692 0.014943
1 0.498462 0.952299 0.015385 0.021839
1 0.516538 0.966667 0.014615 0.025287
1 0.518846 0.987931 0.016154 0.024138
1 0.547692 0.936782 0.013846 0.027586
1 0.551538 0.963218 0.016923 0.027586
1 0.552308 0.986207 0.016923 0.027586
1 0.510385 0.421839 0.002308 0.004598
1 0.503077 0.432759 0.006154 0.024138
1 0.475000 0.536207 0.014615 0.049425
1 0.471154 0.495402 0.011538 0.043678
1 0.461154 0.589080 0.008462 0.012644
