1 0.953852 0.725452 0.022529 0.046942
1 0.934472 0.618863 0.005087 0.010336
1 0.983043 0.631137 0.004360 0.010767
1 0.980499 0.627907 0.004118 0.008613
1 0.769622 0.607450 0.014535 0.028854
1 0.759205 0.674849 0.010659 0.020672
1 0.495640 0.619078 0.006783 0.012489
1 0.492369 0.659991 0.012839 0.027132
1 0.468871 0.590224 0.011870 0.022825
1 0.408915 0.611326 0.010174 0.022825
1 0.420422 0.616064 0.006056 0.010767
1 0.328004 0.624246 0.005814 0.010767
1 0.316982 0.634582 0.004603 0.009044
1 0.323038 0.639535 0.004118 0.007752
1 0.308624 0.623385 0.005814 0.010767
1 0.297117 0.640396 0.004603 0.008613
1 0.287306 0.645780 0.003876 0.009044
1 0.284157 0.660853 0.002907 0.006460
1 0.276163 0.641258 0.004360 0.007752
1 0.181807 0.660853 0.003149 0.004737
1 0.151890 0.673988 0.003391 0.004307
1 0.153101 0.671189 0.004360 0.009905
1 0.136628 0.655900 0.003876 0.006891
1 0.130087 0.657407 0.003876 0.006460
1 0.126090 0.659561 0.004118 0.006460
1 0.120276 0.656115 0.003634 0.007321
1 0.112888 0.652455 0.003876 0.005168
1 0.096294 0.653747 0.002665 0.005168
1 0.091570 0.656331 0.003876 0.006891
1 0.079457 0.652024 0.004845 0.008613
1 0.071948 0.661929 0.003876 0.008613
1 0.076429 0.651163 0.004603 0.008613
1 0.063953 0.644703 0.007752 0.012920
1 0.057049 0.655039 0.004603 0.007752
1 0.041182 0.689276 0.012112 0.054694
1 0.034520 0.688200 0.009932 0.049957
1 0.041667 0.653531 0.004845 0.009044
1 0.034884 0.652455 0.004845 0.008613
1 0.020228 0.655685 0.004603 0.007321
1 0.009084 0.659991 0.004118 0.006460
1 0.014777 0.668389 0.007267 0.034453
1 0.005451 0.656115 0.004603 0.009044
1 0.028343 0.502369 0.002907 0.005599
