1 0.174231 0.781138 0.005385 0.011519
1 0.309231 0.779698 0.004615 0.004320
1 0.341923 0.785817 0.003846 0.003600
1 0.354231 0.780778 0.003846 0.003600
1 0.356923 0.780778 0.003077 0.003600
1 0.371538 0.773938 0.006154 0.005760
1 0.388077 0.795896 0.005385 0.005040
1 0.408077 0.781497 0.006923 0.007919
1 0.396154 0.778618 0.004615 0.005040
1 0.384231 0.787977 0.003846 0.003600
1 0.420769 0.788337 0.004615 0.004320
1 0.428846 0.787977 0.003846 0.003600
1 0.439615 0.789057 0.003846 0.004320
1 0.444615 0.780058 0.006154 0.006479
1 0.451923 0.782217 0.005385 0.005040
1 0.460385 0.782937 0.005385 0.005040
1 0.591923 0.783657 0.006923 0.006479
1 0.888846 0.798416 0.003846 0.004320
1 0.950769 0.804536 0.010769 0.010799
1 0.970769 0.805616 0.009231 0.010079
1 0.671154 0.756299 0.010000 0.013679
1 0.392308 0.797336 0.012308 0.023758
