1 0.048511 0.761945 0.020173 0.032423
1 0.155620 0.728669 0.013449 0.030717
1 0.329491 0.702218 0.009606 0.022184
1 0.350624 0.706485 0.009606 0.017065
1 0.375120 0.693686 0.010567 0.018771
1 0.386167 0.711604 0.013449 0.027304
1 0.400576 0.748294 0.013449 0.025597
1 0.394332 0.696246 0.008646 0.020478
1 0.420269 0.751706 0.012488 0.025597
1 0.418828 0.747440 0.009606 0.017065
1 0.437080 0.695392 0.009606 0.022184
1 0.483189 0.751706 0.011527 0.022184
1 0.462056 0.757679 0.013449 0.027304
1 0.455331 0.746587 0.011527 0.022184
