1 0.105324 0.644080 0.048611 0.049929
1 0.262153 0.683310 0.035880 0.062767
1 0.333333 0.807418 0.037037 0.051355
1 0.375000 0.467190 0.025463 0.032810
1 0.399306 0.542083 0.027778 0.039943
1 0.457176 0.448645 0.027778 0.035663
1 0.506366 0.499287 0.031250 0.042796
1 0.502315 0.400143 0.018519 0.032810
1 0.546296 0.401569 0.020833 0.029957
1 0.568866 0.385164 0.019676 0.031384
1 0.551505 0.328103 0.015046 0.019971
1 0.583333 0.351641 0.016204 0.027104
1 0.629630 0.330956 0.018519 0.025678
1 0.665509 0.383738 0.016204 0.025678
1 0.717593 0.333096 0.018519 0.021398
1 0.789352 0.362340 0.016204 0.019971
1 0.813079 0.285307 0.015046 0.019971
1 0.868634 0.280314 0.010417 0.015692
1 0.914931 0.263909 0.015046 0.022825
1 0.938079 0.301712 0.012731 0.021398
1 0.967593 0.271041 0.016204 0.019971
1 0.817130 0.716833 0.037037 0.064194
