1 0.308891 0.850360 0.026559 0.023022
1 0.282333 0.858273 0.028868 0.023022
1 0.187644 0.714388 0.019630 0.014388
1 0.126443 0.702158 0.021940 0.014388
1 0.151270 0.693165 0.020785 0.013669
1 0.199769 0.692446 0.020785 0.013669
1 0.060624 0.622662 0.015012 0.012230
1 0.109700 0.625180 0.016166 0.011511
1 0.625289 0.675180 0.015012 0.012230
1 0.745958 0.662950 0.043880 0.056835
1 0.798499 0.646763 0.015012 0.010072
1 0.954388 0.655036 0.015012 0.010791
1 0.940531 0.688489 0.021940 0.014388
1 0.264434 0.591367 0.011547 0.008633
1 0.260970 0.555036 0.009238 0.005036
1 0.287529 0.566187 0.011547 0.008633
1 0.315242 0.568345 0.011547 0.010072
1 0.351039 0.565468 0.011547 0.008633
1 0.468245 0.531295 0.008083 0.006475
1 0.491339 0.530216 0.010393 0.007194
1 0.515012 0.536331 0.011547 0.007914
1 0.501155 0.499640 0.006928 0.005036
1 0.467667 0.510432 0.018476 0.026619
1 0.550231 0.501799 0.008083 0.006475
1 0.573326 0.506475 0.008083 0.005755
1 0.595843 0.508273 0.009238 0.005036
1 0.629330 0.543885 0.025404 0.035971
1 0.644342 0.526259 0.006928 0.005036
1 0.653002 0.502878 0.008083 0.005755
1 0.596420 0.479496 0.008083 0.005036
1 0.617206 0.480216 0.008083 0.005036
1 0.678406 0.510432 0.008083 0.006475
1 0.668591 0.495683 0.009238 0.005755
1 0.699192 0.508273 0.008083 0.006475
1 0.713048 0.503957 0.008083 0.006475
1 0.731524 0.511151 0.010393 0.006475
1 0.748845 0.497482 0.008083 0.005036
1 0.756351 0.496043 0.006928 0.005036
1 0.785219 0.500000 0.009238 0.007194
1 0.807737 0.500360 0.005774 0.005036
1 0.302540 0.587770 0.013857 0.010072
1 0.289261 0.555755 0.010393 0.006475
1 0.607390 0.527698 0.009238 0.006475
1 0.627021 0.521583 0.006928 0.004317
1 0.694573 0.525180 0.017321 0.031655
