1 0.098145 0.310253 0.100586 0.165113
1 0.805664 0.176431 0.062500 0.107856
1 0.978516 0.296272 0.035156 0.059920
1 0.299316 0.358189 0.036133 0.055925
1 0.364258 0.487350 0.033203 0.066578
1 0.435059 0.456724 0.032227 0.061252
1 0.478516 0.457390 0.033203 0.051931
1 0.532715 0.464048 0.030273 0.059920
1 0.611328 0.373502 0.033203 0.062583
1 0.663574 0.444075 0.034180 0.054594
1 0.697754 0.427430 0.030273 0.050599
1 0.764648 0.422104 0.031250 0.042610
1 0.873047 0.418775 0.029297 0.051931
1 0.952148 0.418775 0.027344 0.043941
1 0.895996 0.242344 0.020508 0.034621
1 0.605469 0.277630 0.023438 0.035952
1 0.637695 0.320905 0.023438 0.039947
1 0.690430 0.316245 0.025391 0.043941
1 0.640625 0.276298 0.021484 0.035952
1 0.528809 0.293609 0.020508 0.033289
1 0.554688 0.280959 0.023438 0.042610
1 0.358887 0.251664 0.022461 0.039947
1 0.400391 0.217044 0.021484 0.037284
1 0.299316 0.284288 0.065430 0.150466
1 0.180176 0.240346 0.026367 0.038615
1 0.425293 0.362850 0.026367 0.043941
1 0.450684 0.368842 0.022461 0.039947
1 0.632324 0.271638 0.041992 0.093209
1 0.203613 0.311585 0.028320 0.039947
