1 0.047500 0.753745 0.017500 0.024345
1 0.139375 0.682584 0.008750 0.016854
1 0.166250 0.703184 0.035000 0.110487
1 0.180625 0.639513 0.011250 0.016854
1 0.179375 0.484082 0.003750 0.005618
1 0.142500 0.504682 0.010000 0.043071
1 0.513750 0.911985 0.015000 0.026217
1 0.645000 0.868914 0.010000 0.022472
1 0.711250 0.876404 0.012500 0.026217
1 0.887500 0.971910 0.015000 0.026217
1 0.990000 0.941011 0.020000 0.035581
1 0.523750 0.694757 0.010000 0.018727
1 0.547500 0.676030 0.010000 0.018727
1 0.529375 0.643258 0.008750 0.013109
1 0.525625 0.644195 0.008750 0.014981
1 0.496875 0.638577 0.008750 0.014981
1 0.488750 0.636704 0.010000 0.014981
1 0.501875 0.546816 0.006250 0.011236
1 0.442500 0.535581 0.005000 0.007491
1 0.455000 0.534644 0.005000 0.009363
1 0.476250 0.574906 0.022500 0.059925
1 0.396875 0.491573 0.013750 0.046816
1 0.408125 0.477528 0.006250 0.011236
1 0.461250 0.482210 0.007500 0.009363
1 0.480625 0.502809 0.006250 0.009363
1 0.443750 0.505618 0.005000 0.007491
