1 0.736285 0.440097 0.047257 0.095652
1 0.747420 0.295169 0.045627 0.099517
1 0.459533 0.479227 0.046714 0.085024
1 0.505432 0.445894 0.043998 0.089855
1 0.351711 0.326087 0.047257 0.089855
1 0.173819 0.282126 0.046714 0.106280
1 0.207496 0.288406 0.042368 0.087923
1 0.560022 0.359420 0.043455 0.079227
1 0.441608 0.247826 0.047800 0.082126
1 0.950570 0.148792 0.040196 0.092754
1 0.982618 0.023671 0.027159 0.047343
1 0.839489 0.169565 0.039652 0.093720
1 0.745790 0.184058 0.040196 0.076329
1 0.586909 0.090821 0.042911 0.102415
1 0.476643 0.108696 0.040739 0.099517
1 0.355785 0.107729 0.042368 0.095652
1 0.031233 0.171498 0.047257 0.111111
1 0.161054 0.185990 0.032048 0.087923
1 0.570342 0.035266 0.034764 0.070531
1 0.444595 0.023671 0.025530 0.047343
1 0.338403 0.026087 0.030418 0.052174
1 0.224878 0.020290 0.022814 0.040580
1 0.114883 0.025121 0.027702 0.050242
1 0.022271 0.021256 0.023900 0.042512
