1 0.011923 0.741109 0.023846 0.030335
1 0.049231 0.679916 0.015385 0.023013
1 0.228846 0.687762 0.013077 0.021967
1 0.312692 0.682531 0.011538 0.017782
1 0.201538 0.656381 0.009231 0.013598
1 0.251923 0.653766 0.010000 0.016736
1 0.273846 0.652720 0.012308 0.016736
1 0.243846 0.653766 0.007692 0.012552
1 0.329615 0.658996 0.011538 0.016736
1 0.397692 0.667364 0.010769 0.016736
1 0.371154 0.668933 0.010000 0.015690
1 0.548846 0.677301 0.022308 0.034519
1 0.608462 0.684100 0.015385 0.029289
1 0.630769 0.706590 0.007692 0.009414
1 0.658462 0.680962 0.010769 0.014644
1 0.673462 0.695084 0.008462 0.013598
1 0.694615 0.706590 0.007692 0.011506
1 0.810000 0.683577 0.009231 0.011506
1 0.821538 0.683577 0.006154 0.009414
1 0.906923 0.683577 0.006154 0.009414
1 0.913846 0.679916 0.006154 0.010460
1 0.978077 0.686192 0.016154 0.023013
1 0.996923 0.675209 0.006154 0.028243
