1 0.844141 0.978898 0.025781 0.042204
1 0.810937 0.808324 0.015625 0.029308
1 0.773828 0.813013 0.014844 0.031653
1 0.728125 0.812427 0.017188 0.030481
1 0.729297 0.759086 0.013281 0.029308
1 0.729688 0.733294 0.012500 0.024619
1 0.695703 0.730363 0.014844 0.023447
1 0.696484 0.723329 0.011719 0.016413
1 0.682813 0.715123 0.012500 0.021102
1 0.661328 0.737984 0.014844 0.022274
1 0.670312 0.737984 0.010937 0.024619
1 0.677344 0.705744 0.012500 0.018757
1 0.623047 0.725674 0.013281 0.021102
1 0.637500 0.719812 0.012500 0.018757
1 0.637109 0.693435 0.011719 0.017585
1 0.607422 0.715709 0.011719 0.019930
1 0.595703 0.706917 0.011719 0.023447
1 0.615234 0.699297 0.011719 0.019930
1 0.638672 0.685229 0.010156 0.017585
1 0.633594 0.682298 0.010937 0.016413
1 0.628906 0.674091 0.007812 0.014068
1 0.611328 0.680539 0.008594 0.017585
1 0.612891 0.654162 0.007031 0.014068
1 0.594922 0.669402 0.008594 0.016413
1 0.590234 0.698710 0.010156 0.021102
1 0.566406 0.724502 0.010937 0.018757
1 0.573438 0.690504 0.010937 0.018757
1 0.582422 0.685229 0.010156 0.019930
1 0.537891 0.715123 0.011719 0.021102
1 0.549219 0.711020 0.012500 0.019930
1 0.562891 0.691090 0.010156 0.019930
1 0.566406 0.674091 0.007812 0.016413
1 0.570312 0.661782 0.007812 0.015240
1 0.556641 0.667057 0.007031 0.014068
1 0.537891 0.700469 0.008594 0.015240
1 0.528516 0.716295 0.010156 0.021102
1 0.507031 0.713951 0.009375 0.018757
1 0.560937 0.654162 0.007812 0.014068
1 0.531641 0.675264 0.008594 0.016413
1 0.536328 0.665299 0.008594 0.012896
1 0.535937 0.658265 0.006250 0.010551
1 0.543359 0.657093 0.008594 0.015240
1 0.548828 0.649472 0.007031 0.011723
1 0.521484 0.676436 0.008594 0.016413
1 0.515625 0.659437 0.007812 0.012896
1 0.517969 0.655920 0.007812 0.015240
1 0.483203 0.718640 0.011719 0.021102
1 0.499609 0.711020 0.010156 0.019930
1 0.458203 0.733294 0.011719 0.022274
1 0.491797 0.653576 0.008594 0.015240
1 0.506641 0.696952 0.010156 0.017585
1 0.498828 0.693435 0.008594 0.017585
1 0.484766 0.688746 0.010156 0.019930
1 0.467578 0.709848 0.011719 0.022274
1 0.450391 0.717468 0.011719 0.021102
1 0.437500 0.723916 0.012500 0.024619
1 0.427734 0.715709 0.010156 0.019930
1 0.448437 0.703400 0.009375 0.016413
1 0.476953 0.672333 0.010156 0.012896
1 0.423828 0.701055 0.011719 0.018757
1 0.418750 0.685815 0.009375 0.016413
1 0.432031 0.686987 0.009375 0.018757
1 0.442188 0.682884 0.010937 0.017585
1 0.446094 0.664127 0.007812 0.017585
1 0.455469 0.664713 0.007812 0.016413
1 0.464062 0.661782 0.007812 0.012896
1 0.454688 0.657679 0.007812 0.011723
1 0.437109 0.660023 0.007031 0.011723
1 0.431250 0.666471 0.007812 0.012896
1 0.408203 0.719226 0.010156 0.019930
1 0.385156 0.723329 0.012500 0.018757
1 0.357812 0.718640 0.010937 0.018757
1 0.330859 0.724502 0.011719 0.021102
1 0.350781 0.713365 0.010937 0.019930
1 0.365234 0.726846 0.011719 0.018757
1 0.319922 0.705158 0.011719 0.022274
1 0.390234 0.709848 0.010156 0.024619
1 0.399609 0.702814 0.010156 0.022274
1 0.226953 0.862837 0.021094 0.037515
1 0.133984 0.855803 0.022656 0.039859
1 0.176563 0.782532 0.015625 0.024619
1 0.235547 0.733294 0.014844 0.024619
1 0.268750 0.740914 0.012500 0.021102
1 0.266797 0.718640 0.011719 0.018757
1 0.280078 0.703986 0.011719 0.017585
1 0.292969 0.692849 0.009375 0.018757
1 0.314844 0.706917 0.009375 0.016413
1 0.363672 0.698710 0.008594 0.016413
1 0.370703 0.697538 0.010156 0.018757
1 0.345313 0.696366 0.007812 0.014068
1 0.314063 0.690504 0.009375 0.018757
1 0.308203 0.686401 0.008594 0.017585
1 0.324609 0.661782 0.007031 0.015240
1 0.329688 0.664127 0.006250 0.010551
1 0.341016 0.664713 0.007031 0.014068
1 0.346094 0.659437 0.006250 0.012896
1 0.360547 0.662954 0.007031 0.010551
1 0.358984 0.674678 0.007031 0.015240
1 0.373437 0.662368 0.007812 0.014068
1 0.378516 0.657679 0.007031 0.011723
1 0.414062 0.668816 0.007812 0.015240
1 0.392188 0.644197 0.007812 0.012896
1 0.422266 0.648300 0.007031 0.014068
1 0.420703 0.662368 0.007031 0.011723
1 0.435547 0.636577 0.007031 0.009379
1 0.423438 0.634232 0.006250 0.011723
1 0.410938 0.631887 0.006250 0.009379
1 0.285547 0.629543 0.007031 0.011723
1 0.288672 0.647128 0.007031 0.011723
1 0.307031 0.644197 0.006250 0.010551
1 0.314453 0.630715 0.007031 0.011723
1 0.350000 0.643611 0.007812 0.014068
1 0.363281 0.644783 0.006250 0.011723
1 0.362891 0.626026 0.005469 0.009379
1 0.376172 0.623681 0.005469 0.009379
1 0.384766 0.613716 0.005469 0.008206
1 0.403125 0.623095 0.004687 0.008206
1 0.374219 0.606682 0.004687 0.008206
1 0.385156 0.609613 0.004687 0.007034
1 0.396875 0.606682 0.004687 0.008206
1 0.407813 0.611372 0.004687 0.008206
1 0.414844 0.610199 0.004687 0.008206
1 0.444531 0.605510 0.004687 0.008206
1 0.476953 0.616647 0.005469 0.009379
1 0.492578 0.614302 0.005469 0.009379
1 0.512109 0.631301 0.007031 0.010551
1 0.522266 0.630129 0.007031 0.010551
1 0.510547 0.614889 0.005469 0.008206
1 0.522266 0.617819 0.005469 0.007034
1 0.539844 0.604338 0.004687 0.005862
1 0.524609 0.607268 0.005469 0.009379
1 0.502734 0.595545 0.003906 0.007034
1 0.490234 0.597890 0.003906 0.007034
1 0.482031 0.597890 0.004687 0.007034
1 0.471484 0.606682 0.003906 0.005862
1 0.479297 0.608441 0.003906 0.007034
1 0.457813 0.601407 0.004687 0.007034
1 0.466797 0.617233 0.010156 0.043376
1 0.450391 0.600821 0.003906 0.005862
1 0.439453 0.602579 0.005469 0.009379
1 0.431641 0.598476 0.003906 0.005862
1 0.348828 0.590856 0.003906 0.007034
1 0.344531 0.590270 0.003125 0.005862
1 0.362891 0.587925 0.003906 0.005862
1 0.371094 0.603751 0.009375 0.037515
1 0.394141 0.589097 0.003906 0.005862
1 0.402734 0.590856 0.003906 0.007034
