1 0.059152 0.215939 0.062252 0.100529
1 0.139013 0.239583 0.049851 0.091601
1 0.191964 0.224537 0.051587 0.085979
1 0.219246 0.219246 0.035218 0.066799
1 0.271081 0.242560 0.041667 0.069114
1 0.309028 0.247189 0.034226 0.065807
1 0.355779 0.256614 0.036458 0.066799
1 0.406746 0.257440 0.032738 0.062500
1 0.451885 0.260251 0.032242 0.057540
1 0.499256 0.217262 0.035714 0.060185
1 0.517237 0.274471 0.033978 0.053571
1 0.580233 0.259921 0.040427 0.067460
1 0.605035 0.208168 0.034970 0.059854
1 0.647073 0.232639 0.035714 0.067130
1 0.686880 0.279762 0.037450 0.068783
1 0.748264 0.219907 0.039187 0.070106
1 0.795387 0.215112 0.047619 0.087632
1 0.853547 0.239583 0.049851 0.082341
1 0.927207 0.192295 0.061756 0.106151
