1 0.430570 0.680339 0.007630 0.011525
1 0.538911 0.693220 0.004578 0.007458
1 0.571465 0.695254 0.005595 0.007458
1 0.723550 0.699322 0.004578 0.006102
1 0.772380 0.702373 0.002543 0.004068
1 0.775941 0.701356 0.003561 0.004746
1 0.818413 0.703390 0.004069 0.006102
1 0.846897 0.703051 0.003052 0.004068
1 0.855290 0.702373 0.004578 0.006780
1 0.929807 0.704407 0.003052 0.004068
1 0.937436 0.706102 0.003052 0.004746
1 0.942777 0.706441 0.002543 0.004068
1 0.949390 0.705424 0.003561 0.004746
1 0.961597 0.707119 0.002543 0.002712
1 0.967447 0.708475 0.003052 0.005424
1 0.994405 0.708814 0.002035 0.002034
1 0.552645 0.694237 0.005595 0.008136
