1 0.651563 0.479861 0.026562 0.056944
1 0.921875 0.180556 0.015625 0.036111
1 0.751563 0.078472 0.015625 0.023611
1 0.573438 0.298611 0.018750 0.036111
1 0.564453 0.196528 0.014844 0.031944
1 0.546094 0.229861 0.020313 0.045833
1 0.499219 0.204861 0.015625 0.040278
1 0.533203 0.320139 0.019531 0.045833
1 0.489453 0.485417 0.025781 0.045833
1 0.164453 0.222222 0.014844 0.036111
1 0.023047 0.313889 0.022656 0.047222
1 0.956250 0.027778 0.007812 0.016667
1 0.957812 0.010417 0.009375 0.020833
1 0.983984 0.035417 0.032031 0.065278
