1 0.377145 0.570670 0.005515 0.007353
1 0.391544 0.554739 0.006127 0.008170
1 0.399816 0.556373 0.005515 0.009804
1 0.409620 0.553105 0.005515 0.006536
1 0.418811 0.564542 0.011642 0.031046
1 0.424326 0.553513 0.005515 0.007353
1 0.414216 0.575163 0.012255 0.050654
1 0.431066 0.560866 0.004289 0.005719
1 0.439645 0.555964 0.004289 0.005719
1 0.445772 0.553513 0.004289 0.005719
1 0.457108 0.573121 0.004902 0.005719
1 0.463848 0.557598 0.006127 0.007353
1 0.482230 0.557190 0.004902 0.009804
1 0.513174 0.582516 0.011642 0.029412
1 0.523284 0.568627 0.006127 0.008170
1 0.505515 0.546160 0.004902 0.007353
1 0.403799 0.595588 0.004902 0.006536
1 0.439645 0.618464 0.005515 0.008170
1 0.462316 0.618056 0.005515 0.007353
1 0.518076 0.638480 0.006740 0.007353
1 0.454044 0.634395 0.004902 0.005719
1 0.448529 0.640523 0.007353 0.011438
1 0.471507 0.642157 0.009191 0.011438
1 0.495098 0.646650 0.012255 0.017157
1 0.474571 0.661356 0.010417 0.020425
1 0.481924 0.660131 0.015319 0.021242
1 0.443627 0.649101 0.012255 0.018791
1 0.382659 0.650327 0.014093 0.021242
1 0.323529 0.641340 0.009804 0.017974
1 0.323529 0.653595 0.011029 0.019608
1 0.337010 0.646242 0.013480 0.022876
1 0.352941 0.655637 0.011029 0.022059
1 0.264093 0.661765 0.009804 0.016340
