1 0.353125 0.305017 0.057083 0.119064
1 0.731042 0.356522 0.049583 0.086957
1 0.919792 0.293645 0.038750 0.080268
1 0.825208 0.257860 0.036250 0.074247
1 0.883958 0.061204 0.023750 0.046154
1 0.102292 0.105351 0.033750 0.058194
1 0.033542 0.184281 0.062083 0.240134
1 0.071667 0.026087 0.031667 0.052174
1 0.252292 0.024415 0.030417 0.048829
1 0.288542 0.035452 0.022083 0.048161
1 0.306042 0.120736 0.056250 0.241472
1 0.327500 0.022074 0.024167 0.044147
1 0.351042 0.114381 0.052917 0.228763
1 0.396667 0.028763 0.025000 0.054849
1 0.421875 0.036789 0.024583 0.041472
1 0.468958 0.038127 0.022917 0.040134
1 0.540208 0.111037 0.075417 0.222074
1 0.422083 0.038462 0.024167 0.042140
