1 0.904297 0.447291 0.052734 0.083455
1 0.854004 0.451684 0.049805 0.074671
1 0.987305 0.418009 0.025391 0.065886
1 0.911133 0.292826 0.013672 0.023426
1 0.866699 0.325037 0.018555 0.029283
1 0.767578 0.351391 0.025391 0.049780
1 0.854004 0.263543 0.006836 0.011713
1 0.571289 0.332357 0.027344 0.052709
1 0.597656 0.322840 0.021484 0.036603
1 0.543457 0.341874 0.016602 0.030747
1 0.500977 0.338214 0.017578 0.032211
1 0.466309 0.322108 0.022461 0.038067
1 0.406738 0.331625 0.014648 0.027818
1 0.343750 0.316984 0.015625 0.024890
1 0.275879 0.330893 0.020508 0.040996
1 0.240723 0.354319 0.036133 0.070278
1 0.167480 0.583455 0.069336 0.115666
1 0.205566 0.274524 0.010742 0.019034
1 0.296875 0.311859 0.021484 0.032211
1 0.389648 0.309663 0.013672 0.021962
1 0.450684 0.287701 0.010742 0.019034
1 0.480957 0.276720 0.010742 0.020498
1 0.514648 0.261347 0.007812 0.013177
1 0.542969 0.284773 0.011719 0.019034
1 0.427734 0.262079 0.007812 0.014641
1 0.370605 0.266471 0.006836 0.014641
1 0.360352 0.260615 0.007812 0.014641
1 0.335449 0.262079 0.008789 0.014641
1 0.393555 0.252562 0.005859 0.010249
1 0.383301 0.289165 0.008789 0.016105
1 0.412109 0.272328 0.007812 0.011713
1 0.188965 0.273792 0.006836 0.011713
1 0.176270 0.273060 0.006836 0.010249
1 0.117188 0.278184 0.007812 0.011713
1 0.158203 0.270864 0.007812 0.011713
