1 0.988667 0.521111 0.009333 0.020000
1 0.946667 0.372222 0.008000 0.011111
1 0.926667 0.266667 0.010667 0.022222
1 0.988000 0.367778 0.008000 0.015556
1 0.995333 0.394444 0.009333 0.073333
1 0.988000 0.306667 0.008000 0.017778
1 0.995333 0.327778 0.009333 0.060000
1 0.775333 0.364444 0.009333 0.017778
1 0.714000 0.293333 0.017333 0.062222
1 0.692000 0.327778 0.005333 0.011111
1 0.653333 0.347778 0.005333 0.011111
1 0.668667 0.271111 0.006667 0.013333
1 0.650000 0.267778 0.006667 0.011111
1 0.619333 0.268889 0.006667 0.013333
1 0.570000 0.298889 0.022667 0.082222
1 0.569333 0.308889 0.016000 0.053333
1 0.554667 0.305556 0.013333 0.051111
1 0.543333 0.306667 0.014667 0.053333
1 0.650000 0.437778 0.022667 0.062222
1 0.628667 0.423333 0.009333 0.015556
1 0.626667 0.397778 0.008000 0.013333
1 0.016000 0.368889 0.016000 0.071111
1 0.009333 0.355556 0.018667 0.075556
1 0.188000 0.333333 0.117333 0.262222
1 0.474667 0.171111 0.122667 0.275556
1 0.836667 0.322222 0.137333 0.297778
1 0.781333 0.362222 0.008000 0.013333
