1 0.113462 0.572004 0.025385 0.032226
1 0.255385 0.562437 0.023077 0.033233
1 0.256538 0.534240 0.026923 0.031219
1 0.240000 0.514602 0.016923 0.024169
1 0.259615 0.477845 0.011538 0.019134
1 0.303462 0.510070 0.013077 0.021148
1 0.315769 0.510574 0.016154 0.022155
1 0.331923 0.499496 0.016154 0.024169
1 0.342308 0.533233 0.018462 0.033233
1 0.375385 0.480866 0.015385 0.021148
1 0.900769 0.460725 0.015385 0.029204
1 0.878462 0.477341 0.015385 0.026183
1 0.862308 0.480866 0.016923 0.025176
1 0.843846 0.484894 0.015385 0.021148
1 0.822308 0.512588 0.016923 0.026183
1 0.783846 0.498993 0.018462 0.027190
1 0.779615 0.496475 0.013077 0.020141
1 0.755385 0.494965 0.018462 0.023162
1 0.740000 0.515609 0.018462 0.028197
1 0.723846 0.425982 0.013846 0.020141
1 0.688077 0.500504 0.014615 0.022155
1 0.675000 0.509567 0.013077 0.020141
1 0.638462 0.439074 0.013846 0.020141
1 0.636154 0.486908 0.013846 0.021148
1 0.606154 0.446123 0.013846 0.020141
1 0.610000 0.510574 0.018462 0.026183
1 0.589231 0.498993 0.012308 0.015106
1 0.565385 0.488922 0.013846 0.021148
1 0.540000 0.488922 0.013846 0.019134
1 0.515000 0.482880 0.014615 0.019134
1 0.518077 0.501007 0.014615 0.019134
1 0.504615 0.533736 0.018462 0.024169
1 0.505000 0.535247 0.013077 0.017120
1 0.500385 0.483887 0.016154 0.021148
1 0.465769 0.583082 0.033077 0.036254
1 0.408462 0.516113 0.015385 0.023162
1 0.418462 0.563444 0.012308 0.019134
1 0.411538 0.512085 0.013846 0.023162
1 0.439231 0.524169 0.015385 0.021148
1 0.428077 0.497986 0.016154 0.023162
1 0.448846 0.492951 0.014615 0.021148
1 0.465385 0.499496 0.013846 0.020141
1 0.382308 0.442095 0.013846 0.020141
1 0.426538 0.455690 0.013077 0.019134
1 0.435385 0.459718 0.010769 0.015106
1 0.453462 0.451158 0.014615 0.020141
1 0.452692 0.464753 0.016154 0.019134
