1 0.863889 0.680833 0.016667 0.025000
1 0.799444 0.662500 0.016667 0.031667
1 0.801111 0.665833 0.015556 0.025000
1 0.743889 0.659167 0.012222 0.021667
1 0.701667 0.658333 0.010000 0.016667
1 0.646667 0.665833 0.008889 0.015000
1 0.653889 0.662500 0.007778 0.015000
1 0.667778 0.668333 0.008889 0.013333
1 0.606111 0.680833 0.010000 0.015000
1 0.617222 0.664167 0.010000 0.015000
1 0.583889 0.671667 0.010000 0.016667
1 0.562222 0.678333 0.008889 0.013333
1 0.545000 0.673333 0.010000 0.016667
1 0.524444 0.667500 0.008889 0.015000
1 0.510000 0.677500 0.008889 0.015000
1 0.496111 0.676667 0.007778 0.013333
1 0.487778 0.678333 0.008889 0.013333
1 0.476111 0.678333 0.007778 0.013333
1 0.452778 0.680000 0.007778 0.016667
1 0.430556 0.682500 0.010000 0.015000
1 0.439444 0.679167 0.010000 0.015000
1 0.466111 0.666667 0.010000 0.016667
1 0.416667 0.690000 0.008889 0.013333
1 0.370000 0.676667 0.008889 0.013333
1 0.341111 0.682500 0.011111 0.015000
1 0.350000 0.723333 0.017778 0.096667
1 0.310556 0.690833 0.007778 0.011667
1 0.305000 0.686667 0.005556 0.010000
1 0.289444 0.683333 0.005556 0.010000
1 0.273889 0.684167 0.007778 0.015000
1 0.262222 0.715833 0.017778 0.075000
1 0.241667 0.690000 0.005556 0.010000
1 0.206111 0.686667 0.007778 0.010000
1 0.192778 0.693333 0.005556 0.010000
1 0.172222 0.702500 0.006667 0.011667
1 0.151667 0.689167 0.007778 0.011667
1 0.097778 0.725833 0.011111 0.045000
1 0.063333 0.703333 0.004444 0.006667
1 0.076111 0.714167 0.005556 0.008333
1 0.012778 0.700833 0.007778 0.011667
1 0.091667 0.697500 0.003333 0.005000
1 0.322222 0.693333 0.006667 0.010000
1 0.680556 0.692500 0.016667 0.061667
1 0.726667 0.688333 0.020000 0.070000
