1 0.062988 0.358450 0.037109 0.050592
1 0.037598 0.262648 0.031250 0.037675
1 0.463379 0.275565 0.035156 0.052745
1 0.436279 0.310549 0.045410 0.057051
1 0.366211 0.354682 0.035156 0.045210
1 0.558105 0.260226 0.027344 0.042519
1 0.604004 0.245425 0.034180 0.044133
1 0.640137 0.259419 0.038086 0.049516
1 0.714111 0.299247 0.038574 0.051668
1 0.819824 0.328848 0.046875 0.064586
1 0.990479 0.417922 0.019043 0.066200
1 0.405029 0.061895 0.020020 0.024758
1 0.461670 0.098493 0.062988 0.121636
1 0.521729 0.095264 0.073730 0.125942
1 0.518311 0.132131 0.077637 0.117869
1 0.456543 0.160657 0.031250 0.043595
1 0.526611 0.154736 0.032715 0.047901
1 0.567383 0.092304 0.065430 0.129709
1 0.586914 0.133208 0.069336 0.122174
1 0.585205 0.113563 0.020996 0.029064
1 0.635010 0.112756 0.023926 0.033907
1 0.621582 0.058934 0.019531 0.028525
1 0.671631 0.069699 0.025879 0.036060
1 0.690918 0.106297 0.026367 0.036060
1 0.715332 0.050323 0.018555 0.027449
1 0.760010 0.048977 0.024902 0.026911
1 0.818604 0.020990 0.020020 0.020452
1 0.875000 0.023143 0.018555 0.029064
1 0.941895 0.021529 0.024414 0.030140
1 0.805420 0.061356 0.024902 0.033369
1 0.856689 0.071582 0.029785 0.035522
1 0.943115 0.055167 0.026855 0.036060
1 0.765625 0.107643 0.032227 0.035522
1 0.843018 0.113025 0.026855 0.034446
1 0.830811 0.142088 0.027832 0.035522
1 0.818604 0.168461 0.025879 0.043057
1 0.750977 0.185684 0.076172 0.129171
1 0.740234 0.152583 0.026367 0.033907
1 0.697998 0.208019 0.029785 0.038213
1 0.787354 0.241658 0.030762 0.046286
1 0.883545 0.225242 0.032715 0.045748
1 0.982666 0.238698 0.034668 0.052207
1 0.960205 0.284715 0.037598 0.044133
1 0.187744 0.248116 0.110840 0.115178
1 0.258057 0.339612 0.078613 0.120560
1 0.469727 0.411464 0.065430 0.114639
1 0.542236 0.533100 0.109863 0.144779
1 0.678223 0.399354 0.091797 0.113025
1 0.800781 0.380517 0.120117 0.119483
1 0.310303 0.391819 0.085449 0.111948
