1 0.011500 0.466165 0.005000 0.009023
1 0.042000 0.460150 0.006000 0.009023
1 0.062500 0.470677 0.009000 0.030075
1 0.070500 0.460150 0.005000 0.006015
1 0.080500 0.465414 0.005000 0.007519
1 0.102000 0.479699 0.010000 0.042105
1 0.112500 0.466165 0.003000 0.006015
1 0.119000 0.460902 0.004000 0.007519
1 0.133000 0.461654 0.004000 0.006015
1 0.178000 0.467669 0.004000 0.006015
1 0.197000 0.461654 0.004000 0.006015
1 0.260000 0.469173 0.008000 0.027068
1 0.267500 0.470677 0.007000 0.024060
1 0.254500 0.465414 0.011000 0.019549
1 0.279500 0.457143 0.011000 0.018045
1 0.311500 0.473684 0.007000 0.027068
1 0.330500 0.452632 0.009000 0.015038
1 0.334500 0.453383 0.011000 0.019549
1 0.358000 0.459398 0.010000 0.013534
1 0.369500 0.464662 0.007000 0.012030
1 0.387500 0.455639 0.009000 0.015038
1 0.387500 0.459398 0.011000 0.019549
1 0.414500 0.466165 0.013000 0.018045
1 0.404500 0.471429 0.005000 0.007519
1 0.428500 0.461654 0.009000 0.012030
1 0.436500 0.462406 0.011000 0.019549
1 0.455500 0.480451 0.007000 0.010526
1 0.453500 0.462406 0.007000 0.010526
1 0.488500 0.465414 0.013000 0.019549
1 0.504000 0.471429 0.006000 0.010526
1 0.514500 0.461654 0.009000 0.015038
1 0.519000 0.464662 0.006000 0.009023
1 0.526500 0.464662 0.007000 0.009023
1 0.539500 0.487970 0.007000 0.010526
1 0.544500 0.514286 0.015000 0.054135
1 0.552500 0.469173 0.007000 0.015038
1 0.555500 0.480451 0.007000 0.010526
1 0.563500 0.467669 0.007000 0.012030
1 0.580500 0.485714 0.007000 0.012030
1 0.591500 0.467669 0.011000 0.015038
1 0.598000 0.475940 0.008000 0.028571
1 0.615500 0.480451 0.007000 0.010526
1 0.627000 0.471429 0.010000 0.016541
1 0.638500 0.463158 0.013000 0.021053
1 0.659500 0.450376 0.013000 0.022556
1 0.666500 0.528571 0.027000 0.163910
1 0.681500 0.456391 0.017000 0.025564
1 0.685500 0.442857 0.013000 0.022556
1 0.701500 0.456391 0.021000 0.037594
1 0.719000 0.465414 0.026000 0.043609
1 0.737000 0.448872 0.016000 0.031579
1 0.754500 0.451128 0.021000 0.039098
1 0.765500 0.464662 0.015000 0.033083
1 0.797000 0.470677 0.020000 0.039098
1 0.794000 0.467669 0.026000 0.039098
1 0.806500 0.475188 0.031000 0.054135
1 0.821000 0.452632 0.040000 0.072180
1 0.888500 0.468421 0.029000 0.052632
1 0.906500 0.472932 0.025000 0.049624
1 0.957500 0.479699 0.031000 0.051128
1 0.990000 0.475940 0.020000 0.085714
1 0.981500 0.472180 0.007000 0.012030
