1 0.297759 0.816814 0.003538 0.005310
1 0.340802 0.844248 0.004717 0.007080
1 0.352005 0.856637 0.008255 0.035398
1 0.380896 0.861947 0.004717 0.007080
1 0.391509 0.870796 0.004717 0.007080
1 0.410967 0.863717 0.005896 0.007080
1 0.395047 0.845133 0.011792 0.033628
1 0.402123 0.835398 0.009434 0.028319
1 0.403302 0.835398 0.004717 0.007080
1 0.411557 0.752212 0.009434 0.031858
1 0.514741 0.837168 0.005896 0.010619
1 0.526533 0.832743 0.003538 0.005310
1 0.557783 0.700885 0.007075 0.021239
1 0.551297 0.696460 0.005896 0.019469
1 0.564858 0.701770 0.007075 0.023009
1 0.601415 0.723894 0.007075 0.028319
1 0.607311 0.723009 0.007075 0.019469
1 0.600236 0.766372 0.009434 0.028319
1 0.608491 0.753097 0.004717 0.005310
