1 0.895625 0.418333 0.048750 0.073333
1 0.956875 0.482500 0.033750 0.061667
1 0.980625 0.445000 0.038750 0.056667
1 0.760625 0.380833 0.048750 0.091667
1 0.703125 0.435000 0.016250 0.023333
1 0.726875 0.412500 0.011250 0.015000
1 0.690000 0.454167 0.012500 0.018333
1 0.673750 0.455833 0.010000 0.018333
1 0.572500 0.449167 0.025000 0.041667
1 0.527500 0.450833 0.012500 0.018333
1 0.597500 0.448333 0.017500 0.020000
1 0.480000 0.421667 0.027500 0.043333
1 0.444375 0.325000 0.051250 0.086667
1 0.389375 0.434167 0.008750 0.011667
1 0.371250 0.481667 0.025000 0.096667
1 0.353750 0.430833 0.012500 0.021667
1 0.330625 0.441667 0.008750 0.013333
1 0.290625 0.454167 0.018750 0.031667
1 0.261875 0.460833 0.016250 0.028333
1 0.203125 0.372500 0.053750 0.095000
1 0.226250 0.412500 0.035000 0.051667
1 0.166875 0.445000 0.018750 0.026667
1 0.109375 0.470000 0.038750 0.060000
1 0.038125 0.434167 0.046250 0.065000
1 0.061875 0.449167 0.021250 0.038333
1 0.695000 0.444167 0.010000 0.015000
1 0.711875 0.439167 0.013750 0.018333
