1 0.004449 0.596065 0.008030 0.014660
1 0.101562 0.587770 0.006944 0.013503
1 0.123481 0.584684 0.005642 0.010417
1 0.145291 0.586034 0.005425 0.010031
1 0.178277 0.588735 0.005425 0.009259
1 0.267144 0.580440 0.002604 0.005787
1 0.286241 0.593171 0.003038 0.005787
1 0.295247 0.587384 0.002821 0.005015
1 0.302734 0.583719 0.002604 0.005401
1 0.324219 0.582369 0.002604 0.005015
1 0.325629 0.586227 0.002387 0.005015
1 0.327365 0.583719 0.002821 0.005401
1 0.356879 0.585455 0.002387 0.004244
1 0.353082 0.586998 0.002604 0.004244
1 0.372070 0.585069 0.002387 0.005015
1 0.384766 0.586613 0.002170 0.003472
1 0.397027 0.585841 0.001953 0.004244
1 0.399306 0.585455 0.001736 0.003472
1 0.403863 0.582562 0.002170 0.003858
1 0.404622 0.569830 0.001085 0.002315
1 0.402452 0.570988 0.001519 0.003086
1 0.257704 0.575424 0.002821 0.014275
1 0.245768 0.569637 0.001085 0.002701
1 0.241319 0.569444 0.001302 0.002315
1 0.324978 0.576582 0.002387 0.015046
1 0.331163 0.571759 0.001302 0.002315
1 0.354709 0.571759 0.001519 0.003086
1 0.356988 0.575039 0.003906 0.015818
1 0.463216 0.578897 0.004123 0.011960
1 0.465820 0.582176 0.001519 0.003086
1 0.326714 0.525270 0.003689 0.014275
1 0.319770 0.520448 0.001085 0.002315
1 0.351888 0.519869 0.001085 0.002701
1 0.354926 0.519290 0.001085 0.002315
1 0.355686 0.523148 0.001302 0.002315
1 0.357964 0.520448 0.001085 0.002315
1 0.388346 0.519676 0.001085 0.002315
1 0.432726 0.519483 0.000868 0.001929
1 0.440213 0.520062 0.001085 0.002315
1 0.440647 0.526813 0.003689 0.007330
1 0.456272 0.520255 0.001085 0.001929
1 0.525391 0.517747 0.001302 0.002315
1 0.528754 0.519483 0.001085 0.001929
1 0.530707 0.519483 0.001085 0.001929
1 0.493381 0.581983 0.001085 0.001929
1 0.511936 0.573302 0.000868 0.002315
1 0.508789 0.570216 0.001085 0.002315
1 0.507921 0.578511 0.002821 0.009645
1 0.499566 0.570216 0.001302 0.002315
1 0.496311 0.569830 0.001302 0.002315
1 0.569553 0.581597 0.001519 0.003472
1 0.603407 0.584684 0.002387 0.005015
1 0.634657 0.584684 0.002387 0.004244
1 0.638238 0.584491 0.002604 0.004630
1 0.665907 0.586998 0.003255 0.005015
1 0.672852 0.589313 0.002387 0.005015
1 0.698676 0.585455 0.003255 0.007330
1 0.684353 0.574653 0.001085 0.001929
1 0.698676 0.570795 0.001085 0.002701
1 0.690321 0.571566 0.001302 0.002701
1 0.712674 0.607253 0.006510 0.026235
1 0.715712 0.592400 0.001736 0.003472
1 0.718316 0.593943 0.002170 0.004244
1 0.730360 0.586806 0.004123 0.009259
1 0.741753 0.590664 0.003472 0.008488
1 0.753581 0.595293 0.002387 0.004630
1 0.757812 0.595679 0.002604 0.003858
1 0.763563 0.597415 0.002821 0.005015
1 0.773763 0.592400 0.004123 0.008102
1 0.796984 0.590664 0.004991 0.010031
1 0.808051 0.589120 0.005425 0.010802
1 0.819878 0.592593 0.003906 0.010031
1 0.827799 0.626543 0.004991 0.009259
1 0.834852 0.594715 0.006510 0.012731
1 0.843750 0.597029 0.004340 0.010417
1 0.851345 0.585841 0.002604 0.005015
1 0.858073 0.590085 0.003038 0.005015
1 0.877279 0.586806 0.011068 0.019290
1 0.488932 0.582369 0.002604 0.008102
1 0.658312 0.524306 0.001085 0.002315
1 0.663845 0.529321 0.003472 0.011574
1 0.654514 0.525077 0.003472 0.013889
1 0.653320 0.527778 0.003689 0.011574
1 0.651801 0.528742 0.002387 0.008873
1 0.534288 0.519097 0.001302 0.001929
1 0.534939 0.518711 0.001302 0.002701
1 0.585720 0.525270 0.003906 0.008873
1 0.593207 0.520448 0.001085 0.002315
1 0.621094 0.521412 0.001302 0.001929
1 0.623698 0.521412 0.001302 0.001929
1 0.626085 0.520833 0.000868 0.001543
1 0.636502 0.521412 0.001302 0.001929
1 0.383464 0.585841 0.002170 0.003472
1 0.518012 0.583526 0.001302 0.002701
1 0.519206 0.580633 0.001519 0.003086
1 0.604601 0.583526 0.001736 0.003472
1 0.657661 0.570602 0.001085 0.002315
1 0.661458 0.571952 0.001736 0.003472
1 0.661675 0.572338 0.001302 0.002701
1 0.664388 0.577353 0.002821 0.015046
