1 0.005000 0.435185 0.007778 0.009630
1 0.019167 0.444074 0.009444 0.017037
1 0.066111 0.450370 0.016667 0.026667
1 0.107500 0.445185 0.015000 0.020741
1 0.126111 0.448889 0.017778 0.029630
1 0.168889 0.619259 0.027778 0.037037
1 0.345000 0.638889 0.028889 0.051111
1 0.628056 0.767407 0.037222 0.047407
1 0.817778 0.741111 0.028889 0.036296
1 0.774444 0.598148 0.027778 0.045185
1 0.783333 0.445185 0.021111 0.031111
1 0.796111 0.460741 0.015556 0.023704
1 0.850833 0.469630 0.017222 0.023704
1 0.879722 0.457407 0.020556 0.031852
1 0.875000 0.454444 0.016667 0.024444
1 0.905556 0.448889 0.015556 0.029630
1 0.915000 0.469630 0.015556 0.028148
1 0.938333 0.454815 0.012222 0.020741
1 0.948333 0.465185 0.014444 0.025185
1 0.962500 0.461852 0.013889 0.020000
1 0.971389 0.458148 0.017222 0.030370
