1 0.009848 0.728365 0.019697 0.033654
1 0.009091 0.728365 0.018182 0.028846
1 0.034848 0.830529 0.069697 0.266827
1 0.041667 0.733173 0.013636 0.024038
1 0.068939 0.730769 0.019697 0.038462
1 0.091667 0.735577 0.019697 0.028846
1 0.082576 0.733173 0.019697 0.038462
1 0.111364 0.716346 0.019697 0.033654
1 0.134848 0.718750 0.015152 0.028846
1 0.159091 0.724760 0.021212 0.036058
1 0.168182 0.698317 0.015152 0.026442
1 0.171212 0.758413 0.021212 0.036058
1 0.140909 0.974760 0.039394 0.050481
1 0.192424 0.800481 0.024242 0.043269
1 0.214394 0.811298 0.025758 0.040865
1 0.273485 0.780048 0.022727 0.036058
1 0.200758 0.673077 0.016667 0.033654
1 0.207576 0.675481 0.021212 0.038462
1 0.192424 0.800481 0.021212 0.038462
1 0.231818 0.736779 0.018182 0.031250
1 0.259091 0.746394 0.021212 0.036058
1 0.317424 0.777644 0.016667 0.031250
1 0.275000 0.677885 0.019697 0.033654
1 0.307576 0.659856 0.015152 0.031250
1 0.257576 0.695913 0.018182 0.036058
1 0.271212 0.699519 0.015152 0.028846
1 0.245455 0.671875 0.015152 0.026442
1 0.350758 0.683894 0.019697 0.036058
1 0.339394 0.662260 0.018182 0.031250
1 0.366667 0.662260 0.021212 0.026442
1 0.381818 0.676683 0.018182 0.026442
1 0.387121 0.730769 0.022727 0.033654
1 0.404545 0.664663 0.018182 0.031250
1 0.451515 0.596154 0.024242 0.033654
1 0.444697 0.599760 0.013636 0.026442
1 0.466667 0.665865 0.021212 0.028846
1 0.490152 0.673077 0.019697 0.033654
1 0.405303 0.887019 0.028788 0.052885
1 0.467424 0.893029 0.028788 0.055288
1 0.482576 0.802885 0.025758 0.038462
1 0.556061 0.852163 0.036364 0.060096
1 0.550758 0.794471 0.028788 0.045673
1 0.570455 0.865385 0.028788 0.052885
1 0.653030 0.844952 0.033333 0.060096
1 0.633333 0.807692 0.024242 0.043269
1 0.730303 0.856971 0.033333 0.060096
1 0.793939 0.930288 0.027273 0.052885
1 0.887879 0.921875 0.030303 0.055288
1 0.981061 0.826923 0.037879 0.072115
1 0.980303 0.826923 0.039394 0.067308
1 0.993182 0.736779 0.013636 0.031250
1 0.960606 0.721154 0.021212 0.028846
1 0.928030 0.757212 0.010606 0.024038
1 0.913636 0.718750 0.015152 0.024038
1 0.901515 0.736779 0.012121 0.021635
1 0.846212 0.759615 0.013636 0.024038
1 0.844697 0.739183 0.013636 0.026442
1 0.819697 0.743990 0.012121 0.021635
1 0.803788 0.748798 0.016667 0.021635
1 0.778788 0.747596 0.021212 0.028846
1 0.772727 0.729567 0.015152 0.021635
1 0.732576 0.766827 0.022727 0.043269
1 0.722727 0.748798 0.021212 0.031250
1 0.723485 0.743990 0.019697 0.026442
1 0.687121 0.722356 0.019697 0.031250
1 0.713636 0.664663 0.018182 0.031250
1 0.640152 0.665865 0.016667 0.028846
1 0.584091 0.688702 0.016667 0.026442
1 0.543939 0.645433 0.021212 0.031250
