1 0.619167 0.680682 0.028333 0.045455
1 0.578750 0.682955 0.022500 0.038636
1 0.497083 0.672159 0.025833 0.039773
1 0.516250 0.783523 0.007500 0.010227
1 0.475000 0.785795 0.010000 0.012500
1 0.388750 0.697727 0.020833 0.027273
1 0.385417 0.722159 0.017500 0.023864
1 0.406250 0.748295 0.012500 0.019318
1 0.414167 0.752273 0.010000 0.018182
1 0.362917 0.747727 0.010833 0.015909
1 0.345417 0.747727 0.014167 0.020455
1 0.327500 0.746591 0.011667 0.020455
1 0.315417 0.764205 0.012500 0.019318
1 0.300000 0.744318 0.013333 0.020455
1 0.269583 0.747727 0.014167 0.018182
1 0.275417 0.786364 0.009167 0.015909
1 0.168750 0.778977 0.010833 0.017045
1 0.117917 0.757386 0.012500 0.014773
1 0.127083 0.763068 0.010833 0.017045
