1 0.004615 0.679393 0.009231 0.013598
1 0.087308 0.694561 0.010000 0.016736
1 0.108077 0.622908 0.013077 0.019874
1 0.165385 0.689854 0.010769 0.013598
1 0.186923 0.609310 0.010769 0.017782
1 0.122308 0.718619 0.016923 0.020921
1 0.217692 0.704498 0.021538 0.034519
1 0.236154 0.634414 0.013846 0.019874
1 0.311538 0.531904 0.030769 0.047071
1 0.493077 0.533473 0.032308 0.043933
1 0.647308 0.523013 0.034615 0.043933
1 0.821923 0.524582 0.033077 0.042887
1 0.921154 0.541841 0.031538 0.046025
1 0.993846 0.625523 0.012308 0.016736
1 0.732308 0.580021 0.020000 0.028243
1 0.756923 0.595711 0.016923 0.028243
1 0.687692 0.634937 0.010769 0.016736
1 0.588846 0.683577 0.011538 0.019874
1 0.555769 0.626046 0.011538 0.017782
1 0.420769 0.691423 0.009231 0.010460
1 0.515000 0.629184 0.008462 0.013598
1 0.348077 0.633368 0.011538 0.019874
