1 0.010742 0.384334 0.011719 0.016105
1 0.005371 0.374085 0.004883 0.007321
1 0.030762 0.353587 0.008789 0.016105
1 0.025391 0.350659 0.007812 0.013177
1 0.072754 0.355783 0.008789 0.014641
1 0.085449 0.370425 0.006836 0.011713
1 0.103027 0.396779 0.012695 0.049780
1 0.124512 0.362372 0.006836 0.013177
1 0.122559 0.375549 0.008789 0.016105
1 0.131836 0.393119 0.009766 0.016105
1 0.135254 0.433382 0.018555 0.096633
1 0.145020 0.363104 0.008789 0.014641
1 0.151855 0.387994 0.010742 0.014641
1 0.151367 0.377745 0.009766 0.014641
1 0.156250 0.361640 0.009766 0.017570
1 0.177734 0.386530 0.011719 0.017570
1 0.180176 0.342606 0.004883 0.005857
1 0.187988 0.362372 0.008789 0.016105
1 0.201660 0.357980 0.008789 0.013177
1 0.213867 0.367496 0.007812 0.011713
1 0.228027 0.362372 0.006836 0.010249
1 0.192383 0.442899 0.027344 0.103953
1 0.206055 0.387262 0.009766 0.016105
1 0.215820 0.396779 0.009766 0.014641
1 0.245605 0.448023 0.010742 0.017570
1 0.260742 0.445827 0.009766 0.016105
1 0.259766 0.446559 0.009766 0.017570
1 0.257324 0.398243 0.010742 0.017570
1 0.241211 0.380673 0.009766 0.017570
1 0.245605 0.358712 0.008789 0.011713
1 0.260254 0.368960 0.008789 0.014641
1 0.253906 0.356515 0.007812 0.010249
1 0.274414 0.385798 0.005859 0.010249
1 0.270996 0.352855 0.006836 0.011713
1 0.289551 0.388726 0.010742 0.016105
1 0.301270 0.363836 0.006836 0.013177
1 0.316406 0.367496 0.007812 0.014641
1 0.327637 0.365300 0.008789 0.013177
1 0.321777 0.388726 0.012695 0.019034
1 0.314453 0.397511 0.007812 0.016105
1 0.306641 0.384334 0.009766 0.016105
1 0.296387 0.379209 0.008789 0.014641
1 0.301758 0.440703 0.009766 0.017570
1 0.320312 0.396047 0.011719 0.019034
1 0.357910 0.392387 0.010742 0.017570
1 0.357910 0.392387 0.010742 0.017570
1 0.370117 0.382870 0.011719 0.019034
1 0.384277 0.399707 0.010742 0.017570
1 0.384766 0.396047 0.011719 0.021962
1 0.395508 0.363104 0.007812 0.014641
1 0.372559 0.451684 0.008789 0.016105
1 0.409180 0.389458 0.011719 0.017570
1 0.414551 0.379941 0.008789 0.021962
1 0.420410 0.401171 0.012695 0.020498
1 0.425781 0.386530 0.009766 0.020498
1 0.454590 0.387262 0.010742 0.021962
1 0.459473 0.349927 0.010742 0.014641
1 0.472168 0.396047 0.010742 0.016105
1 0.470215 0.360908 0.008789 0.013177
1 0.477051 0.367496 0.008789 0.014641
1 0.480469 0.389458 0.009766 0.017570
1 0.490234 0.387994 0.009766 0.014641
1 0.482910 0.450220 0.010742 0.016105
1 0.499512 0.398975 0.012695 0.019034
1 0.507812 0.385798 0.011719 0.021962
1 0.527832 0.448023 0.012695 0.023426
1 0.548828 0.471449 0.013672 0.023426
1 0.525879 0.398243 0.012695 0.020498
1 0.524902 0.379941 0.010742 0.016105
1 0.516602 0.352855 0.009766 0.017570
1 0.525391 0.355783 0.009766 0.014641
1 0.539551 0.355783 0.008789 0.014641
1 0.544922 0.361640 0.007812 0.011713
1 0.552246 0.389458 0.016602 0.076135
1 0.546875 0.398975 0.011719 0.021962
1 0.568359 0.394583 0.011719 0.019034
1 0.565430 0.360908 0.007812 0.013177
1 0.570801 0.371889 0.008789 0.014641
1 0.586426 0.365300 0.010742 0.016105
1 0.585938 0.390190 0.007812 0.013177
1 0.590820 0.409224 0.011719 0.019034
1 0.605469 0.390922 0.011719 0.017570
1 0.619141 0.413616 0.013672 0.021962
1 0.618164 0.385798 0.007812 0.013177
1 0.606445 0.358712 0.007812 0.014641
1 0.612793 0.355783 0.008789 0.014641
1 0.622559 0.483163 0.012695 0.020498
1 0.637207 0.459736 0.010742 0.017570
1 0.647949 0.392387 0.010742 0.020498
1 0.628418 0.377013 0.010742 0.019034
1 0.656250 0.357247 0.007812 0.011713
1 0.647461 0.471449 0.015625 0.026354
1 0.656250 0.463397 0.009766 0.016105
1 0.664062 0.462665 0.011719 0.020498
1 0.678711 0.461201 0.013672 0.017570
1 0.676758 0.382870 0.013672 0.021962
1 0.682617 0.407028 0.013672 0.020498
1 0.696289 0.407028 0.011719 0.023426
1 0.687012 0.384334 0.010742 0.021962
1 0.689453 0.352855 0.009766 0.017570
1 0.714844 0.459736 0.013672 0.020498
1 0.719238 0.404100 0.014648 0.023426
1 0.734863 0.396779 0.012695 0.023426
1 0.731934 0.371157 0.012695 0.019034
1 0.748047 0.375549 0.009766 0.016105
1 0.749023 0.363104 0.011719 0.014641
1 0.762695 0.454612 0.013672 0.019034
1 0.770508 0.402635 0.013672 0.023426
1 0.766602 0.386530 0.013672 0.020498
1 0.780273 0.360908 0.007812 0.013177
1 0.790527 0.366764 0.006836 0.013177
1 0.782715 0.385798 0.012695 0.021962
1 0.790039 0.407760 0.009766 0.019034
1 0.793945 0.387994 0.011719 0.020498
1 0.811035 0.390922 0.012695 0.020498
1 0.821777 0.406296 0.012695 0.019034
1 0.815430 0.351391 0.009766 0.017570
1 0.833496 0.356515 0.010742 0.019034
1 0.809082 0.471449 0.012695 0.026354
1 0.841309 0.466325 0.012695 0.021962
1 0.862305 0.473646 0.011719 0.024890
1 0.840820 0.399707 0.011719 0.020498
1 0.850586 0.401903 0.009766 0.019034
1 0.859375 0.395315 0.009766 0.017570
1 0.876953 0.400439 0.009766 0.019034
1 0.889160 0.389458 0.010742 0.020498
1 0.890625 0.385066 0.013672 0.020498
1 0.854004 0.355051 0.008789 0.013177
1 0.865234 0.362372 0.009766 0.016105
1 0.874512 0.355051 0.010742 0.016105
1 0.904785 0.352123 0.010742 0.019034
1 0.919434 0.359444 0.008789 0.016105
1 0.935547 0.408492 0.011719 0.020498
1 0.937012 0.398975 0.014648 0.027818
1 0.962891 0.401903 0.009766 0.016105
1 0.965332 0.411420 0.010742 0.020498
1 0.970703 0.403367 0.013672 0.021962
1 0.963867 0.357980 0.009766 0.016105
1 0.983887 0.366032 0.010742 0.017570
1 0.994141 0.369693 0.007812 0.013177
1 0.726074 0.311127 0.006836 0.013177
