1 0.016146 0.638889 0.015625 0.022222
1 0.029167 0.585417 0.014583 0.020833
1 0.045312 0.593750 0.011458 0.018056
1 0.080729 0.618750 0.009375 0.012500
1 0.073438 0.617361 0.011458 0.015278
1 0.132292 0.545833 0.018750 0.025000
1 0.121875 0.550694 0.014583 0.020833
1 0.180208 0.546528 0.014583 0.018056
1 0.411979 0.389583 0.140625 0.256944
1 0.508854 0.465972 0.051042 0.087500
1 0.484375 0.509722 0.050000 0.075000
1 0.597396 0.454861 0.015625 0.020833
1 0.648438 0.422222 0.019792 0.030556
1 0.670833 0.525000 0.010417 0.016667
1 0.690625 0.527778 0.008333 0.013889
1 0.719271 0.525000 0.011458 0.016667
1 0.751042 0.522222 0.010417 0.016667
1 0.788542 0.542361 0.010417 0.015278
1 0.854688 0.405556 0.019792 0.027778
1 0.896354 0.435417 0.028125 0.048611
1 0.934896 0.374306 0.026042 0.040278
1 0.967708 0.398611 0.022917 0.030556
