1 0.922956 0.723270 0.015723 0.025157
1 0.876572 0.727463 0.020440 0.029350
1 0.705975 0.716981 0.012579 0.020964
1 0.649371 0.710692 0.018868 0.029350
1 0.609277 0.738994 0.017296 0.027254
1 0.616352 0.706499 0.009434 0.012579
1 0.600629 0.715933 0.012579 0.018868
1 0.573899 0.715933 0.018868 0.027254
1 0.548742 0.696017 0.009434 0.012579
1 0.523585 0.708595 0.009434 0.012579
1 0.506289 0.725367 0.015723 0.033543
1 0.447327 0.732704 0.020440 0.031447
1 0.428459 0.729560 0.014151 0.016771
1 0.499214 0.705451 0.020440 0.027254
1 0.480346 0.706499 0.007862 0.012579
1 0.463050 0.715933 0.007862 0.014675
1 0.988994 0.783019 0.022013 0.157233
