1 0.554375 0.521429 0.030000 0.069048
1 0.476875 0.548810 0.030000 0.064286
1 0.460625 0.470238 0.011250 0.030952
1 0.498437 0.464881 0.013125 0.029762
1 0.020000 0.501786 0.018750 0.044048
1 0.026250 0.470238 0.017500 0.038095
1 0.053125 0.468452 0.018750 0.039286
1 0.075625 0.467262 0.016250 0.036905
1 0.083750 0.498214 0.021250 0.041667
1 0.096562 0.483333 0.018125 0.038095
1 0.635312 0.488690 0.010625 0.020238
1 0.715000 0.493452 0.005000 0.010714
1 0.721250 0.492857 0.006250 0.011905
1 0.729688 0.494048 0.005625 0.011905
1 0.731563 0.507738 0.006875 0.013095
1 0.708125 0.498810 0.005000 0.011905
1 0.713125 0.502976 0.005000 0.010714
