1 0.020000 0.484410 0.011667 0.017817
1 0.065417 0.478842 0.012500 0.020045
1 0.057500 0.483296 0.010000 0.017817
1 0.092917 0.470490 0.014167 0.023385
1 0.105000 0.483296 0.011667 0.017817
1 0.140833 0.483853 0.011667 0.023385
1 0.168750 0.480512 0.015833 0.021158
1 0.191250 0.480512 0.012500 0.021158
1 0.210833 0.538419 0.005000 0.007795
1 0.248333 0.481069 0.011667 0.017817
1 0.274583 0.472717 0.014167 0.018931
1 0.277917 0.497216 0.012500 0.018931
1 0.292917 0.496659 0.010833 0.015590
1 0.297917 0.500000 0.007500 0.015590
1 0.313333 0.485523 0.013333 0.022272
1 0.342083 0.489978 0.010833 0.015590
1 0.349167 0.483296 0.010000 0.015590
1 0.362083 0.471047 0.015833 0.022272
1 0.381250 0.488307 0.012500 0.016704
1 0.390000 0.476058 0.013333 0.021158
1 0.400833 0.488864 0.011667 0.017817
1 0.432083 0.491091 0.010833 0.017817
1 0.464167 0.480512 0.013333 0.018931
1 0.504583 0.489421 0.012500 0.018931
1 0.504583 0.488864 0.012500 0.020045
1 0.521667 0.494989 0.011667 0.014477
1 0.537500 0.497773 0.011667 0.017817
1 0.554583 0.489421 0.010833 0.018931
1 0.680833 0.487194 0.128333 0.221604
1 0.797500 0.498886 0.010000 0.015590
1 0.828750 0.501670 0.012500 0.018931
1 0.831667 0.503341 0.010000 0.017817
1 0.842500 0.493318 0.013333 0.020045
1 0.861667 0.489421 0.013333 0.023385
1 0.888750 0.479399 0.015833 0.023385
1 0.892917 0.509465 0.012500 0.021158
1 0.926667 0.489978 0.013333 0.024499
1 0.934583 0.487751 0.012500 0.024499
1 0.951667 0.489978 0.016667 0.026726
1 0.960417 0.531180 0.014167 0.022272
1 0.966667 0.491091 0.013333 0.022272
1 0.980833 0.492762 0.015000 0.025612
1 0.991667 0.499443 0.015000 0.023385
1 0.990000 0.518374 0.018333 0.025612
