1 0.035914 0.816011 0.041045 0.076545
1 0.109608 0.826721 0.059701 0.086728
1 0.128265 0.764572 0.047108 0.088132
1 0.286031 0.739115 0.035215 0.046348
1 0.347831 0.742802 0.038946 0.042486
1 0.369403 0.765098 0.029384 0.048455
1 0.409632 0.782479 0.031483 0.044593
1 0.425956 0.750176 0.031017 0.043890
1 0.444263 0.801440 0.038246 0.062149
1 0.492771 0.794242 0.034515 0.054073
1 0.566115 0.783532 0.020289 0.029846
1 0.579524 0.734902 0.005597 0.009129
1 0.598181 0.789853 0.030784 0.057935
1 0.643773 0.799508 0.026353 0.051264
1 0.666395 0.830056 0.028685 0.046348
1 0.634212 0.775105 0.020289 0.041784
1 0.660798 0.774052 0.016091 0.026334
1 0.690765 0.784410 0.016791 0.033708
1 0.709072 0.791784 0.022621 0.049860
1 0.743120 0.769136 0.021222 0.037570
1 0.778568 0.794944 0.031950 0.061096
1 0.765742 0.753511 0.024021 0.046348
1 0.829408 0.780197 0.050140 0.091292
1 0.904268 0.784937 0.039879 0.068469
1 0.876982 0.843223 0.068797 0.122542
1 0.966418 0.795822 0.033116 0.046699
