1 0.781875 0.299906 0.058750 0.129335
1 0.535937 0.204311 0.069375 0.157451
1 0.143125 0.237582 0.065000 0.109653
1 0.092500 0.075445 0.048750 0.096532
1 0.059687 0.084349 0.044375 0.084349
1 0.175000 0.089035 0.055000 0.091846
1 0.220625 0.139175 0.040000 0.089035
1 0.234375 0.034677 0.042500 0.067479
1 0.278438 0.065136 0.050625 0.074039
1 0.322500 0.260075 0.078750 0.120900
1 0.365312 0.106373 0.041875 0.072165
1 0.481875 0.174789 0.045000 0.077788
1 0.558750 0.361762 0.047500 0.080600
1 0.447813 0.097938 0.034375 0.070291
1 0.484063 0.093721 0.038125 0.067479
1 0.381875 0.024836 0.033750 0.049672
1 0.456250 0.030459 0.028750 0.057170
1 0.411250 0.053889 0.037500 0.059044
1 0.384375 0.087160 0.031250 0.063730
1 0.271875 0.030928 0.038750 0.061856
1 0.120938 0.031396 0.036875 0.060918
1 0.335938 0.059044 0.029375 0.044986
1 0.482187 0.092315 0.036875 0.068416
1 0.485938 0.063261 0.034375 0.057170
1 0.514687 0.031865 0.028125 0.056232
1 0.546250 0.065136 0.033750 0.068416
1 0.585625 0.157451 0.033750 0.063730
1 0.574375 0.124649 0.037500 0.065604
1 0.600000 0.024367 0.027500 0.048735
1 0.624687 0.136364 0.039375 0.072165
1 0.675937 0.293814 0.041875 0.085286
1 0.651875 0.260075 0.037500 0.070291
1 0.653125 0.209466 0.042500 0.072165
1 0.684063 0.219306 0.038125 0.071228
1 0.630625 0.082943 0.035000 0.059044
1 0.667813 0.133083 0.039375 0.069353
1 0.672188 0.087160 0.035625 0.059981
1 0.660000 0.015464 0.020000 0.030928
1 0.703750 0.087160 0.052500 0.174321
1 0.730313 0.150890 0.036875 0.061856
1 0.723750 0.097470 0.030000 0.050609
1 0.742188 0.041237 0.024375 0.048735
1 0.783750 0.107779 0.035000 0.063730
1 0.802188 0.177601 0.030625 0.057170
1 0.789062 0.044986 0.029375 0.059981
1 0.788750 0.036551 0.025000 0.041237
1 0.838750 0.044049 0.025000 0.048735
1 0.840625 0.201968 0.036250 0.068416
1 0.864375 0.175258 0.026250 0.058107
1 0.865313 0.090440 0.029375 0.053421
1 0.866563 0.019213 0.026875 0.038425
1 0.895312 0.111996 0.028125 0.045923
1 0.891875 0.067948 0.023750 0.044049
1 0.969688 0.080600 0.028125 0.052484
1 0.949063 0.063730 0.025625 0.054358
1 0.927813 0.014527 0.018125 0.029053
1 0.990938 0.192596 0.018125 0.070291
1 0.947187 0.304124 0.038125 0.060918
1 0.950937 0.432052 0.036875 0.074977
1 0.895938 0.209466 0.033125 0.068416
1 0.919687 0.264292 0.039375 0.076851
1 0.753437 0.161668 0.028125 0.064667
1 0.421250 0.104030 0.031250 0.056232
1 0.353750 0.312090 0.047500 0.104967
