1 0.161875 0.642597 0.046250 0.071481
1 0.565312 0.672502 0.038125 0.056893
1 0.794687 0.606127 0.038125 0.058352
1 0.949688 0.579504 0.039375 0.056163
1 0.056563 0.595915 0.031875 0.046681
1 0.097500 0.590810 0.028750 0.049599
1 0.161875 0.557622 0.037500 0.054705
1 0.214062 0.572575 0.030625 0.046681
1 0.323750 0.590810 0.035000 0.053975
1 0.415625 0.543034 0.036250 0.048869
1 0.484063 0.558352 0.031875 0.045952
1 0.533125 0.568928 0.030000 0.048140
1 0.626875 0.611597 0.028750 0.050328
1 0.585938 0.584245 0.029375 0.048140
1 0.640000 0.533187 0.032500 0.046681
1 0.687813 0.553975 0.023125 0.040117
1 0.738750 0.545952 0.033750 0.044493
1 0.851875 0.580233 0.033750 0.045952
1 0.893437 0.546681 0.031875 0.041575
1 0.014375 0.542670 0.028750 0.049599
1 0.103750 0.532458 0.031250 0.040846
1 0.175000 0.510212 0.036250 0.045952
1 0.238437 0.572575 0.024375 0.032093
1 0.273125 0.573304 0.025000 0.037929
1 0.314375 0.520423 0.036250 0.047411
1 0.383437 0.558352 0.025625 0.035740
1 0.047500 0.503282 0.028750 0.037929
1 0.102188 0.470460 0.024375 0.032093
1 0.177187 0.471189 0.024375 0.032093
1 0.237813 0.486871 0.023125 0.037199
1 0.274375 0.484318 0.018750 0.030635
1 0.308437 0.450766 0.031875 0.037929
1 0.357187 0.497082 0.023125 0.037199
1 0.398750 0.499271 0.023750 0.040117
1 0.427187 0.501823 0.025625 0.039387
1 0.475938 0.508753 0.029375 0.044493
1 0.520000 0.502188 0.025000 0.034282
1 0.571250 0.495259 0.026250 0.033552
1 0.607812 0.528446 0.025625 0.044493
1 0.718750 0.500000 0.026250 0.035740
1 0.776563 0.529540 0.031875 0.046681
1 0.786875 0.513858 0.023750 0.035740
1 0.837812 0.483953 0.024375 0.035740
1 0.930000 0.483224 0.030000 0.032823
1 0.991563 0.509482 0.016875 0.037199
1 0.056250 0.438001 0.017500 0.022611
1 0.085000 0.469730 0.020000 0.027717
1 0.141250 0.459883 0.021250 0.029905
1 0.215938 0.438366 0.019375 0.026258
1 0.253437 0.439460 0.019375 0.025529
1 0.341562 0.454048 0.018125 0.031364
1 0.386562 0.431802 0.020625 0.024799
1 0.421250 0.452954 0.017500 0.023341
1 0.434688 0.458789 0.015625 0.026258
1 0.447813 0.466448 0.016875 0.024070
1 0.490000 0.463530 0.021250 0.031364
1 0.530937 0.475930 0.015625 0.024070
1 0.602187 0.470460 0.026875 0.039387
1 0.648438 0.491612 0.029375 0.039387
1 0.666875 0.485412 0.021250 0.034282
1 0.733125 0.482130 0.023750 0.035011
1 0.801875 0.480671 0.031250 0.037929
1 0.869062 0.487965 0.021875 0.032093
1 0.011875 0.435813 0.015000 0.021152
1 0.031563 0.421955 0.014375 0.018235
1 0.055000 0.427425 0.016250 0.020423
1 0.121250 0.418673 0.013750 0.017505
1 0.143750 0.439096 0.020000 0.024799
1 0.174063 0.412108 0.013125 0.014588
1 0.193438 0.417578 0.011875 0.013858
1 0.193125 0.440190 0.012500 0.018235
1 0.215312 0.437637 0.018125 0.026258
1 0.229063 0.429978 0.016875 0.022611
1 0.292500 0.429978 0.015000 0.021152
1 0.015938 0.385850 0.010625 0.013129
1 0.037187 0.381473 0.008125 0.011670
1 0.059375 0.398249 0.012500 0.014588
1 0.075313 0.378920 0.010625 0.013858
1 0.100625 0.397520 0.010000 0.011670
1 0.070312 0.386944 0.008125 0.009482
1 0.115000 0.384391 0.008750 0.008753
1 0.128750 0.393873 0.007500 0.010212
1 0.140000 0.407367 0.015000 0.018235
1 0.148125 0.401532 0.010000 0.012400
1 0.271562 0.410284 0.010625 0.015317
1 0.295312 0.404814 0.009375 0.011670
1 0.313125 0.408096 0.012500 0.015317
1 0.342813 0.422319 0.011875 0.017505
1 0.368437 0.411743 0.010625 0.015317
1 0.387813 0.408461 0.010625 0.013129
1 0.399375 0.407367 0.007500 0.009482
1 0.417500 0.416120 0.011250 0.018235
1 0.432500 0.423049 0.013750 0.020423
1 0.453750 0.428155 0.015000 0.017505
1 0.483125 0.413567 0.015000 0.017505
1 0.503437 0.417943 0.013125 0.018964
1 0.514375 0.445660 0.015000 0.020423
1 0.532500 0.426696 0.013750 0.020423
1 0.559063 0.419037 0.015625 0.019694
1 0.585625 0.409190 0.011250 0.017505
1 0.618125 0.412837 0.015000 0.021882
1 0.657188 0.444566 0.018125 0.026988
1 0.692813 0.484683 0.018125 0.029905
1 0.720000 0.450401 0.017500 0.025529
1 0.739375 0.454048 0.016250 0.019694
1 0.740313 0.440554 0.015625 0.020423
1 0.793438 0.449672 0.020625 0.024070
1 0.823125 0.448578 0.016250 0.023341
1 0.837187 0.436543 0.016875 0.019694
1 0.880625 0.442378 0.017500 0.021152
1 0.913125 0.461342 0.021250 0.028446
1 0.970000 0.452954 0.020000 0.024799
1 0.471562 0.401167 0.010625 0.013129
1 0.501875 0.405908 0.010000 0.013858
1 0.512813 0.399708 0.010625 0.011670
1 0.543750 0.389861 0.008750 0.012400
1 0.570312 0.393508 0.010625 0.015317
1 0.584688 0.398614 0.013125 0.016776
1 0.604375 0.392779 0.006250 0.009482
1 0.629687 0.408096 0.011875 0.016776
1 0.637500 0.398614 0.012500 0.013858
1 0.661563 0.402626 0.013125 0.013129
1 0.679375 0.431072 0.015000 0.021882
1 0.726875 0.425237 0.015000 0.021882
1 0.756875 0.419037 0.011250 0.018235
1 0.786250 0.419402 0.011250 0.013129
1 0.799375 0.439460 0.015000 0.022611
1 0.897188 0.432166 0.011875 0.019694
1 0.953438 0.429613 0.015625 0.017505
1 0.974063 0.427790 0.011875 0.015317
1 0.874062 0.430708 0.015625 0.021152
1 0.687813 0.429978 0.010625 0.016776
1 0.730625 0.419402 0.013750 0.017505
1 0.710000 0.403355 0.013750 0.013129
1 0.820000 0.413202 0.013750 0.015317
1 0.860000 0.420496 0.013750 0.016776
1 0.678750 0.407367 0.008750 0.013858
1 0.168437 0.353756 0.005625 0.008753
1 0.179688 0.349745 0.006875 0.009482
1 0.195312 0.353392 0.008125 0.009482
1 0.199063 0.341357 0.008125 0.011670
1 0.224688 0.356674 0.008125 0.011670
1 0.263750 0.349745 0.007500 0.010941
1 0.302187 0.349015 0.008125 0.009482
1 0.311875 0.350109 0.006250 0.010212
1 0.261875 0.343545 0.008750 0.010212
1 0.363125 0.357403 0.007500 0.010212
1 0.381250 0.347557 0.007500 0.010941
1 0.389062 0.346462 0.008125 0.010212
1 0.393125 0.349380 0.006250 0.010212
1 0.417500 0.357039 0.007500 0.009482
1 0.434063 0.353027 0.008125 0.011670
1 0.455625 0.351204 0.007500 0.009482
1 0.482812 0.367980 0.006875 0.010941
1 0.237500 0.384026 0.010000 0.013858
1 0.221562 0.373450 0.008125 0.011670
1 0.213750 0.396791 0.010000 0.014588
1 0.338125 0.386944 0.007500 0.010941
1 0.325625 0.389132 0.008750 0.010941
1 0.282500 0.388403 0.010000 0.013858
1 0.266875 0.368709 0.008750 0.010941
1 0.256875 0.367980 0.007500 0.010941
1 0.110937 0.352298 0.008125 0.011670
1 0.122188 0.358133 0.008125 0.010212
