1 0.916333 0.571778 0.036667 0.058222
1 0.831667 0.571333 0.023333 0.037778
1 0.940167 0.585333 0.027000 0.037333
1 0.889833 0.569333 0.027000 0.042667
1 0.979333 0.571556 0.008667 0.011556
1 0.736833 0.591556 0.036333 0.054222
1 0.611833 0.590889 0.031667 0.051111
1 0.684333 0.568889 0.022667 0.037333
1 0.678667 0.576444 0.014667 0.020444
1 0.652500 0.567778 0.009000 0.011111
1 0.647500 0.588444 0.009000 0.013333
1 0.613333 0.564222 0.010000 0.016444
1 0.584667 0.563333 0.008000 0.009333
1 0.568000 0.578444 0.006000 0.010222
1 0.544000 0.563556 0.006667 0.010667
1 0.536500 0.561111 0.006333 0.009333
1 0.471333 0.562000 0.007333 0.010222
1 0.460333 0.559111 0.006667 0.009778
1 0.467833 0.558000 0.006333 0.010222
1 0.447000 0.590889 0.024667 0.047556
1 0.395000 0.575778 0.012667 0.018222
1 0.362500 0.563333 0.011000 0.020000
1 0.392833 0.555556 0.005000 0.007111
1 0.383167 0.558667 0.005667 0.008000
1 0.373667 0.560222 0.010000 0.012000
1 0.354167 0.556889 0.005667 0.007111
1 0.324667 0.567111 0.013333 0.021333
1 0.291000 0.558000 0.010000 0.018222
1 0.256667 0.563333 0.010667 0.015556
1 0.253667 0.550222 0.007333 0.011556
1 0.276333 0.554667 0.004667 0.008000
1 0.225500 0.555111 0.004333 0.007111
1 0.221833 0.551111 0.005000 0.007111
1 0.201667 0.547111 0.006000 0.008000
1 0.193667 0.557333 0.004000 0.006222
1 0.163167 0.548000 0.003667 0.006222
1 0.142333 0.548889 0.005333 0.007111
1 0.136667 0.548222 0.003333 0.004889
1 0.105167 0.545778 0.004333 0.006222
1 0.091500 0.557556 0.003000 0.004000
1 0.094500 0.548000 0.004333 0.006222
1 0.080500 0.543111 0.003667 0.005333
1 0.084000 0.542444 0.004000 0.004889
1 0.071167 0.545333 0.003667 0.006222
1 0.065167 0.545333 0.004333 0.005333
1 0.058000 0.542444 0.003333 0.004889
1 0.042333 0.544889 0.003333 0.004444
1 0.050500 0.544667 0.003667 0.004889
1 0.029167 0.546222 0.003667 0.004444
1 0.017333 0.541556 0.004667 0.005778
1 0.005833 0.546889 0.004333 0.004889
1 0.386667 0.458000 0.002667 0.003111
1 0.595167 0.588444 0.023000 0.038222
1 0.500333 0.459778 0.002667 0.004000
