1 0.027406 0.064446 0.054813 0.097751
1 0.090241 0.148789 0.089572 0.138408
1 0.149733 0.200692 0.068182 0.114187
1 0.253008 0.115484 0.084893 0.130623
1 0.391711 0.244810 0.078877 0.124567
1 0.565508 0.466696 0.082888 0.142734
1 0.717914 0.403547 0.078877 0.111592
1 0.887366 0.110727 0.068850 0.103806
1 0.710896 0.484429 0.060829 0.081315
1 0.919452 0.324394 0.052807 0.093426
1 0.942513 0.520761 0.052139 0.081315
1 0.437500 0.306661 0.047460 0.076990
1 0.473596 0.355536 0.039439 0.062284
1 0.537099 0.369810 0.036765 0.059689
1 0.521725 0.320502 0.039439 0.054498
1 0.587233 0.403979 0.043449 0.067474
1 0.604278 0.387976 0.038770 0.056228
1 0.662099 0.224048 0.024733 0.031142
1 0.753676 0.308824 0.031417 0.044983
1 0.993984 0.407007 0.012032 0.054498
1 0.987299 0.361592 0.025401 0.044983
1 0.964906 0.323097 0.026070 0.040657
1 0.947193 0.253028 0.020053 0.035467
1 0.976939 0.252595 0.024733 0.039792
1 0.942513 0.196799 0.025401 0.035467
