1 0.103535 0.971212 0.017172 0.027273
1 0.188384 0.963636 0.015152 0.024242
1 0.166162 0.909091 0.015152 0.024242
1 0.177273 0.873485 0.013131 0.019697
1 0.205556 0.841667 0.013131 0.022727
1 0.094949 0.383333 0.010101 0.015152
1 0.140909 0.384091 0.009091 0.010606
1 0.136869 0.378788 0.007071 0.012121
1 0.156061 0.381061 0.007071 0.010606
1 0.327778 0.372727 0.005051 0.006061
1 0.346465 0.391667 0.014141 0.040909
1 0.353535 0.389394 0.010101 0.039394
1 0.335859 0.373485 0.003030 0.004545
1 0.345455 0.375758 0.004040 0.006061
1 0.461616 0.378030 0.006061 0.022727
1 0.487879 0.378788 0.006061 0.021212
1 0.489899 0.377273 0.006061 0.024242
1 0.497980 0.380303 0.006061 0.021212
1 0.502525 0.379545 0.007071 0.022727
1 0.646465 0.380303 0.004040 0.006061
1 0.651515 0.368182 0.004040 0.006061
1 0.983333 0.386364 0.011111 0.015152
1 0.343434 0.953788 0.014141 0.028788
1 0.404545 0.969697 0.013131 0.027273
1 0.382323 0.929545 0.013131 0.025758
1 0.368182 0.934091 0.011111 0.022727
1 0.368687 0.883333 0.012121 0.021212
1 0.400000 0.873485 0.012121 0.019697
1 0.384343 0.862879 0.009091 0.019697
1 0.355556 0.832576 0.012121 0.019697
1 0.377778 0.832576 0.010101 0.019697
1 0.373232 0.790909 0.009091 0.015152
1 0.372727 0.789394 0.010101 0.015152
1 0.395960 0.781818 0.012121 0.018182
1 0.411111 0.765152 0.008081 0.018182
1 0.403535 0.754545 0.009091 0.015152
1 0.406061 0.765909 0.008081 0.013636
1 0.420707 0.756818 0.009091 0.016667
1 0.421717 0.747727 0.011111 0.016667
1 0.416162 0.737121 0.010101 0.016667
1 0.384343 0.721212 0.007071 0.012121
1 0.418182 0.711364 0.008081 0.013636
1 0.432323 0.711364 0.008081 0.016667
1 0.445960 0.718182 0.009091 0.015152
1 0.452525 0.741667 0.008081 0.013636
1 0.461111 0.734091 0.007071 0.010606
1 0.457576 0.693182 0.008081 0.013636
1 0.466162 0.678788 0.007071 0.012121
1 0.446970 0.675758 0.007071 0.012121
1 0.438889 0.692424 0.007071 0.012121
1 0.434848 0.703030 0.005051 0.009091
1 0.339394 0.748485 0.008081 0.012121
1 0.324242 0.747727 0.008081 0.013636
1 0.320202 0.715152 0.026263 0.063636
1 0.273737 0.701515 0.006061 0.012121
1 0.261616 0.707576 0.008081 0.015152
1 0.231818 0.725758 0.009091 0.015152
1 0.509091 0.955303 0.012121 0.022727
1 0.516667 0.939394 0.011111 0.024242
1 0.479798 0.895455 0.012121 0.018182
1 0.500505 0.863636 0.013131 0.021212
1 0.504040 0.845455 0.012121 0.021212
1 0.513131 0.809848 0.008081 0.013636
1 0.507071 0.794697 0.010101 0.016667
1 0.527273 0.773485 0.010101 0.019697
1 0.509596 0.782576 0.031313 0.068182
1 0.503030 0.742424 0.008081 0.015152
1 0.512121 0.752273 0.028283 0.071212
1 0.527778 0.714394 0.009091 0.013636
1 0.556566 0.778788 0.010101 0.015152
1 0.569192 0.776515 0.009091 0.016667
1 0.477778 0.857576 0.012121 0.021212
1 0.463131 0.787879 0.009091 0.015152
1 0.482323 0.784848 0.009091 0.015152
1 0.486364 0.756818 0.011111 0.016667
1 0.484343 0.740909 0.009091 0.015152
1 0.896970 0.943939 0.012121 0.018182
1 0.857071 0.978788 0.033333 0.042424
1 0.842424 0.922727 0.018182 0.024242
1 0.859091 0.874242 0.013131 0.027273
1 0.819192 0.875000 0.014141 0.025758
1 0.832323 0.838636 0.012121 0.019697
1 0.790909 0.865152 0.012121 0.021212
1 0.775758 0.825758 0.012121 0.018182
1 0.791919 0.794697 0.010101 0.016667
1 0.752525 0.826515 0.010101 0.016667
1 0.764141 0.787879 0.009091 0.018182
1 0.744444 0.800758 0.010101 0.019697
1 0.774242 0.760606 0.009091 0.021212
1 0.752020 0.731061 0.009091 0.016667
1 0.732828 0.731061 0.009091 0.016667
1 0.737374 0.753030 0.008081 0.012121
1 0.727273 0.757576 0.008081 0.012121
1 0.744444 0.816667 0.010101 0.018182
1 0.779293 0.979545 0.015152 0.031818
1 0.757576 0.971970 0.016162 0.025758
1 0.766667 0.922727 0.014141 0.024242
1 0.751010 0.888636 0.011111 0.022727
1 0.730808 0.886364 0.013131 0.024242
1 0.732828 0.857576 0.013131 0.021212
1 0.711111 0.863636 0.012121 0.027273
1 0.727778 0.878788 0.027273 0.096970
1 0.720202 0.821970 0.010101 0.019697
1 0.698485 0.825000 0.011111 0.019697
1 0.679798 0.843939 0.012121 0.021212
1 0.668687 0.851515 0.010101 0.018182
1 0.621717 0.850758 0.009091 0.019697
1 0.688384 0.797727 0.013131 0.019697
1 0.685354 0.768182 0.011111 0.018182
1 0.669192 0.775758 0.011111 0.018182
1 0.676263 0.760606 0.009091 0.015152
1 0.654040 0.755303 0.009091 0.016667
1 0.651010 0.733333 0.009091 0.015152
1 0.643434 0.715909 0.008081 0.016667
1 0.642424 0.706061 0.008081 0.012121
1 0.628283 0.705303 0.006061 0.010606
1 0.617677 0.699242 0.007071 0.013636
1 0.627273 0.683333 0.008081 0.012121
1 0.620202 0.670455 0.006061 0.010606
1 0.606061 0.672727 0.006061 0.012121
1 0.605051 0.656061 0.008081 0.012121
1 0.622727 0.631061 0.005051 0.007576
1 0.618687 0.631818 0.005051 0.009091
1 0.598485 0.615152 0.005051 0.009091
1 0.587374 0.625000 0.007071 0.010606
1 0.618182 0.611364 0.006061 0.010606
1 0.631313 0.601515 0.006061 0.009091
1 0.610606 0.601515 0.007071 0.012121
1 0.647980 0.625758 0.011111 0.057576
1 0.608586 0.572727 0.005051 0.009091
1 0.619192 0.571970 0.006061 0.010606
1 0.619192 0.560606 0.004040 0.006061
1 0.613131 0.538636 0.004040 0.007576
1 0.601010 0.534848 0.004040 0.006061
1 0.579293 0.701515 0.007071 0.012121
1 0.563131 0.673485 0.007071 0.010606
1 0.574242 0.656061 0.007071 0.012121
1 0.576768 0.653788 0.006061 0.013636
1 0.552020 0.659091 0.007071 0.009091
1 0.544949 0.639394 0.007071 0.009091
1 0.548990 0.654545 0.005051 0.009091
1 0.520707 0.675000 0.009091 0.016667
1 0.500505 0.660606 0.007071 0.012121
1 0.507576 0.659091 0.007071 0.012121
1 0.528788 0.651515 0.007071 0.012121
1 0.515657 0.634091 0.007071 0.013636
1 0.537374 0.628788 0.006061 0.009091
1 0.479293 0.635606 0.007071 0.010606
1 0.452020 0.621212 0.007071 0.009091
1 0.377273 0.648485 0.007071 0.012121
1 0.366162 0.644697 0.005051 0.007576
1 0.347475 0.638636 0.006061 0.013636
1 0.440404 0.612121 0.006061 0.009091
1 0.422222 0.610606 0.006061 0.009091
1 0.416667 0.605303 0.007071 0.010606
1 0.428283 0.606061 0.006061 0.009091
1 0.395960 0.603030 0.006061 0.009091
1 0.388889 0.600758 0.006061 0.010606
1 0.379293 0.606061 0.007071 0.009091
1 0.372727 0.600758 0.006061 0.010606
1 0.359596 0.605303 0.006061 0.010606
1 0.353030 0.600000 0.007071 0.012121
1 0.341414 0.607576 0.006061 0.009091
1 0.360101 0.584091 0.005051 0.007576
1 0.375758 0.581061 0.006061 0.010606
1 0.398485 0.583333 0.005051 0.009091
1 0.406566 0.585606 0.005051 0.007576
1 0.388889 0.600758 0.006061 0.010606
1 0.352020 0.582576 0.007071 0.010606
1 0.446970 0.613636 0.013131 0.045455
1 0.473232 0.621970 0.005051 0.007576
1 0.469697 0.604545 0.006061 0.009091
1 0.478283 0.625758 0.011111 0.042424
1 0.474242 0.587879 0.007071 0.009091
1 0.495960 0.589394 0.006061 0.009091
1 0.520202 0.606061 0.006061 0.009091
1 0.534343 0.603030 0.006061 0.009091
1 0.526263 0.583333 0.006061 0.009091
1 0.543434 0.591667 0.006061 0.007576
1 0.556566 0.585606 0.006061 0.010606
1 0.570707 0.568939 0.006061 0.010606
1 0.584848 0.523485 0.004040 0.007576
1 0.511616 0.558333 0.005051 0.007576
1 0.483333 0.567424 0.011111 0.034848
1 0.537374 0.487121 0.008081 0.034848
1 0.385354 0.531061 0.005051 0.007576
1 0.382323 0.544697 0.005051 0.007576
1 0.409596 0.553788 0.005051 0.007576
1 0.398485 0.554545 0.005051 0.009091
1 0.399495 0.534091 0.005051 0.007576
1 0.363636 0.531061 0.004040 0.007576
1 0.433838 0.556818 0.005051 0.007576
1 0.441919 0.555303 0.005051 0.007576
1 0.418687 0.544697 0.005051 0.007576
1 0.407576 0.521970 0.003030 0.004545
1 0.444444 0.526515 0.004040 0.007576
1 0.457576 0.522727 0.008081 0.036364
1 0.447980 0.508333 0.003030 0.004545
1 0.421212 0.515152 0.010101 0.036364
1 0.415152 0.509848 0.004040 0.007576
1 0.483838 0.480303 0.008081 0.030303
1 0.439899 0.468939 0.007071 0.022727
1 0.445455 0.466667 0.006061 0.024242
1 0.448990 0.465909 0.007071 0.025758
1 0.466162 0.494697 0.003030 0.004545
1 0.453030 0.500758 0.003030 0.004545
1 0.532828 0.483333 0.009091 0.036364
1 0.527273 0.491667 0.008081 0.028788
1 0.571717 0.487879 0.008081 0.030303
1 0.565152 0.568182 0.005051 0.009091
1 0.434848 0.525758 0.013131 0.033333
1 0.426768 0.520455 0.005051 0.007576
