1 0.689063 0.716571 0.040625 0.057143
1 0.592708 0.712571 0.041667 0.058286
1 0.500521 0.722286 0.040625 0.064000
1 0.397917 0.715429 0.043750 0.059429
1 0.328125 0.711429 0.043750 0.056000
1 0.161458 0.633714 0.037500 0.051429
1 0.230208 0.634286 0.035417 0.050286
1 0.296354 0.642857 0.038542 0.046857
1 0.329167 0.630286 0.035417 0.049143
1 0.381771 0.665143 0.036458 0.048000
1 0.393750 0.616571 0.037500 0.053714
1 0.459375 0.632571 0.035417 0.044571
1 0.485938 0.608000 0.036458 0.045714
1 0.539583 0.665143 0.033333 0.050286
1 0.541667 0.624000 0.037500 0.050286
1 0.604167 0.619429 0.033333 0.045714
1 0.609896 0.665714 0.034375 0.046857
1 0.681771 0.646857 0.032292 0.048000
1 0.743229 0.664571 0.036458 0.049143
1 0.706771 0.630857 0.034375 0.045714
1 0.801562 0.655429 0.034375 0.044571
1 0.772396 0.610857 0.036458 0.042286
1 0.843750 0.625714 0.037500 0.044571
1 0.892188 0.616000 0.034375 0.048000
