1 0.008462 0.565900 0.009231 0.014644
1 0.043846 0.548117 0.009231 0.012552
1 0.079615 0.591004 0.008462 0.012552
1 0.098077 0.613494 0.030000 0.063808
1 0.110769 0.554393 0.010769 0.016736
1 0.082308 0.563285 0.007692 0.009414
1 0.095385 0.572699 0.007692 0.011506
1 0.071923 0.598849 0.031538 0.055439
1 0.137308 0.530335 0.005385 0.010460
1 0.171538 0.531904 0.007692 0.011506
1 0.176923 0.536088 0.006154 0.009414
1 0.203846 0.536611 0.007692 0.010460
1 0.203077 0.533996 0.007692 0.011506
1 0.321154 0.538180 0.011538 0.017782
1 0.331538 0.546548 0.012308 0.019874
1 0.374231 0.531381 0.014615 0.020921
1 0.496154 0.575837 0.010769 0.015690
1 0.542692 0.629707 0.014615 0.023013
1 0.550000 0.599372 0.015385 0.023013
1 0.628462 0.552824 0.013846 0.021967
1 0.785000 0.547594 0.017692 0.026151
1 0.830769 0.530335 0.021538 0.027197
1 0.885385 0.549163 0.013846 0.023013
1 0.941538 0.539749 0.015385 0.023013
1 0.882692 0.632322 0.026923 0.038703
1 0.956538 0.649059 0.025385 0.040795
