1 0.113542 0.730709 0.010417 0.015748
1 0.128125 0.778740 0.020833 0.077165
1 0.194792 0.773228 0.016667 0.072441
1 0.184375 0.744094 0.006250 0.011024
1 0.227083 0.744094 0.004167 0.007874
1 0.230729 0.741732 0.005208 0.009449
1 0.257292 0.746457 0.004167 0.006299
1 0.260417 0.742520 0.004167 0.007874
1 0.271354 0.733071 0.005208 0.007874
1 0.259375 0.729921 0.006250 0.017323
1 0.217708 0.729921 0.006250 0.017323
1 0.368750 0.738583 0.004167 0.006299
1 0.388542 0.753543 0.008333 0.026772
1 0.381771 0.747244 0.007292 0.023622
1 0.483854 0.740945 0.007292 0.020472
1 0.489063 0.740945 0.007292 0.023622
1 0.875000 0.729134 0.006250 0.009449
1 0.801562 0.730709 0.005208 0.009449
1 0.785937 0.727559 0.005208 0.009449
1 0.779167 0.748031 0.020833 0.056693
1 0.784375 0.727559 0.006250 0.009449
1 0.732292 0.734646 0.004167 0.004724
1 0.717187 0.728346 0.005208 0.007874
1 0.709896 0.728346 0.005208 0.007874
1 0.705208 0.733071 0.004167 0.007874
1 0.693750 0.739370 0.004167 0.007874
1 0.661979 0.747244 0.013542 0.045669
1 0.656250 0.730709 0.004167 0.006299
1 0.657813 0.743307 0.011458 0.044094
1 0.774479 0.669291 0.005208 0.015748
1 0.769792 0.732283 0.006250 0.009449
1 0.732292 0.721260 0.006250 0.015748
1 0.691667 0.725197 0.006250 0.020472
1 0.717187 0.722835 0.005208 0.022047
1 0.225000 0.729921 0.006250 0.020472
1 0.242188 0.759055 0.013542 0.050394
1 0.249479 0.740157 0.005208 0.015748
1 0.454688 0.725197 0.005208 0.020472
1 0.459375 0.730709 0.006250 0.022047
1 0.337500 0.748031 0.008333 0.031496
1 0.204687 0.743307 0.007292 0.012598
1 0.760417 0.718110 0.006250 0.015748
1 0.775000 0.718898 0.006250 0.017323
1 0.784375 0.716535 0.006250 0.015748
1 0.249479 0.759055 0.007292 0.031496
1 0.233854 0.737795 0.005208 0.007874
