1 0.087500 0.646667 0.037500 0.056667
1 0.161875 0.634167 0.038750 0.061667
1 0.171250 0.589167 0.027500 0.048333
1 0.157500 0.440000 0.032500 0.043333
1 0.193125 0.540000 0.031250 0.043333
1 0.242500 0.601667 0.030000 0.050000
1 0.216875 0.480833 0.026250 0.041667
1 0.285000 0.630000 0.035000 0.053333
1 0.267500 0.545000 0.030000 0.043333
1 0.245000 0.480833 0.027500 0.045000
1 0.288750 0.491667 0.027500 0.036667
1 0.296875 0.549167 0.026250 0.041667
1 0.321250 0.554167 0.027500 0.041667
1 0.330625 0.613333 0.031250 0.050000
1 0.351250 0.628333 0.030000 0.053333
1 0.343750 0.480000 0.025000 0.043333
1 0.320625 0.485000 0.021250 0.040000
1 0.304375 0.475000 0.021250 0.033333
1 0.376875 0.481667 0.023750 0.040000
1 0.387500 0.530833 0.032500 0.048333
1 0.411875 0.560833 0.036250 0.045000
1 0.432500 0.612500 0.032500 0.051667
1 0.413125 0.470000 0.023750 0.040000
1 0.439375 0.481667 0.023750 0.040000
1 0.453125 0.580000 0.026250 0.046667
1 0.444375 0.530000 0.028750 0.046667
1 0.465625 0.483333 0.026250 0.040000
1 0.503750 0.595833 0.035000 0.061667
1 0.490000 0.560000 0.032500 0.053333
1 0.505625 0.520833 0.026250 0.038333
1 0.539375 0.449167 0.023750 0.038333
1 0.544375 0.473333 0.023750 0.040000
1 0.543125 0.603333 0.033750 0.050000
1 0.553750 0.570000 0.030000 0.046667
1 0.566875 0.530833 0.026250 0.041667
1 0.586250 0.448333 0.025000 0.040000
1 0.619375 0.445000 0.028750 0.040000
1 0.606250 0.524167 0.030000 0.045000
1 0.598750 0.591667 0.027500 0.046667
1 0.640625 0.615000 0.031250 0.043333
1 0.646875 0.564167 0.028750 0.045000
1 0.648125 0.531667 0.031250 0.043333
1 0.642500 0.417500 0.025000 0.041667
1 0.676250 0.432500 0.027500 0.045000
1 0.686875 0.562500 0.031250 0.051667
1 0.714375 0.531667 0.026250 0.043333
1 0.733125 0.420000 0.031250 0.046667
1 0.763750 0.440833 0.025000 0.041667
1 0.814375 0.433333 0.028750 0.043333
1 0.716250 0.600000 0.037500 0.060000
1 0.746875 0.563333 0.031250 0.046667
1 0.753750 0.521667 0.027500 0.046667
1 0.790625 0.571667 0.028750 0.053333
1 0.796250 0.519167 0.027500 0.045000
1 0.849375 0.592500 0.031250 0.048333
1 0.841875 0.560000 0.026250 0.043333
1 0.860625 0.450833 0.028750 0.051667
1 0.922500 0.514167 0.035000 0.048333
