1 0.922557 0.544498 0.013514 0.027508
1 0.943347 0.521036 0.017672 0.022654
1 0.856549 0.504045 0.012474 0.024272
1 0.780665 0.561489 0.016632 0.032362
1 0.753119 0.490291 0.013514 0.022654
1 0.730769 0.501618 0.010395 0.016181
1 0.710499 0.491909 0.011435 0.022654
1 0.664761 0.461165 0.009356 0.019417
1 0.628898 0.469256 0.012474 0.022654
1 0.612266 0.461165 0.012474 0.022654
1 0.592516 0.508900 0.012474 0.024272
1 0.606029 0.509709 0.016632 0.025890
1 0.635135 0.526699 0.014553 0.024272
1 0.602391 0.608414 0.025988 0.045307
1 0.583680 0.647249 0.030146 0.042071
1 0.646050 0.620550 0.019751 0.043689
1 0.760395 0.644822 0.030146 0.046926
1 0.735447 0.788026 0.040541 0.064725
1 0.769751 0.806634 0.038462 0.066343
1 0.379938 0.639159 0.025988 0.048544
1 0.334719 0.641586 0.033264 0.050162
1 0.220374 0.702265 0.039501 0.064725
1 0.122141 0.689320 0.032225 0.055016
1 0.145530 0.667476 0.027027 0.056634
1 0.214657 0.633495 0.025988 0.053398
1 0.268191 0.605987 0.022869 0.046926
1 0.017672 0.575243 0.029106 0.050162
1 0.027027 0.486246 0.018711 0.030744
1 0.069647 0.462783 0.020790 0.032362
1 0.088877 0.466828 0.017672 0.033981
1 0.183992 0.529126 0.016632 0.032362
1 0.201663 0.559061 0.018711 0.030744
1 0.246881 0.542071 0.017672 0.032362
1 0.294699 0.524272 0.015593 0.032362
1 0.327963 0.529935 0.017672 0.030744
1 0.365385 0.526699 0.021830 0.033981
1 0.353430 0.501618 0.012474 0.025890
1 0.381497 0.516181 0.014553 0.025890
1 0.387734 0.500000 0.014553 0.025890
1 0.378378 0.479773 0.012474 0.027508
1 0.359148 0.457120 0.009356 0.021036
1 0.331601 0.491100 0.014553 0.021036
1 0.283264 0.476537 0.013514 0.024272
1 0.416320 0.508091 0.017672 0.029126
1 0.433992 0.488673 0.015593 0.022654
1 0.453222 0.497573 0.014553 0.027508
1 0.470894 0.509709 0.020790 0.029126
1 0.461538 0.491909 0.012474 0.025890
1 0.476611 0.480583 0.011435 0.019417
1 0.484927 0.498382 0.011435 0.022654
1 0.496362 0.501618 0.013514 0.025890
1 0.520790 0.503236 0.016632 0.025890
1 0.493243 0.474110 0.011435 0.019417
1 0.510395 0.474919 0.012474 0.024272
1 0.521830 0.485437 0.012474 0.022654
1 0.540541 0.487864 0.016632 0.030744
1 0.472453 0.453883 0.009356 0.017799
1 0.489605 0.448220 0.010395 0.019417
1 0.635135 0.488673 0.014553 0.022654
1 0.604470 0.481392 0.011435 0.021036
