1 0.009375 0.834375 0.018750 0.056250
1 0.024219 0.805208 0.010937 0.014583
1 0.024219 0.779167 0.010937 0.016667
1 0.037500 0.781250 0.009375 0.012500
1 0.052344 0.777083 0.010937 0.016667
1 0.059375 0.766667 0.009375 0.016667
1 0.073438 0.756250 0.009375 0.012500
1 0.105469 0.757292 0.007812 0.010417
1 0.133594 0.763542 0.007812 0.010417
1 0.039844 0.766667 0.010937 0.016667
1 0.025000 0.763542 0.009375 0.014583
1 0.120313 0.717708 0.012500 0.047917
1 0.110156 0.705208 0.004687 0.006250
1 0.128125 0.717708 0.012500 0.043750
1 0.134375 0.719792 0.012500 0.052083
1 0.150000 0.713542 0.012500 0.039583
1 0.003906 0.735417 0.007812 0.033333
1 0.165625 0.798958 0.021875 0.081250
1 0.178125 0.771875 0.006250 0.010417
1 0.183594 0.769792 0.007812 0.010417
1 0.154688 0.754167 0.006250 0.008333
1 0.160156 0.775000 0.014063 0.062500
1 0.180469 0.755208 0.010937 0.014583
1 0.190625 0.789583 0.012500 0.041667
1 0.196094 0.744792 0.007812 0.010417
1 0.206250 0.793750 0.015625 0.075000
1 0.213281 0.791667 0.010937 0.075000
1 0.225000 0.763542 0.009375 0.010417
1 0.239063 0.760417 0.009375 0.012500
1 0.256250 0.773958 0.009375 0.010417
1 0.272656 0.761458 0.007812 0.010417
1 0.249219 0.704167 0.004687 0.008333
1 0.279687 0.771875 0.015625 0.056250
1 0.293750 0.743750 0.006250 0.012500
1 0.314063 0.746875 0.006250 0.010417
1 0.378125 0.762500 0.006250 0.008333
1 0.404687 0.762500 0.006250 0.008333
1 0.356250 0.763542 0.009375 0.010417
1 0.430469 0.790625 0.017188 0.081250
1 0.442188 0.797917 0.018750 0.087500
1 0.453906 0.798958 0.014063 0.081250
1 0.461719 0.801042 0.017188 0.089583
1 0.472656 0.757292 0.007812 0.010417
1 0.485156 0.759375 0.007812 0.010417
1 0.506250 0.762500 0.006250 0.008333
1 0.609375 0.709375 0.009375 0.031250
1 0.617188 0.712500 0.009375 0.033333
1 0.392188 0.736458 0.006250 0.010417
1 0.364844 0.733333 0.004687 0.008333
1 0.182812 0.715625 0.012500 0.035417
1 0.228125 0.716667 0.012500 0.037500
1 0.089844 0.713542 0.010937 0.031250
1 0.082031 0.713542 0.010937 0.039583
1 0.293750 0.700000 0.006250 0.008333
1 0.278125 0.717708 0.015625 0.043750
1 0.264062 0.716667 0.012500 0.045833
