1 0.012333 0.657658 0.008667 0.014014
1 0.046333 0.659159 0.007333 0.011011
1 0.123333 0.678178 0.013333 0.021021
1 0.161000 0.641642 0.010000 0.016016
1 0.172000 0.641642 0.009333 0.016016
1 0.179667 0.645646 0.010000 0.016016
1 0.207000 0.663163 0.008667 0.015015
1 0.238333 0.678178 0.011333 0.021021
1 0.252333 0.673674 0.012667 0.024024
1 0.295667 0.674675 0.014000 0.022022
1 0.346333 0.684184 0.012667 0.019019
1 0.388000 0.700701 0.014667 0.026026
1 0.408000 0.690691 0.013333 0.024024
1 0.444000 0.685686 0.012000 0.022022
1 0.461333 0.692693 0.012000 0.020020
1 0.508000 0.681682 0.013333 0.024024
1 0.516667 0.719219 0.013333 0.027027
1 0.510667 0.730230 0.020000 0.033033
1 0.554000 0.680180 0.012000 0.021021
1 0.569000 0.684685 0.015333 0.026026
1 0.579333 0.696697 0.013333 0.020020
1 0.595333 0.691191 0.013333 0.021021
1 0.636667 0.685686 0.010667 0.018018
1 0.647667 0.703704 0.016667 0.024024
1 0.667667 0.696697 0.011333 0.020020
1 0.693000 0.698198 0.016667 0.025025
1 0.724000 0.706206 0.013333 0.023023
1 0.784333 0.694194 0.014000 0.019019
1 0.822000 0.699199 0.014667 0.021021
1 0.870000 0.685686 0.014667 0.022022
1 0.900333 0.720220 0.018000 0.027027
1 0.912000 0.699199 0.014667 0.021021
1 0.950333 0.719720 0.014000 0.024024
1 0.974333 0.694695 0.014000 0.022022
1 0.988333 0.683183 0.011333 0.019019
1 0.681667 0.703704 0.011333 0.022022
