1 0.016667 0.710245 0.030000 0.039488
1 0.060833 0.716115 0.030000 0.034152
1 0.100833 0.766275 0.015000 0.025614
1 0.129167 0.755603 0.018333 0.027748
1 0.090833 0.720918 0.008333 0.013874
1 0.126667 0.725720 0.008333 0.010672
1 0.155417 0.714514 0.009167 0.011740
1 0.176250 0.743330 0.012500 0.013874
1 0.185417 0.716115 0.007500 0.010672
1 0.189583 0.756137 0.022500 0.069370
1 0.212917 0.717182 0.007500 0.010672
1 0.221250 0.718250 0.005833 0.008538
1 0.230000 0.729456 0.010000 0.013874
1 0.234167 0.710245 0.006667 0.009605
1 0.238750 0.724120 0.007500 0.009605
1 0.244167 0.718783 0.006667 0.009605
1 0.247083 0.745464 0.009167 0.013874
1 0.254167 0.727855 0.010000 0.017076
1 0.269167 0.717182 0.006667 0.010672
1 0.280833 0.734792 0.010000 0.016009
1 0.322083 0.702775 0.005833 0.009605
1 0.323750 0.719317 0.009167 0.014941
1 0.329167 0.717182 0.006667 0.010672
1 0.334583 0.714514 0.005833 0.009605
1 0.360000 0.724653 0.008333 0.012807
1 0.380417 0.746531 0.007500 0.009605
1 0.402083 0.708645 0.007500 0.010672
1 0.433750 0.707577 0.005833 0.008538
1 0.374167 0.675027 0.005000 0.007471
1 0.379583 0.672892 0.004167 0.005336
1 0.415833 0.657417 0.006667 0.008538
1 0.441250 0.660619 0.005833 0.008538
1 0.536250 0.668623 0.005833 0.007471
1 0.551667 0.662753 0.005000 0.006403
1 0.629583 0.655816 0.005833 0.007471
1 0.639583 0.656884 0.007500 0.009605
1 0.622917 0.709178 0.007500 0.011740
1 0.639583 0.707577 0.007500 0.010672
1 0.838750 0.646745 0.005833 0.008538
