1 0.370286 0.800942 0.003429 0.004281
1 0.409714 0.790240 0.002286 0.003425
1 0.425429 0.794949 0.002857 0.004281
1 0.457714 0.779538 0.004571 0.007705
1 0.502000 0.791524 0.002857 0.004281
1 0.564286 0.786815 0.005143 0.006849
1 0.573429 0.788527 0.002857 0.003425
1 0.568571 0.788527 0.002286 0.003425
1 0.580857 0.788955 0.002857 0.004281
1 0.550857 0.788955 0.002286 0.004281
1 0.600286 0.786387 0.002857 0.004281
1 0.615143 0.785959 0.004000 0.006849
1 0.618286 0.788527 0.004571 0.006849
1 0.623714 0.802654 0.004000 0.005993
1 0.628857 0.776541 0.006286 0.010274
1 0.636000 0.790240 0.004571 0.006849
1 0.642857 0.797517 0.005714 0.007705
1 0.641429 0.785531 0.005143 0.007705
1 0.649714 0.788955 0.005714 0.007705
1 0.668286 0.779966 0.006286 0.008562
1 0.676286 0.802654 0.005143 0.007705
1 0.689143 0.778253 0.006857 0.010274
1 0.709143 0.777397 0.005714 0.008562
1 0.713714 0.784247 0.008000 0.010274
1 0.723143 0.776541 0.006286 0.010274
1 0.732857 0.767123 0.008571 0.013699
1 0.732571 0.772260 0.006857 0.010274
1 0.741143 0.807791 0.014857 0.076199
1 0.746571 0.779966 0.006286 0.010274
1 0.751143 0.772260 0.009714 0.013699
1 0.764857 0.774401 0.010857 0.012842
1 0.759714 0.764555 0.010857 0.011986
1 0.791714 0.768408 0.010857 0.016267
1 0.811429 0.782962 0.005714 0.005993
1 0.819714 0.785531 0.006286 0.009418
1 0.832000 0.775257 0.009143 0.012842
1 0.843714 0.783390 0.004000 0.005137
1 0.851143 0.785959 0.006286 0.008562
1 0.860000 0.786387 0.004571 0.007705
1 0.867429 0.769692 0.012571 0.015411
1 0.886857 0.783818 0.005714 0.007705
1 0.894571 0.808219 0.007429 0.011986
1 0.908286 0.757277 0.014286 0.016267
1 0.917429 0.766695 0.009714 0.016267
1 0.931714 0.789384 0.005143 0.008562
1 0.938857 0.785531 0.004571 0.007705
1 0.958286 0.805223 0.009143 0.012842
1 0.959714 0.755565 0.009714 0.017979
1 0.970571 0.759418 0.013143 0.013699
1 0.983714 0.771404 0.007429 0.010274
1 0.997714 0.769692 0.004571 0.011986
1 1.000000 0.768836 0.000000 0.010274
1 0.440571 0.788955 0.003429 0.005993
1 0.435429 0.800086 0.009143 0.019692
1 0.391143 0.799658 0.007429 0.025685
1 0.398571 0.799229 0.006286 0.014555
1 0.514571 0.773973 0.007429 0.011986
1 0.590000 0.775685 0.006286 0.008562
