1 0.025492 0.652158 0.030127 0.023741
1 0.062572 0.658993 0.041715 0.031655
1 0.100811 0.643165 0.034762 0.024460
1 0.117613 0.652878 0.035921 0.026619
1 0.154114 0.658633 0.032445 0.020863
1 0.192352 0.642806 0.032445 0.022302
1 0.204519 0.642806 0.038239 0.030935
1 0.297219 0.642806 0.042874 0.025180
1 0.348783 0.670144 0.053302 0.036691
1 0.365006 0.660432 0.039397 0.025899
1 0.381228 0.647482 0.030127 0.023022
1 0.409038 0.646043 0.037080 0.024460
1 0.433372 0.675899 0.025492 0.020863
1 0.460023 0.673022 0.039397 0.025180
1 0.479722 0.653237 0.032445 0.023022
1 0.527810 0.648561 0.035921 0.025180
1 0.556779 0.653237 0.035921 0.023022
1 0.560834 0.638129 0.030127 0.025899
1 0.635574 0.659712 0.033604 0.020144
1 0.644264 0.648201 0.032445 0.025899
1 0.673233 0.656835 0.032445 0.025899
1 0.723638 0.652518 0.026651 0.020144
1 0.763615 0.652158 0.039397 0.028058
1 0.831981 0.630935 0.034762 0.030216
1 0.874276 0.656115 0.038239 0.025899
1 0.863268 0.652518 0.030127 0.024460
1 0.946118 0.645683 0.033604 0.025180
1 0.922943 0.633453 0.031286 0.023741
