1 0.165333 0.340000 0.040000 0.100000
1 0.250667 0.385000 0.037333 0.095000
1 0.300000 0.400000 0.037333 0.100000
1 0.392000 0.415000 0.037333 0.095000
1 0.474667 0.428750 0.037333 0.097500
1 0.559333 0.391250 0.041333 0.102500
1 0.654667 0.387500 0.037333 0.095000
1 0.746000 0.402500 0.038667 0.100000
1 0.834667 0.370000 0.045333 0.105000
1 0.743333 0.356250 0.038667 0.092500
1 0.658667 0.355000 0.034667 0.085000
1 0.584000 0.332500 0.040000 0.100000
1 0.521333 0.336250 0.037333 0.092500
1 0.437333 0.356250 0.040000 0.102500
1 0.364000 0.360000 0.040000 0.095000
1 0.267333 0.328750 0.038667 0.092500
