1 0.007917 0.832609 0.002500 0.004348
1 0.028750 0.889855 0.007500 0.014493
1 0.030417 0.872464 0.007500 0.011594
1 0.041667 0.881884 0.006667 0.013043
1 0.049167 0.868116 0.008333 0.014493
1 0.056667 0.882609 0.006667 0.011594
1 0.130000 0.883333 0.006667 0.013043
1 0.151667 0.877536 0.005000 0.010145
1 0.236667 0.857971 0.005000 0.008696
1 0.247500 0.859420 0.005000 0.008696
1 0.287500 0.860145 0.005000 0.007246
1 0.295000 0.857246 0.003333 0.007246
1 0.994583 0.884783 0.007500 0.013043
1 0.903333 0.873188 0.008333 0.013043
1 0.860833 0.868116 0.006667 0.011594
1 0.824583 0.863768 0.005833 0.011594
1 0.813333 0.872464 0.006667 0.008696
1 0.892917 0.812319 0.002500 0.004348
1 0.940833 0.842754 0.008333 0.030435
1 0.836250 0.825362 0.007500 0.030435
1 0.795833 0.815217 0.003333 0.004348
1 0.797917 0.854348 0.005833 0.010145
1 0.792500 0.870290 0.005000 0.010145
1 0.785417 0.868841 0.004167 0.007246
1 0.716250 0.813768 0.002500 0.004348
1 0.748750 0.823913 0.005833 0.027536
1 0.761667 0.825362 0.006667 0.027536
1 0.778333 0.825362 0.005000 0.018841
1 0.782083 0.826087 0.005833 0.023188
1 0.787917 0.821014 0.005833 0.024638
1 0.665417 0.842754 0.004167 0.007246
1 0.715833 0.855072 0.005000 0.008696
1 0.706667 0.859420 0.003333 0.008696
1 0.735417 0.886232 0.010833 0.059420
1 0.739167 0.852899 0.005000 0.010145
1 0.746667 0.857246 0.005000 0.010145
1 0.757917 0.886232 0.010833 0.068116
1 0.749167 0.845652 0.005000 0.024638
1 0.621250 0.838406 0.002500 0.004348
1 0.614583 0.848551 0.005833 0.021739
1 0.613750 0.824638 0.005833 0.023188
1 0.607917 0.823913 0.005833 0.027536
1 0.562500 0.846377 0.006667 0.028986
1 0.553750 0.836957 0.002500 0.004348
1 0.548333 0.847101 0.006667 0.027536
1 0.545000 0.847101 0.006667 0.027536
1 0.259583 0.870290 0.007500 0.039130
1 0.254167 0.879710 0.015000 0.052174
1 0.108750 0.834058 0.002500 0.004348
1 0.115000 0.844203 0.006667 0.027536
1 0.130833 0.845652 0.006667 0.027536
1 0.135833 0.843478 0.006667 0.026087
1 0.140417 0.844928 0.005833 0.026087
1 0.200833 0.843478 0.005000 0.023188
1 0.207083 0.844203 0.005833 0.030435
1 0.211250 0.846377 0.005833 0.026087
1 0.217083 0.842754 0.005833 0.024638
1 0.225000 0.838406 0.003333 0.004348
1 0.209167 0.821014 0.006667 0.021739
1 0.420000 0.747826 0.006667 0.017391
1 0.402083 0.736957 0.002500 0.004348
1 0.386250 0.749275 0.005833 0.014493
1 0.381250 0.748551 0.005833 0.015942
1 0.383333 0.747826 0.005000 0.023188
1 0.371250 0.747101 0.005833 0.018841
1 0.574167 0.742754 0.005000 0.018841
1 0.581667 0.745652 0.006667 0.018841
1 0.587917 0.747101 0.005833 0.018841
1 0.591667 0.747826 0.005000 0.020290
1 0.599167 0.747101 0.006667 0.018841
1 0.602083 0.747101 0.005833 0.024638
