1 0.164919 0.160156 0.031452 0.067187
1 0.179435 0.049219 0.026613 0.067187
1 0.233468 0.150781 0.029839 0.067187
1 0.227419 0.045312 0.022581 0.056250
1 0.270161 0.054688 0.024194 0.062500
1 0.294758 0.089844 0.023387 0.070312
1 0.314113 0.024219 0.023387 0.048438
1 0.329839 0.077344 0.017742 0.042188
1 0.347984 0.063281 0.020161 0.048438
1 0.361290 0.072656 0.020968 0.057813
1 0.395565 0.069531 0.026613 0.064062
1 0.459274 0.105469 0.041129 0.082812
1 0.712097 0.068750 0.032258 0.065625
1 0.950000 0.056250 0.029032 0.065625
1 0.648790 0.339062 0.065323 0.165625
