1 0.920782 0.873446 0.016461 0.012776
1 0.882716 0.884151 0.013374 0.012086
1 0.847737 0.880870 0.014403 0.009669
1 0.751286 0.877935 0.014918 0.010704
1 0.655607 0.873791 0.009774 0.010704
1 0.626029 0.871029 0.014403 0.010704
1 0.515947 0.868439 0.011317 0.008978
1 0.368056 0.863087 0.008745 0.006561
1 0.369084 0.839434 0.008745 0.006215
1 0.352366 0.862224 0.008230 0.006215
1 0.352366 0.837880 0.008230 0.006561
1 0.330504 0.860843 0.009774 0.007597
1 0.323045 0.835808 0.007202 0.007251
1 0.324074 0.835635 0.008230 0.007597
1 0.286008 0.860325 0.008230 0.006561
1 0.282407 0.856181 0.009259 0.005870
1 0.248457 0.861878 0.008230 0.006215
1 0.275463 0.833046 0.006687 0.006561
1 0.248200 0.837017 0.008745 0.007597
1 0.241255 0.835981 0.007202 0.006215
1 0.234311 0.854627 0.006687 0.004834
1 0.206533 0.853591 0.005658 0.005525
1 0.194444 0.853419 0.007202 0.005870
1 0.162037 0.849275 0.009259 0.006561
1 0.152778 0.852901 0.009259 0.005525
1 0.145319 0.851174 0.007716 0.006215
1 0.125257 0.849448 0.005658 0.004834
1 0.106739 0.848930 0.006687 0.004489
1 0.097479 0.848584 0.005658 0.003798
1 0.101852 0.852037 0.009259 0.005870
1 0.208591 0.855836 0.005658 0.003798
