1 0.793301 0.625000 0.011438 0.015217
1 0.750817 0.645652 0.008170 0.013043
1 0.320261 0.635870 0.013072 0.036957
1 0.301471 0.638043 0.014706 0.032609
1 0.569444 0.620652 0.004902 0.006522
1 0.263889 0.950000 0.011438 0.017391
1 0.340686 0.643478 0.014706 0.039130
1 0.364379 0.643478 0.016340 0.034783
1 0.351307 0.642391 0.009804 0.036957
1 0.452614 0.627174 0.013072 0.036957
1 0.464052 0.626087 0.013072 0.034783
1 0.464869 0.644565 0.017974 0.041304
1 0.415033 0.652174 0.016340 0.039130
1 0.433007 0.644565 0.013072 0.041304
1 0.413399 0.627174 0.006536 0.006522
1 0.421569 0.647826 0.016340 0.043478
1 0.432190 0.653261 0.017974 0.041304
