1 0.010937 0.745696 0.021875 0.032864
1 0.059896 0.721440 0.026042 0.046948
1 0.030729 0.729264 0.028125 0.050078
1 0.042708 0.698748 0.020833 0.032864
1 0.016667 0.683881 0.029167 0.037559
1 0.025521 0.650235 0.019792 0.035994
1 0.015625 0.597027 0.020833 0.032864
1 0.026042 0.586854 0.020833 0.028169
1 0.048958 0.550078 0.016667 0.023474
1 0.073438 0.555556 0.011458 0.021909
1 0.095312 0.528951 0.017708 0.028169
1 0.104688 0.614241 0.017708 0.020344
1 0.161979 0.564163 0.021875 0.032864
1 0.177083 0.549296 0.014583 0.028169
1 0.097396 0.714397 0.023958 0.042254
1 0.118750 0.742567 0.027083 0.042254
1 0.177604 0.715962 0.019792 0.035994
1 0.195312 0.705008 0.023958 0.045383
1 0.281771 0.692488 0.019792 0.039124
1 0.331250 0.669014 0.020833 0.035994
1 0.354687 0.691706 0.019792 0.040689
1 0.284375 0.518779 0.014583 0.029734
1 0.318229 0.521127 0.019792 0.031299
1 0.319271 0.521909 0.019792 0.029734
1 0.302083 0.571205 0.022917 0.028169
1 0.340104 0.613459 0.019792 0.034429
1 0.341146 0.582160 0.019792 0.034429
1 0.379167 0.585290 0.018750 0.034429
1 0.340625 0.580595 0.018750 0.031299
1 0.384896 0.615806 0.021875 0.039124
1 0.422917 0.619718 0.022917 0.040689
1 0.465625 0.657277 0.022917 0.037559
1 0.469271 0.523474 0.017708 0.029734
1 0.509896 0.491393 0.017708 0.037559
1 0.527604 0.514085 0.017708 0.029734
1 0.668750 0.525822 0.016667 0.025039
1 0.548438 0.719092 0.023958 0.035994
1 0.602083 0.712833 0.020833 0.039124
1 0.625521 0.708920 0.019792 0.034429
1 0.675000 0.728482 0.022917 0.035994
1 0.668229 0.708138 0.021875 0.039124
1 0.676042 0.687011 0.020833 0.037559
1 0.716146 0.696401 0.026042 0.040689
1 0.722917 0.722222 0.022917 0.045383
1 0.696354 0.711268 0.019792 0.035994
1 0.740104 0.727700 0.019792 0.037559
1 0.740104 0.693271 0.019792 0.034429
1 0.710417 0.619718 0.020833 0.034429
1 0.753125 0.669014 0.016667 0.032864
1 0.771875 0.705790 0.025000 0.043818
1 0.804688 0.741784 0.026042 0.043818
1 0.825521 0.712833 0.023958 0.042254
1 0.840104 0.730829 0.019792 0.034429
1 0.804688 0.653365 0.017708 0.032864
1 0.767708 0.609546 0.020833 0.032864
1 0.773438 0.686228 0.023958 0.035994
1 0.866667 0.705790 0.020833 0.037559
1 0.890625 0.723787 0.025000 0.042254
1 0.891146 0.744914 0.023958 0.037559
1 0.901563 0.719092 0.021875 0.035994
1 0.937500 0.672926 0.022917 0.037559
1 0.956771 0.726917 0.019792 0.035994
1 0.967708 0.723005 0.018750 0.037559
1 0.991146 0.737872 0.017708 0.032864
1 0.975000 0.665884 0.020833 0.039124
