1 0.731125 0.972756 0.007835 0.016026
1 0.714833 0.977831 0.007301 0.013355
1 0.629363 0.948718 0.005876 0.010684
1 0.991987 0.961672 0.006766 0.010417
1 0.994925 0.938568 0.003739 0.006944
1 0.978989 0.948851 0.005342 0.010417
1 0.973736 0.941774 0.005164 0.008013
1 0.978811 0.937366 0.005698 0.008814
1 0.951211 0.914797 0.002849 0.004808
1 0.947739 0.909455 0.003027 0.005342
1 0.776887 0.914797 0.003205 0.006944
1 0.768786 0.925881 0.004095 0.007212
1 0.768340 0.925748 0.003205 0.006944
1 0.762019 0.906918 0.003027 0.005075
1 0.772080 0.904113 0.002493 0.003739
1 0.771635 0.901442 0.003027 0.004808
1 0.733618 0.940304 0.004274 0.007746
1 0.750534 0.943777 0.005342 0.009882
1 0.733440 0.915465 0.002849 0.005609
1 0.722845 0.916132 0.003027 0.004274
1 0.713942 0.940972 0.004808 0.006944
1 0.704594 0.919471 0.004630 0.007212
1 0.694088 0.951656 0.011396 0.063568
1 0.684295 0.925080 0.003917 0.007212
1 0.626246 0.929220 0.003205 0.005342
1 0.617521 0.930823 0.003205 0.005876
1 0.610933 0.922409 0.004274 0.006143
1 0.596866 0.923210 0.006410 0.009882
1 0.600962 0.922676 0.004274 0.007746
1 0.584313 0.916132 0.004808 0.007479
1 0.569177 0.918536 0.005520 0.008547
1 0.557247 0.919204 0.005520 0.008280
1 0.552083 0.921741 0.004452 0.007479
1 0.547632 0.940438 0.004808 0.008013
1 0.537838 0.927217 0.005876 0.008814
1 0.546830 0.917735 0.004630 0.007479
1 0.542646 0.924145 0.003739 0.007479
1 0.531517 0.916132 0.004986 0.008547
1 0.523326 0.913595 0.005342 0.009348
1 0.509882 0.928819 0.005520 0.009882
1 0.509437 0.918403 0.004986 0.006677
1 0.475783 0.884482 0.006054 0.010417
1 0.473113 0.888488 0.005698 0.010417
1 0.472133 0.879541 0.005876 0.009081
1 0.463319 0.912260 0.006410 0.008814
1 0.454416 0.913862 0.006410 0.008280
1 0.437411 0.910256 0.007301 0.011218
1 0.440705 0.913729 0.005342 0.008013
1 0.430823 0.937500 0.005876 0.008547
1 0.424056 0.915465 0.005520 0.008814
1 0.415776 0.914129 0.006766 0.010951
1 0.410167 0.914129 0.006944 0.010951
1 0.404380 0.918536 0.005342 0.009615
1 0.403134 0.957666 0.004274 0.007746
1 0.390224 0.919471 0.005520 0.008814
1 0.392717 0.919872 0.005164 0.009081
1 0.386485 0.922543 0.005520 0.009081
1 0.375356 0.927618 0.006410 0.010684
1 0.376514 0.924546 0.003027 0.006143
1 0.364316 0.934562 0.006410 0.009615
1 0.354345 0.931757 0.007123 0.010951
1 0.361378 0.926015 0.005876 0.010684
1 0.363337 0.919204 0.005520 0.009348
1 0.345085 0.940572 0.005698 0.008814
1 0.342325 0.936565 0.006588 0.010417
1 0.350071 0.923210 0.006766 0.012019
1 0.340189 0.930155 0.006588 0.010417
1 0.332354 0.933761 0.006588 0.011218
1 0.334580 0.921875 0.005698 0.010417
1 0.331197 0.924813 0.005342 0.008814
1 0.323718 0.936165 0.006054 0.011218
1 0.319266 0.939637 0.006054 0.009615
1 0.314993 0.929220 0.006410 0.008547
1 0.304754 0.948718 0.006232 0.011218
1 0.305645 0.936165 0.006944 0.009615
1 0.296474 0.944845 0.004986 0.009882
1 0.280805 0.945513 0.005698 0.010150
1 0.266738 0.942441 0.007479 0.009348
1 0.257746 0.947516 0.006232 0.009348
1 0.240652 0.949119 0.005520 0.008814
1 0.249644 0.941640 0.005342 0.008814
1 0.234954 0.938034 0.006944 0.012286
1 0.237001 0.906651 0.002849 0.005075
1 0.235488 0.906517 0.002315 0.004808
1 0.228009 0.904915 0.003383 0.004274
1 0.212429 0.905048 0.002493 0.004541
1 0.222845 0.951122 0.005876 0.010684
1 0.192397 0.953125 0.005876 0.010417
1 0.205039 0.947249 0.006232 0.010951
1 0.192041 0.907986 0.002315 0.003472
1 0.183226 0.932425 0.004274 0.008547
1 0.178508 0.947249 0.005876 0.009882
1 0.166311 0.941506 0.006410 0.009081
1 0.157318 0.947783 0.006232 0.008814
1 0.181624 0.910657 0.003561 0.005075
1 0.163016 0.914396 0.002315 0.003472
1 0.159188 0.906517 0.002849 0.005342
1 0.145210 0.954060 0.006232 0.010684
1 0.139868 0.953392 0.005164 0.008280
1 0.146368 0.938568 0.006054 0.010150
1 0.117343 0.983574 0.007835 0.012019
1 0.104345 0.971955 0.007479 0.014957
1 0.124377 0.952057 0.004808 0.008814
1 0.122329 0.944444 0.005698 0.010150
1 0.117877 0.933627 0.006054 0.010951
1 0.119836 0.925881 0.003561 0.005609
1 0.120192 0.917735 0.003561 0.005876
1 0.105146 0.954861 0.006588 0.011752
1 0.100694 0.952457 0.005164 0.008547
1 0.098113 0.940972 0.004986 0.009081
1 0.106036 0.941506 0.005164 0.008013
1 0.106571 0.921207 0.003739 0.006410
1 0.105413 0.921741 0.003205 0.005342
1 0.087607 0.922409 0.003205 0.006677
1 0.075766 0.972623 0.006944 0.013622
1 0.077190 0.955395 0.007301 0.011218
1 0.082176 0.949786 0.005876 0.009615
1 0.069533 0.955262 0.005876 0.009348
1 0.056001 0.950855 0.004808 0.008013
1 0.043803 0.957799 0.006410 0.010684
1 0.069801 0.925881 0.004274 0.006677
1 0.010506 0.960604 0.007123 0.010951
1 0.022347 0.945913 0.005164 0.007746
1 0.867076 0.978632 0.008725 0.013355
1 0.769320 0.987179 0.005164 0.009081
