1 0.059231 0.661191 0.007692 0.012320
1 0.073077 0.663758 0.009231 0.013347
1 0.093846 0.662218 0.010769 0.012320
1 0.122692 0.657084 0.010000 0.014374
1 0.230000 0.664271 0.009231 0.014374
1 0.243462 0.655031 0.006923 0.010267
1 0.249615 0.658624 0.010000 0.011294
1 0.311923 0.691992 0.025385 0.080082
1 0.334615 0.655544 0.007692 0.009240
1 0.352308 0.658624 0.009231 0.011294
1 0.366923 0.667864 0.004615 0.005133
1 0.371538 0.678645 0.015385 0.045175
1 0.367308 0.679158 0.016154 0.046201
1 0.384615 0.661191 0.006154 0.008214
1 0.408462 0.655544 0.009231 0.013347
1 0.399615 0.656057 0.014615 0.024641
1 0.429231 0.662731 0.007692 0.011294
1 0.433846 0.666838 0.007692 0.013347
1 0.445000 0.658111 0.008462 0.010267
1 0.478077 0.648871 0.010000 0.016427
1 0.516923 0.657598 0.010769 0.015400
1 0.526538 0.659138 0.011538 0.016427
1 0.542308 0.650924 0.009231 0.014374
1 0.536538 0.653491 0.011538 0.017454
1 0.586154 0.662731 0.012308 0.015400
1 0.637692 0.657598 0.010769 0.017454
1 0.648077 0.651437 0.006923 0.009240
1 0.768846 0.658111 0.011538 0.016427
1 0.898077 0.659651 0.010000 0.013347
1 0.931923 0.687885 0.025385 0.075975
1 0.943846 0.657598 0.009231 0.011294
1 0.342308 0.655031 0.006154 0.008214
