1 0.005385 0.646905 0.010769 0.015740
1 0.004231 0.643757 0.008462 0.013641
1 0.019615 0.679958 0.010000 0.014690
1 0.040385 0.652151 0.013077 0.017838
1 0.042308 0.645855 0.010769 0.017838
1 0.063846 0.674711 0.012308 0.018888
1 0.085000 0.656348 0.013077 0.017838
1 0.095000 0.656873 0.014615 0.018888
1 0.120000 0.647954 0.012308 0.019937
1 0.125385 0.657398 0.012308 0.017838
1 0.158077 0.674187 0.013077 0.019937
1 0.177308 0.650577 0.016154 0.023085
1 0.195769 0.636411 0.023846 0.028332
1 0.221154 0.648478 0.014615 0.020986
1 0.222692 0.665268 0.017692 0.027282
1 0.277308 0.662644 0.011538 0.017838
1 0.275769 0.655299 0.013077 0.019937
1 0.278462 0.658447 0.012308 0.015740
1 0.334231 0.636411 0.006923 0.009444
1 0.325385 0.647954 0.010769 0.017838
1 0.340769 0.638510 0.013846 0.019937
1 0.358846 0.651626 0.014615 0.023085
1 0.367308 0.649003 0.013077 0.019937
1 0.326538 0.663169 0.019231 0.025184
1 0.344615 0.657398 0.018462 0.022036
1 0.401154 0.632739 0.014615 0.025184
1 0.406154 0.649528 0.015385 0.027282
1 0.428846 0.646380 0.019231 0.027282
1 0.466154 0.649528 0.015385 0.023085
1 0.473077 0.626443 0.012308 0.018888
1 0.500385 0.632739 0.020769 0.035677
1 0.500000 0.635362 0.023077 0.032529
1 0.536538 0.646380 0.016154 0.027282
1 0.558846 0.636411 0.016154 0.024134
1 0.548846 0.634837 0.013077 0.018888
1 0.567692 0.635887 0.013846 0.018888
1 0.581923 0.643757 0.013077 0.024134
1 0.570385 0.616999 0.013077 0.018888
1 0.607692 0.635887 0.012308 0.016789
1 0.603462 0.650052 0.017692 0.026233
1 0.617308 0.634837 0.020769 0.027282
1 0.641923 0.623820 0.014615 0.019937
1 0.649615 0.636411 0.020769 0.032529
1 0.675385 0.647429 0.018462 0.029381
1 0.688462 0.623295 0.020000 0.025184
1 0.713077 0.639035 0.015385 0.025184
1 0.715769 0.619622 0.011538 0.015740
1 0.727308 0.619098 0.005385 0.008395
1 0.743462 0.615425 0.025385 0.038825
1 0.763077 0.628541 0.013846 0.018888
1 0.788077 0.610178 0.014615 0.022036
1 0.798846 0.623295 0.011538 0.014690
1 0.823846 0.625393 0.023077 0.035677
1 0.813846 0.639559 0.016923 0.024134
1 0.846538 0.632214 0.019231 0.024134
1 0.848077 0.610703 0.019231 0.023085
1 0.868846 0.622770 0.022308 0.036726
1 0.886538 0.639035 0.019231 0.027282
1 0.895385 0.620147 0.009231 0.012592
1 0.903846 0.645331 0.013846 0.023085
1 0.917308 0.615950 0.020769 0.029381
1 0.946538 0.621196 0.020769 0.031480
1 0.995769 0.607555 0.008462 0.020986
1 0.134231 0.390346 0.005385 0.008395
1 0.150769 0.381952 0.004615 0.006296
1 0.183077 0.381427 0.006154 0.009444
1 0.215000 0.370409 0.006923 0.012592
