1 0.971354 0.086029 0.039583 0.148529
1 0.814844 0.063235 0.039062 0.126471
1 0.791406 0.061765 0.046354 0.123529
1 0.679427 0.061765 0.034896 0.123529
1 0.705208 0.087500 0.040625 0.154412
1 0.405469 0.083824 0.049479 0.161765
1 0.321354 0.072059 0.057292 0.144118
1 0.207813 0.076471 0.047917 0.152941
1 0.241146 0.055147 0.034375 0.110294
1 0.086719 0.066912 0.042188 0.133824
1 0.022917 0.082353 0.045833 0.164706
1 0.544010 0.086029 0.054688 0.172059
1 0.378125 0.330882 0.064583 0.235294
1 0.508333 0.246324 0.061458 0.230882
1 0.873958 0.420588 0.068750 0.258824
