1 0.976548 0.979375 0.046904 0.041250
1 0.908068 0.861250 0.037523 0.027500
1 0.895872 0.866875 0.039400 0.028750
1 0.787992 0.849375 0.037523 0.026250
1 0.579737 0.835000 0.022514 0.017500
1 0.635084 0.850625 0.024390 0.018750
1 0.707317 0.847500 0.030019 0.020000
1 0.781426 0.828750 0.028143 0.020000
1 0.945591 0.765000 0.015009 0.012500
1 0.943715 0.763125 0.015009 0.011250
1 0.885553 0.766250 0.015009 0.012500
1 0.876173 0.768125 0.015009 0.011250
1 0.886492 0.750000 0.013133 0.010000
1 0.865854 0.750000 0.009381 0.007500
1 0.917448 0.727500 0.007505 0.005000
1 0.818949 0.771250 0.016886 0.015000
1 0.807692 0.763125 0.016886 0.011250
1 0.827392 0.751250 0.011257 0.007500
1 0.781426 0.771875 0.016886 0.011250
1 0.768293 0.771250 0.016886 0.010000
1 0.757974 0.764375 0.015009 0.011250
1 0.792683 0.748125 0.013133 0.008750
1 0.719512 0.765000 0.013133 0.010000
1 0.709193 0.766875 0.015009 0.008750
1 0.727017 0.773750 0.020638 0.012500
1 0.681051 0.791250 0.033771 0.070000
1 0.679174 0.770625 0.015009 0.013750
1 0.632270 0.760000 0.011257 0.010000
1 0.643527 0.755000 0.018762 0.012500
1 0.610694 0.763750 0.016886 0.012500
1 0.141651 0.728125 0.009381 0.006250
1 0.123827 0.710000 0.015009 0.032500
1 0.137899 0.699375 0.005629 0.003750
1 0.146341 0.710000 0.022514 0.035000
1 0.221388 0.700625 0.007505 0.006250
1 0.650094 0.705000 0.005629 0.005000
1 0.776735 0.703125 0.015009 0.021250
1 0.892120 0.725000 0.009381 0.007500
1 0.885553 0.728750 0.011257 0.007500
1 0.588180 0.730000 0.009381 0.007500
1 0.605066 0.731875 0.009381 0.006250
1 0.634146 0.731875 0.011257 0.006250
1 0.654784 0.729375 0.007505 0.006250
1 0.667917 0.733750 0.007505 0.005000
1 0.673546 0.731250 0.007505 0.005000
1 0.696060 0.731875 0.011257 0.008750
1 0.713884 0.742500 0.009381 0.007500
1 0.735460 0.715625 0.015009 0.021250
1 0.753283 0.718750 0.013133 0.022500
1 0.613508 0.701875 0.015009 0.016250
1 0.704503 0.813125 0.024390 0.018750
