1 0.009231 0.463950 0.016923 0.020899
1 0.077308 0.354754 0.028462 0.049112
1 0.107692 0.412748 0.015385 0.025078
1 0.122308 0.391327 0.027692 0.040752
1 0.138077 0.371473 0.028462 0.047022
1 0.200769 0.443051 0.016923 0.025078
1 0.223462 0.359979 0.034615 0.051202
1 0.294231 0.316092 0.043846 0.080460
1 0.344231 0.376176 0.030000 0.058516
1 0.380385 0.375131 0.028462 0.045977
1 0.397692 0.387670 0.021538 0.039707
1 0.436923 0.359979 0.036923 0.063741
1 0.481538 0.382968 0.027692 0.044932
1 0.466538 0.392372 0.022308 0.047022
1 0.543077 0.398119 0.027692 0.037618
1 0.562692 0.331766 0.048462 0.072100
1 0.624231 0.293103 0.050000 0.084639
1 0.698077 0.486416 0.056154 0.235110
1 0.767692 0.288924 0.049231 0.072100
1 0.863846 0.318182 0.043077 0.074190
1 0.808077 0.371996 0.023846 0.035528
1 0.978462 0.477534 0.010769 0.014629
1 0.997692 0.433124 0.004615 0.032393
