1 0.905500 0.699045 0.021000 0.028662
1 0.919500 0.697452 0.011000 0.022293
1 0.946000 0.695860 0.006000 0.012739
1 0.794000 0.716561 0.004000 0.006369
1 0.772500 0.688694 0.005000 0.007962
1 0.701500 0.728503 0.013000 0.033439
1 0.586000 0.701433 0.010000 0.017516
1 0.529500 0.695860 0.007000 0.009554
1 0.467000 0.704618 0.006000 0.011146
1 0.407000 0.711783 0.004000 0.006369
1 0.394500 0.718153 0.011000 0.025478
1 0.339500 0.703025 0.005000 0.011146
1 0.311000 0.710191 0.014000 0.047771
1 0.212500 0.714172 0.005000 0.007962
1 0.202500 0.699841 0.005000 0.007962
1 0.179000 0.704618 0.006000 0.007962
1 0.847500 0.713376 0.015000 0.028662
1 0.862000 0.715764 0.018000 0.027070
1 0.869000 0.714968 0.012000 0.025478
1 0.875000 0.714968 0.014000 0.025478
1 0.945500 0.693471 0.009000 0.036624
1 0.894000 0.696656 0.012000 0.042994
1 0.794500 0.696656 0.007000 0.027070
1 0.783500 0.699045 0.007000 0.028662
1 0.743000 0.706210 0.004000 0.007962
1 0.706000 0.689490 0.006000 0.022293
1 0.657000 0.691879 0.006000 0.027070
1 0.638000 0.699841 0.008000 0.030255
1 0.630000 0.697452 0.008000 0.031847
1 0.608000 0.698248 0.012000 0.036624
1 0.690500 0.720541 0.029000 0.017516
1 0.591000 0.693471 0.006000 0.027070
1 0.585500 0.693471 0.007000 0.027070
1 0.575500 0.687102 0.007000 0.017516
1 0.567500 0.687102 0.007000 0.017516
1 0.544500 0.688694 0.007000 0.020701
1 0.537500 0.690287 0.007000 0.020701
1 0.518500 0.688694 0.007000 0.023885
1 0.464000 0.689490 0.008000 0.022293
1 0.242000 0.703025 0.006000 0.027070
1 0.234000 0.694268 0.004000 0.006369
1 0.130000 0.702229 0.010000 0.038217
1 0.690000 0.695064 0.006000 0.027070
1 0.722000 0.687898 0.008000 0.025478
