1 0.850781 0.361050 0.079687 0.135667
1 0.267578 0.174508 0.114844 0.167396
1 0.989844 0.106674 0.020313 0.038293
1 0.941016 0.110503 0.022656 0.039387
1 0.776172 0.117068 0.022656 0.037199
1 0.938281 0.035558 0.017188 0.033917
1 0.976562 0.013129 0.017188 0.026258
1 0.869531 0.065646 0.018750 0.026258
1 0.851172 0.105580 0.022656 0.038293
1 0.765625 0.093545 0.020313 0.031729
1 0.771875 0.067287 0.017188 0.029540
1 0.648047 0.109956 0.022656 0.036105
1 0.679688 0.065098 0.021875 0.033917
1 0.597656 0.115427 0.020313 0.031729
1 0.547266 0.123632 0.022656 0.035011
1 0.495312 0.102845 0.021875 0.030635
1 0.520703 0.108315 0.017969 0.030635
1 0.463281 0.112691 0.020313 0.032823
1 0.657813 0.079322 0.018750 0.031729
1 0.610938 0.013676 0.018750 0.027352
1 0.564844 0.016958 0.025000 0.033917
1 0.501172 0.042123 0.019531 0.033917
1 0.407813 0.018600 0.021875 0.037199
1 0.372656 0.019147 0.020313 0.038293
1 0.323437 0.022429 0.021875 0.029540
1 0.155859 0.054158 0.022656 0.031729
1 0.119141 0.082057 0.017969 0.026258
1 0.076563 0.066193 0.017188 0.033917
1 0.044922 0.059081 0.016406 0.028446
1 0.119141 0.025711 0.016406 0.027352
