1 0.217500 0.834375 0.007500 0.018750
1 0.205625 0.880625 0.013750 0.028750
1 0.221250 0.870000 0.015000 0.035000
1 0.241250 0.860000 0.006250 0.015000
1 0.290938 0.891875 0.009375 0.023750
1 0.352500 0.788125 0.008750 0.021250
1 0.338125 0.830000 0.006250 0.015000
1 0.384375 0.739375 0.005000 0.013750
1 0.431250 0.757500 0.006250 0.012500
1 0.399687 0.882500 0.015625 0.030000
1 0.434688 0.805625 0.006875 0.013750
1 0.448750 0.803125 0.006250 0.016250
1 0.450625 0.790000 0.007500 0.015000
1 0.464062 0.808750 0.006875 0.017500
1 0.433750 0.902500 0.008750 0.017500
1 0.448750 0.869375 0.010000 0.021250
1 0.462813 0.888125 0.008125 0.021250
1 0.483438 0.881250 0.009375 0.020000
1 0.517188 0.826250 0.008125 0.020000
1 0.528125 0.768750 0.005000 0.012500
1 0.532500 0.771250 0.006250 0.012500
1 0.485000 0.732500 0.005000 0.010000
1 0.509062 0.729375 0.005625 0.008750
1 0.525625 0.686875 0.006250 0.013750
1 0.535000 0.699375 0.005000 0.011250
1 0.560312 0.702500 0.005625 0.012500
1 0.569688 0.696875 0.004375 0.011250
1 0.565937 0.747500 0.005625 0.012500
1 0.583750 0.716250 0.003750 0.010000
1 0.588125 0.723125 0.006250 0.013750
1 0.598437 0.738125 0.005625 0.013750
1 0.590313 0.706875 0.005625 0.013750
1 0.622500 0.713125 0.005000 0.011250
1 0.633437 0.723750 0.005625 0.010000
1 0.629375 0.722500 0.005000 0.010000
1 0.657188 0.730625 0.005625 0.011250
1 0.660312 0.704375 0.004375 0.011250
1 0.665312 0.706250 0.004375 0.010000
1 0.675000 0.706250 0.005000 0.012500
1 0.687813 0.733125 0.005625 0.013750
1 0.688125 0.726250 0.005000 0.010000
1 0.699375 0.726875 0.006250 0.013750
1 0.646250 0.800625 0.008750 0.018750
1 0.654375 0.780625 0.007500 0.016250
1 0.651875 0.829375 0.008750 0.018750
1 0.672188 0.824375 0.008125 0.018750
1 0.599375 0.853750 0.012500 0.027500
1 0.723750 0.861875 0.008750 0.018750
1 0.738750 0.860000 0.007500 0.015000
1 0.749062 0.856250 0.008125 0.017500
1 0.765000 0.855000 0.007500 0.017500
1 0.813750 0.818750 0.011250 0.017500
1 0.712500 0.731875 0.005000 0.008750
1 0.720313 0.733750 0.003125 0.007500
1 0.728125 0.713125 0.003750 0.008750
1 0.744687 0.731875 0.005625 0.011250
1 0.745625 0.725000 0.006250 0.012500
1 0.747812 0.721875 0.004375 0.011250
1 0.758437 0.724375 0.005625 0.011250
1 0.761250 0.696250 0.005000 0.012500
1 0.772813 0.732500 0.005625 0.012500
1 0.782188 0.736250 0.005625 0.012500
1 0.785937 0.760000 0.006875 0.015000
1 0.722187 0.762500 0.010625 0.042500
1 0.738437 0.765625 0.006875 0.013750
1 0.743750 0.798125 0.005000 0.011250
1 0.800000 0.730000 0.006250 0.012500
1 0.805937 0.733125 0.004375 0.008750
1 0.814688 0.749375 0.004375 0.008750
1 0.824688 0.766250 0.005625 0.012500
1 0.828438 0.731250 0.005625 0.010000
1 0.840000 0.768125 0.005000 0.011250
1 0.854688 0.765000 0.005625 0.012500
1 0.859375 0.787500 0.006250 0.015000
1 0.863437 0.815000 0.006875 0.017500
1 0.842187 0.821250 0.006875 0.012500
1 0.915625 0.741250 0.005000 0.010000
1 0.930312 0.726875 0.004375 0.008750
1 0.990938 0.760000 0.005625 0.010000
