1 0.765938 0.833333 0.038125 0.073333
1 0.652500 0.695000 0.036250 0.081111
1 0.515938 0.753889 0.018125 0.043333
1 0.563750 0.659444 0.022500 0.043333
1 0.600000 0.785000 0.013750 0.027778
1 0.639062 0.695556 0.018125 0.035556
1 0.348438 0.669444 0.014375 0.030000
1 0.313437 0.679444 0.008125 0.014444
1 0.296250 0.683333 0.005000 0.011111
1 0.285000 0.687222 0.007500 0.014444
1 0.273750 0.689444 0.008750 0.014444
1 0.257188 0.691667 0.015625 0.034444
1 0.212812 0.676667 0.021875 0.053333
1 0.130625 0.684444 0.021250 0.048889
1 0.073438 0.696111 0.021875 0.045556
1 0.015000 0.669444 0.023750 0.050000
1 0.045625 0.696667 0.006250 0.011111
1 0.094375 0.691667 0.006250 0.012222
1 0.108125 0.698889 0.005000 0.011111
1 0.152188 0.690000 0.004375 0.008889
1 0.157812 0.710556 0.003125 0.005556
1 0.172813 0.694444 0.004375 0.008889
1 0.183125 0.693889 0.003750 0.007778
1 0.190000 0.685000 0.007500 0.012222
1 0.199063 0.682778 0.005625 0.012222
1 0.245938 0.690556 0.004375 0.007778
1 0.267188 0.704444 0.008125 0.055556
1 0.262188 0.535000 0.004375 0.007778
