1 0.212308 0.257614 0.023077 0.043147
1 0.357692 0.246827 0.023077 0.044416
1 0.441923 0.308376 0.039231 0.073604
1 0.380385 0.236675 0.019231 0.036802
1 0.458846 0.224619 0.017692 0.035533
1 0.551538 0.286802 0.032308 0.065990
1 0.540000 0.225254 0.018462 0.034264
1 0.700000 0.243020 0.020000 0.031726
1 0.730769 0.261421 0.024615 0.043147
1 0.862308 0.310279 0.033846 0.059645
1 0.871538 0.239848 0.024615 0.043147
1 0.358846 0.134518 0.011538 0.022843
1 0.328846 0.134518 0.011538 0.022843
1 0.309231 0.133883 0.012308 0.021574
1 0.246923 0.105330 0.012308 0.027919
1 0.214231 0.123731 0.016154 0.031726
1 0.182692 0.133883 0.013077 0.024112
1 0.158846 0.133249 0.013077 0.025381
1 0.121538 0.130711 0.012308 0.025381
1 0.093846 0.125635 0.012308 0.025381
1 0.046154 0.065355 0.013846 0.029188
1 0.013462 0.024746 0.011538 0.021574
1 0.025769 0.022208 0.013077 0.026650
1 0.069615 0.040609 0.013077 0.022843
1 0.099231 0.038071 0.010769 0.020305
1 0.123077 0.034264 0.012308 0.022843
1 0.151538 0.043782 0.010769 0.024112
1 0.163462 0.009518 0.010000 0.019036
1 0.190769 0.074873 0.041538 0.101523
1 0.195385 0.085025 0.012308 0.022843
1 0.207308 0.044416 0.013077 0.020305
1 0.233462 0.043782 0.010000 0.021574
1 0.226923 0.084391 0.013846 0.024112
1 0.265385 0.013325 0.010769 0.021574
1 0.260769 0.045051 0.013846 0.026650
1 0.288462 0.081853 0.027692 0.107868
1 0.496923 0.026015 0.010769 0.019036
1 0.519231 0.026650 0.009231 0.015228
1 0.520385 0.067893 0.013077 0.024112
1 0.543462 0.041878 0.010000 0.015228
1 0.565385 0.032995 0.012308 0.022843
1 0.581154 0.036168 0.008462 0.016497
1 0.621154 0.009518 0.010000 0.019036
1 0.569615 0.069162 0.013077 0.024112
1 0.543077 0.071066 0.010769 0.017766
1 0.693077 0.041878 0.010769 0.022843
1 0.668077 0.038071 0.010000 0.022843
1 0.645769 0.047589 0.011538 0.019036
1 0.648846 0.110406 0.011538 0.022843
1 0.664615 0.102792 0.012308 0.020305
1 0.590385 0.217005 0.014615 0.030457
