1 0.802165 0.693646 0.021654 0.068079
1 0.759186 0.688351 0.017060 0.051437
1 0.701115 0.654312 0.017717 0.052950
1 0.638451 0.707262 0.019685 0.052950
1 0.581693 0.685325 0.016404 0.051437
1 0.516076 0.652042 0.016404 0.051437
1 0.435039 0.656581 0.018373 0.048411
1 0.351378 0.673222 0.016404 0.051437
1 0.313648 0.698185 0.018373 0.059002
1 0.216207 0.675492 0.020341 0.059002
1 0.266076 0.624811 0.017717 0.051437
1 0.301181 0.560514 0.019685 0.052950
1 0.341207 0.614221 0.019685 0.051437
1 0.359908 0.552950 0.016404 0.046899
1 0.069226 0.670953 0.019029 0.059002
1 0.082677 0.643722 0.018373 0.055976
1 0.115486 0.626324 0.019685 0.054463
1 0.148950 0.588502 0.018373 0.057489
1 0.090551 0.506808 0.017060 0.051437
1 0.121063 0.458396 0.016404 0.057489
1 0.197178 0.599849 0.017717 0.052950
1 0.244751 0.562784 0.017060 0.051437
1 0.191273 0.419818 0.015092 0.046899
1 0.291995 0.402421 0.015748 0.045386
1 0.366470 0.416793 0.016404 0.043873
1 0.449147 0.414523 0.016404 0.045386
1 0.309055 0.512859 0.017060 0.054463
1 0.378609 0.503026 0.018373 0.049924
1 0.415354 0.549168 0.018373 0.051437
1 0.450459 0.515129 0.017717 0.049924
1 0.473425 0.547655 0.017717 0.051437
1 0.511811 0.523449 0.017060 0.051437
1 0.537402 0.550681 0.015748 0.051437
1 0.575131 0.607413 0.019029 0.055976
1 0.595472 0.553707 0.019029 0.054463
1 0.655512 0.525719 0.018373 0.049924
1 0.669948 0.572617 0.018373 0.049924
1 0.697507 0.489410 0.015748 0.049924
1 0.771654 0.500756 0.017060 0.048411
1 0.742782 0.549924 0.017060 0.049924
1 0.736877 0.608169 0.017060 0.048411
1 0.785433 0.614977 0.015748 0.046899
1 0.821522 0.629349 0.018373 0.051437
1 0.854659 0.659607 0.020341 0.063540
1 0.908793 0.680787 0.020997 0.057489
1 0.934383 0.630106 0.020997 0.055976
1 0.947178 0.518911 0.019029 0.051437
1 0.891076 0.554463 0.018373 0.049924
1 0.840879 0.524206 0.017717 0.043873
1 0.881890 0.599092 0.019685 0.054463
1 0.814633 0.580938 0.016404 0.045386
