1 0.766538 0.662134 0.060769 0.083682
1 0.903846 0.439854 0.010769 0.019874
1 0.877308 0.413703 0.011538 0.017782
1 0.840385 0.469142 0.011538 0.017782
1 0.823846 0.444561 0.012308 0.018828
1 0.775385 0.432531 0.010769 0.021967
1 0.743462 0.426255 0.011538 0.019874
1 0.768077 0.401674 0.005385 0.010460
1 0.800000 0.402720 0.007692 0.010460
1 0.849615 0.385460 0.010000 0.013598
1 0.840385 0.387029 0.008462 0.012552
1 0.828846 0.391736 0.006923 0.011506
1 0.821923 0.383891 0.006923 0.010460
1 0.810769 0.383368 0.007692 0.011506
1 0.714231 0.399582 0.006923 0.008368
1 0.701154 0.405858 0.006923 0.010460
1 0.426923 0.456067 0.015385 0.023013
1 0.469615 0.401674 0.008462 0.014644
1 0.591923 0.387552 0.006923 0.009414
1 0.576538 0.387029 0.005385 0.008368
1 0.573846 0.387029 0.006154 0.008368
1 0.545769 0.381799 0.008462 0.010460
1 0.553462 0.385460 0.006923 0.009414
1 0.542308 0.378138 0.006154 0.009414
1 0.522692 0.379184 0.006923 0.009414
1 0.502308 0.379184 0.006154 0.009414
1 0.488462 0.368201 0.004615 0.006276
1 0.166923 0.453452 0.013846 0.024059
1 0.135769 0.472280 0.014615 0.019874
1 0.134231 0.458682 0.016154 0.026151
1 0.107692 0.456590 0.018462 0.028243
1 0.067308 0.475941 0.017692 0.027197
1 0.042692 0.471757 0.016154 0.025105
1 0.021538 0.469142 0.016923 0.028243
1 0.018846 0.395921 0.013077 0.036611
1 0.080385 0.376046 0.003846 0.005230
1 0.520000 0.375523 0.006154 0.008368
