1 0.139303 0.412037 0.027363 0.046296
1 0.194652 0.406481 0.021144 0.042593
1 0.256219 0.398148 0.027363 0.048148
1 0.317164 0.415741 0.022388 0.038889
1 0.368781 0.413889 0.023632 0.038889
1 0.424129 0.414815 0.024876 0.044444
1 0.482587 0.411111 0.022388 0.044444
1 0.539801 0.423148 0.017413 0.035185
1 0.590796 0.414815 0.022388 0.037037
1 0.646144 0.420370 0.021144 0.040741
1 0.697761 0.421296 0.022388 0.042593
1 0.751866 0.421296 0.026119 0.042593
1 0.807214 0.416667 0.024876 0.044444
1 0.864428 0.405556 0.024876 0.044444
1 0.882463 0.495370 0.026119 0.046296
1 0.818408 0.485185 0.027363 0.044444
1 0.755597 0.471296 0.026119 0.042593
1 0.688433 0.469444 0.028607 0.046296
1 0.633085 0.487963 0.027363 0.046296
1 0.571517 0.487037 0.026119 0.044444
1 0.514303 0.492593 0.023632 0.040741
1 0.455846 0.487963 0.023632 0.042593
1 0.401741 0.490741 0.022388 0.040741
1 0.348881 0.489815 0.026119 0.046296
1 0.281716 0.487037 0.028607 0.059259
1 0.208955 0.488889 0.027363 0.048148
1 0.140547 0.476852 0.029851 0.050000
1 0.046642 0.572222 0.028607 0.048148
1 0.096393 0.534259 0.026119 0.046296
1 0.164801 0.538889 0.028607 0.048148
1 0.239428 0.525000 0.028607 0.046296
1 0.303483 0.523148 0.029851 0.050000
1 0.359453 0.528704 0.027363 0.046296
1 0.419154 0.525000 0.027363 0.050000
1 0.485697 0.530556 0.028607 0.046296
1 0.550995 0.527778 0.029851 0.048148
1 0.613184 0.532407 0.029851 0.050000
1 0.662935 0.537037 0.024876 0.048148
1 0.726368 0.538889 0.024876 0.044444
1 0.783582 0.529630 0.029851 0.048148
1 0.843284 0.528704 0.027363 0.050000
1 0.907338 0.540741 0.031095 0.051852
1 0.922264 0.579630 0.026119 0.048148
1 0.857587 0.572222 0.026119 0.044444
1 0.782338 0.570370 0.027363 0.048148
1 0.717040 0.574074 0.026119 0.048148
1 0.651741 0.577778 0.024876 0.048148
1 0.585821 0.575926 0.029851 0.048148
1 0.516791 0.585185 0.023632 0.044444
1 0.455846 0.575926 0.028607 0.051852
1 0.387438 0.576852 0.023632 0.042593
1 0.322139 0.596296 0.027363 0.051852
1 0.256219 0.575000 0.027363 0.050000
1 0.188433 0.574074 0.028607 0.048148
1 0.113806 0.581481 0.026119 0.055556
1 0.064055 0.613889 0.031095 0.057407
1 0.131841 0.612037 0.032338 0.053704
1 0.217040 0.629630 0.028607 0.051852
1 0.287313 0.631481 0.027363 0.048148
1 0.350746 0.640741 0.027363 0.051852
1 0.416045 0.626852 0.026119 0.050000
1 0.484453 0.640741 0.028607 0.051852
1 0.551617 0.627778 0.026119 0.051852
1 0.617537 0.626852 0.028607 0.053704
1 0.683458 0.634259 0.028607 0.046296
1 0.745647 0.632407 0.026119 0.053704
1 0.818408 0.630556 0.032338 0.050000
1 0.887438 0.611111 0.033582 0.059259
1 0.960821 0.621296 0.028607 0.053704
1 0.847015 0.742593 0.029851 0.059259
1 0.769900 0.744444 0.032338 0.055556
1 0.697139 0.751852 0.028607 0.051852
1 0.630597 0.737037 0.029851 0.055556
1 0.557836 0.736111 0.031095 0.053704
1 0.485697 0.730556 0.031095 0.057407
1 0.412935 0.741667 0.024876 0.057407
1 0.338308 0.725926 0.032338 0.059259
1 0.272388 0.733333 0.032338 0.055556
1 0.199627 0.731481 0.033582 0.059259
