1 0.422500 0.813492 0.006667 0.030159
1 0.415833 0.811905 0.006667 0.030159
1 0.410833 0.811905 0.006667 0.033333
1 0.494583 0.813492 0.004167 0.011111
1 0.497500 0.809524 0.003333 0.006349
1 0.511667 0.811111 0.003333 0.006349
1 0.513750 0.808730 0.007500 0.039683
1 0.518333 0.814286 0.006667 0.044444
1 0.525000 0.793651 0.003333 0.006349
1 0.529167 0.792857 0.003333 0.007937
1 0.518750 0.807143 0.004167 0.007937
1 0.523750 0.807143 0.004167 0.007937
1 0.607500 0.792857 0.005000 0.011111
1 0.645417 0.792857 0.004167 0.007937
1 0.652500 0.808730 0.003333 0.007937
1 0.660000 0.800000 0.003333 0.006349
1 0.664167 0.795238 0.003333 0.006349
1 0.680417 0.792063 0.004167 0.009524
1 0.685000 0.787302 0.003333 0.006349
1 0.695000 0.788889 0.003333 0.006349
1 0.717500 0.789683 0.003333 0.007937
1 0.730833 0.788095 0.003333 0.007937
1 0.738750 0.784921 0.004167 0.007937
1 0.745000 0.792063 0.005000 0.009524
1 0.752917 0.786508 0.004167 0.007937
1 0.758333 0.783333 0.005000 0.007937
1 0.774583 0.788889 0.004167 0.009524
