1 0.192083 0.406667 0.050833 0.096296
1 0.282500 0.442222 0.030000 0.069630
1 0.356250 0.473333 0.034167 0.060741
1 0.502500 0.470370 0.023333 0.048889
1 0.602083 0.508148 0.037500 0.071111
1 0.728333 0.474815 0.035000 0.075556
1 0.665417 0.520000 0.034167 0.062222
1 0.640833 0.528889 0.023333 0.053333
1 0.889167 0.591852 0.031667 0.051852
1 0.914167 0.613333 0.023333 0.053333
1 0.855833 0.545926 0.020000 0.045926
1 0.876250 0.582222 0.022500 0.041481
1 0.976250 0.520741 0.020833 0.034074
1 0.810000 0.524444 0.015000 0.026667
1 0.780000 0.528148 0.011667 0.025185
1 0.995417 0.543704 0.009167 0.020741
1 0.395833 0.515556 0.015000 0.032593
1 0.716250 0.505926 0.024167 0.051852
