1 0.292289 0.511612 0.010779 0.019907
1 0.344527 0.545123 0.004146 0.003318
1 0.356965 0.542468 0.005804 0.004645
1 0.402570 0.542800 0.005804 0.003981
1 0.432007 0.539151 0.004975 0.004645
1 0.445688 0.539151 0.004146 0.003318
1 0.592454 0.517916 0.005804 0.004645
1 0.626866 0.550431 0.006633 0.005972
1 0.610697 0.551095 0.007463 0.005972
1 0.606965 0.557399 0.006633 0.005309
1 0.552653 0.572661 0.007463 0.006636
1 0.340796 0.595886 0.008292 0.006636
1 0.359453 0.596549 0.007463 0.006636
1 0.366086 0.596218 0.007463 0.005972
1 0.579187 0.575647 0.009121 0.008626
1 0.609867 0.577306 0.012438 0.009290
1 0.887231 0.509954 0.004975 0.004645
1 0.917910 0.511944 0.004975 0.004645
1 0.939469 0.545455 0.006633 0.006636
1 0.894279 0.545123 0.007463 0.007299
1 0.873964 0.547113 0.008292 0.005972
1 0.870647 0.549104 0.006633 0.005972
1 0.825041 0.536828 0.006633 0.005309
1 0.807629 0.535833 0.006633 0.005972
1 0.797264 0.536496 0.005804 0.007299
1 0.775290 0.538155 0.006633 0.006636
1 0.747512 0.538487 0.005804 0.005972
1 0.743367 0.540478 0.007463 0.007299
1 0.727197 0.544791 0.006633 0.005309
1 0.726368 0.548772 0.006633 0.005309
1 0.716003 0.539482 0.005804 0.006636
1 0.701493 0.532515 0.004975 0.004645
1 0.689055 0.537492 0.006633 0.005309
1 0.675373 0.539814 0.005804 0.004645
1 0.982172 0.529861 0.004146 0.003318
1 0.991708 0.527870 0.004975 0.004645
1 0.992952 0.555740 0.005804 0.005972
1 0.852819 0.566357 0.009121 0.007299
1 0.851990 0.572993 0.009121 0.007299
1 0.832919 0.565362 0.009121 0.007963
1 0.817579 0.559721 0.008292 0.007299
1 0.782338 0.570007 0.009121 0.007963
1 0.768657 0.566689 0.008292 0.007963
1 0.754561 0.571002 0.008292 0.007299
1 0.749585 0.572993 0.009950 0.008626
1 0.736733 0.570338 0.007463 0.005972
1 0.731758 0.569343 0.010779 0.007963
1 0.705224 0.568679 0.009121 0.007963
1 0.708955 0.577969 0.008292 0.007963
1 0.694030 0.583610 0.009950 0.009954
1 0.676617 0.585932 0.008292 0.009290
1 0.654643 0.591904 0.007463 0.009290
1 0.597844 0.614798 0.009950 0.008626
1 0.631426 0.625083 0.014096 0.011944
1 0.657546 0.615793 0.011609 0.011944
1 0.694030 0.621765 0.011609 0.010617
1 0.707711 0.622429 0.015755 0.014599
1 0.844113 0.621102 0.009950 0.009290
1 0.900912 0.643331 0.012438 0.011281
1 0.528192 0.611480 0.011609 0.011281
1 0.485489 0.631719 0.009121 0.009290
1 0.477197 0.632050 0.012438 0.009954
1 0.485904 0.639681 0.011609 0.010617
1 0.599502 0.729927 0.018242 0.017253
1 0.552239 0.726941 0.016584 0.015262
1 0.550166 0.609821 0.033997 0.030524
1 0.677032 0.733577 0.019071 0.019244
1 0.696932 0.734572 0.015755 0.018580
1 0.720978 0.729927 0.019071 0.019907
1 0.716003 0.646981 0.012438 0.010617
1 0.454809 0.642999 0.040630 0.043796
1 0.427446 0.603849 0.037313 0.030524
1 0.383085 0.740544 0.026534 0.030524
1 0.333333 0.695090 0.031509 0.035169
1 0.223881 0.625415 0.061360 0.065693
1 0.163765 0.609157 0.047264 0.058394
1 0.109038 0.583278 0.048922 0.051758
1 0.067579 0.613139 0.048922 0.047777
1 0.027363 0.565362 0.044776 0.035833
