1 0.829500 0.616541 0.049000 0.069173
1 0.857000 0.560902 0.038000 0.054135
1 0.973500 0.511278 0.029000 0.048120
1 0.700500 0.565414 0.041000 0.066165
1 0.558000 0.533083 0.040000 0.055639
1 0.609500 0.469173 0.031000 0.054135
1 0.710000 0.445865 0.028000 0.049624
1 0.517000 0.480451 0.026000 0.046617
1 0.422000 0.486466 0.028000 0.043609
1 0.322500 0.463910 0.025000 0.052632
1 0.323000 0.545113 0.040000 0.064662
1 0.210000 0.596241 0.056000 0.079699
1 0.114500 0.538346 0.035000 0.060150
1 0.221000 0.495489 0.032000 0.055639
1 0.016500 0.587970 0.033000 0.051128
1 0.015500 0.552632 0.031000 0.058647
1 0.014000 0.554135 0.028000 0.043609
1 0.054500 0.546617 0.023000 0.034586
1 0.025500 0.430075 0.021000 0.036090
1 0.011000 0.429323 0.020000 0.034586
1 0.007000 0.358647 0.012000 0.022556
1 0.050500 0.369173 0.017000 0.028571
1 0.041500 0.357143 0.013000 0.019549
1 0.038000 0.339850 0.010000 0.018045
1 0.017500 0.387970 0.035000 0.132331
1 0.043500 0.319549 0.015000 0.052632
1 0.007000 0.343609 0.014000 0.058647
1 0.083500 0.364662 0.013000 0.019549
1 0.102500 0.319549 0.009000 0.016541
1 0.112000 0.354887 0.010000 0.015038
1 0.110500 0.355639 0.011000 0.016541
1 0.149500 0.333835 0.011000 0.021053
1 0.159500 0.370677 0.017000 0.025564
1 0.158500 0.383459 0.013000 0.024060
1 0.169500 0.399248 0.019000 0.031579
1 0.192500 0.424060 0.017000 0.030075
1 0.186500 0.467669 0.015000 0.027068
1 0.204500 0.384962 0.017000 0.027068
1 0.233500 0.347368 0.011000 0.021053
1 0.241500 0.364662 0.017000 0.028571
1 0.240500 0.380451 0.015000 0.027068
1 0.247500 0.384962 0.015000 0.024060
1 0.267500 0.399248 0.017000 0.028571
1 0.281000 0.474436 0.020000 0.031579
1 0.298000 0.413534 0.018000 0.027068
1 0.282500 0.381955 0.015000 0.027068
1 0.291000 0.381955 0.014000 0.027068
1 0.295000 0.360150 0.012000 0.022556
1 0.299500 0.331579 0.009000 0.016541
1 0.321500 0.369925 0.011000 0.021053
1 0.328000 0.387218 0.014000 0.025564
1 0.349000 0.400000 0.014000 0.027068
1 0.377500 0.487218 0.013000 0.024060
1 0.400000 0.384211 0.014000 0.028571
1 0.374000 0.389474 0.014000 0.024060
1 0.415500 0.393985 0.015000 0.030075
1 0.436000 0.397744 0.014000 0.025564
1 0.434500 0.442857 0.013000 0.028571
1 0.468500 0.470677 0.013000 0.024060
1 0.487000 0.490226 0.018000 0.036090
1 0.455000 0.395489 0.012000 0.021053
1 0.443500 0.381955 0.013000 0.021053
1 0.458500 0.366917 0.013000 0.021053
1 0.490500 0.369925 0.013000 0.024060
1 0.494500 0.440602 0.011000 0.021053
1 0.512000 0.410526 0.016000 0.027068
1 0.547000 0.384211 0.014000 0.028571
1 0.535000 0.374436 0.012000 0.021053
1 0.571000 0.419549 0.018000 0.030075
1 0.588000 0.405263 0.016000 0.028571
1 0.612000 0.399248 0.016000 0.025564
1 0.633000 0.401504 0.014000 0.024060
1 0.673500 0.414286 0.015000 0.028571
1 0.671000 0.391729 0.014000 0.022556
1 0.684500 0.387218 0.015000 0.031579
1 0.918500 0.574436 0.021000 0.033083
1 0.888500 0.466917 0.015000 0.028571
1 0.931000 0.452632 0.020000 0.030075
1 0.920500 0.450376 0.015000 0.025564
1 0.948000 0.472932 0.016000 0.022556
1 0.961500 0.461654 0.021000 0.036090
1 0.842500 0.354135 0.011000 0.019549
1 0.806000 0.356391 0.010000 0.018045
1 0.954000 0.366917 0.010000 0.018045
1 0.686500 0.340602 0.011000 0.022556
1 0.671500 0.337594 0.011000 0.019549
1 0.265500 0.351880 0.009000 0.015038
1 0.258500 0.347368 0.011000 0.018045
1 0.342000 0.360902 0.012000 0.018045
1 0.432500 0.366917 0.013000 0.021053
1 0.446500 0.336090 0.011000 0.019549
1 0.476500 0.363158 0.011000 0.019549
1 0.473500 0.335338 0.009000 0.015038
1 0.418000 0.361654 0.012000 0.022556
1 0.509000 0.388722 0.014000 0.022556
1 0.509500 0.375188 0.011000 0.019549
1 0.493500 0.345865 0.009000 0.018045
1 0.510500 0.354135 0.009000 0.016541
1 0.520500 0.346617 0.009000 0.016541
1 0.554000 0.375940 0.014000 0.024060
1 0.560500 0.371429 0.009000 0.018045
1 0.582500 0.364662 0.011000 0.016541
1 0.590500 0.357143 0.011000 0.019549
1 0.591000 0.378195 0.012000 0.022556
1 0.596000 0.374436 0.012000 0.024060
1 0.548000 0.343609 0.006000 0.007519
1 0.573500 0.345865 0.005000 0.009023
1 0.570000 0.399248 0.022000 0.088722
1 0.622500 0.352632 0.009000 0.016541
1 0.619000 0.391729 0.012000 0.022556
1 0.630500 0.386466 0.013000 0.021053
1 0.626000 0.366917 0.010000 0.018045
1 0.638000 0.372932 0.010000 0.021053
1 0.653500 0.396241 0.013000 0.025564
1 0.650500 0.376692 0.013000 0.016541
1 0.711000 0.351880 0.010000 0.021053
1 0.857500 0.480451 0.021000 0.040602
1 0.851500 0.434586 0.017000 0.036090
1 0.876500 0.427068 0.013000 0.024060
1 0.878000 0.382707 0.012000 0.019549
1 0.859500 0.375188 0.011000 0.016541
1 0.874500 0.369173 0.009000 0.016541
1 0.899000 0.382707 0.014000 0.016541
1 0.924000 0.406767 0.016000 0.028571
1 0.918000 0.392481 0.010000 0.015038
1 0.963500 0.425564 0.015000 0.030075
1 0.951500 0.398496 0.013000 0.021053
1 0.934000 0.393985 0.008000 0.015038
1 0.463500 0.323308 0.009000 0.018045
