1 0.016923 0.785789 0.007692 0.010449
1 0.044615 0.730408 0.006154 0.008359
1 0.159231 0.741902 0.004615 0.006270
1 0.198077 0.733020 0.005385 0.007315
1 0.219615 0.722048 0.005385 0.008359
1 0.146923 0.801463 0.015385 0.020899
1 0.181538 0.810345 0.013846 0.019854
1 0.215385 0.797806 0.010769 0.019854
1 0.290000 0.793626 0.006154 0.007315
1 0.326154 0.772205 0.007692 0.012539
1 0.483077 0.760711 0.007692 0.012539
1 0.490769 0.761755 0.006154 0.010449
1 0.500385 0.761233 0.005385 0.009404
1 0.514615 0.759143 0.007692 0.011494
1 0.527308 0.760188 0.006923 0.009404
1 0.517692 0.749739 0.006154 0.009404
1 0.503462 0.758098 0.005385 0.009404
1 0.541538 0.751829 0.006154 0.009404
1 0.535385 0.759143 0.006154 0.007315
1 0.553846 0.759143 0.006154 0.009404
1 0.552308 0.771160 0.007692 0.012539
1 0.574231 0.765935 0.010000 0.012539
1 0.586154 0.766458 0.007692 0.013584
1 0.605000 0.765413 0.008462 0.009404
1 0.832308 0.769070 0.007692 0.012539
1 0.873462 0.751829 0.008462 0.013584
1 0.882308 0.761755 0.007692 0.010449
1 0.920000 0.741902 0.007692 0.010449
1 0.993462 0.767503 0.010000 0.015674
