1 0.467000 0.859626 0.008000 0.016934
1 0.503750 0.835561 0.008500 0.015152
1 0.478000 0.795900 0.008000 0.016043
1 0.545250 0.843137 0.008500 0.017825
1 0.575750 0.816845 0.008500 0.018717
1 0.631000 0.867201 0.009000 0.017825
1 0.689250 0.891266 0.011500 0.026738
1 0.706750 0.877005 0.009500 0.021390
1 0.726500 0.845365 0.011000 0.022282
1 0.755000 0.836007 0.009000 0.017825
1 0.646500 0.823084 0.009000 0.018717
1 0.660500 0.819073 0.008000 0.014260
1 0.673750 0.821747 0.009500 0.016043
1 0.678000 0.853387 0.009000 0.015152
1 0.699250 0.809715 0.010500 0.018717
1 0.730000 0.791889 0.009000 0.016934
1 0.860750 0.958111 0.014500 0.026738
1 0.926500 0.974153 0.016000 0.028520
1 0.921750 0.897059 0.010500 0.018717
1 0.907750 0.878788 0.012500 0.023173
1 0.919750 0.863636 0.010500 0.021390
1 0.863750 0.840463 0.010500 0.021390
1 0.854250 0.826203 0.010500 0.019608
1 0.802500 0.811052 0.011000 0.021390
1 0.827500 0.812389 0.009000 0.018717
1 0.909250 0.819073 0.005500 0.010695
1 0.929000 0.800802 0.009000 0.015152
1 0.892250 0.783422 0.007500 0.014260
1 0.871000 0.795009 0.005000 0.010695
1 0.845500 0.801693 0.015000 0.075758
1 0.832250 0.785651 0.015500 0.079323
1 0.726000 0.741533 0.007000 0.016043
1 0.706000 0.750891 0.007000 0.016934
1 0.681750 0.691176 0.006500 0.013369
1 0.769250 0.729501 0.024500 0.075758
1 0.747750 0.700980 0.007500 0.013369
1 0.738000 0.694296 0.006000 0.012478
1 0.705750 0.652852 0.006500 0.011586
1 0.733500 0.678699 0.026000 0.054367
1 0.630000 0.688057 0.007000 0.014260
1 0.649250 0.616756 0.006500 0.012478
1 0.630000 0.618538 0.006000 0.010695
1 0.615000 0.618093 0.006000 0.013369
1 0.626250 0.617201 0.005500 0.013369
1 0.681000 0.787433 0.007000 0.013369
1 0.631750 0.783422 0.009500 0.017825
1 0.581750 0.782086 0.008500 0.016934
1 0.593000 0.756684 0.007000 0.016043
1 0.557000 0.771836 0.007000 0.014260
1 0.537000 0.769162 0.007000 0.016043
1 0.444500 0.593137 0.005000 0.011586
1 0.454250 0.593583 0.005500 0.010695
1 0.473250 0.626114 0.005500 0.011586
1 0.491500 0.622995 0.006000 0.010695
1 0.514250 0.659537 0.004500 0.008913
1 0.544750 0.668449 0.005500 0.014260
1 0.537750 0.675579 0.005500 0.010695
1 0.566750 0.647059 0.006500 0.012478
1 0.585500 0.641266 0.007000 0.013369
1 0.591750 0.614973 0.005500 0.012478
1 0.707250 0.655526 0.005500 0.009804
1 0.525250 0.605169 0.005500 0.012478
1 0.513750 0.622995 0.004500 0.008913
1 0.502000 0.606061 0.005000 0.008913
1 0.490000 0.602941 0.005000 0.009804
1 0.568750 0.580660 0.005500 0.009804
1 0.557750 0.577094 0.005500 0.009804
1 0.555000 0.568182 0.004000 0.008021
1 0.589000 0.541889 0.004000 0.007130
1 0.577000 0.521836 0.005000 0.008021
1 0.567250 0.513815 0.003500 0.008021
1 0.562250 0.527629 0.002500 0.005348
1 0.592750 0.511141 0.003500 0.009804
1 0.582000 0.510250 0.003000 0.006239
1 0.579250 0.514706 0.003500 0.006239
1 0.554250 0.517825 0.004500 0.007130
1 0.550500 0.512478 0.004000 0.008913
1 0.544500 0.536096 0.004000 0.006239
1 0.539250 0.525401 0.004500 0.008021
1 0.530500 0.534314 0.004000 0.008021
1 0.527250 0.524064 0.004500 0.008913
1 0.504500 0.538770 0.004000 0.009804
1 0.503500 0.524064 0.005000 0.008913
1 0.531000 0.503119 0.004000 0.008021
1 0.536000 0.502228 0.004000 0.006239
1 0.542750 0.500000 0.003500 0.007130
1 0.525750 0.498217 0.003500 0.007130
1 0.477750 0.499109 0.003500 0.007130
1 0.467000 0.503119 0.003000 0.006239
1 0.463500 0.504011 0.004000 0.006239
1 0.448750 0.507576 0.003500 0.006239
1 0.417000 0.493761 0.004000 0.007130
1 0.407750 0.459447 0.002500 0.004456
1 0.423250 0.461230 0.003500 0.006239
1 0.441500 0.449643 0.003000 0.006239
1 0.451750 0.450980 0.002500 0.005348
1 0.458250 0.446524 0.002500 0.005348
1 0.462500 0.449198 0.003000 0.005348
1 0.467000 0.449198 0.002000 0.005348
1 0.446750 0.445187 0.002500 0.004456
1 0.485000 0.429590 0.002000 0.003565
1 0.491500 0.432709 0.003000 0.004456
1 0.503500 0.433155 0.002000 0.003565
1 0.471000 0.423797 0.002000 0.002674
1 0.492000 0.410428 0.002000 0.004456
1 0.495000 0.418449 0.004000 0.020499
1 0.489000 0.422906 0.004000 0.015152
1 0.484500 0.420232 0.005000 0.020499
1 0.473750 0.413993 0.002500 0.004456
1 0.456500 0.415330 0.002000 0.003565
1 0.459250 0.412210 0.001500 0.002674
1 0.450500 0.415775 0.003000 0.018717
1 0.454000 0.405526 0.002000 0.003565
1 0.457000 0.413102 0.004000 0.016934
1 0.444750 0.409091 0.003500 0.016043
1 0.463500 0.408645 0.004000 0.016934
1 0.461500 0.409091 0.004000 0.017825
1 0.104500 0.360963 0.016000 0.037433
1 0.093250 0.348039 0.020500 0.049020
1 0.477500 0.411765 0.002000 0.003565
1 0.468500 0.426916 0.004000 0.019608
1 0.465500 0.420677 0.004000 0.021390
