1 0.970499 0.097948 0.059002 0.095149
1 0.714319 0.242071 0.048041 0.088619
1 0.647621 0.311567 0.088153 0.116294
1 0.516441 0.118004 0.059468 0.094838
1 0.269706 0.161381 0.086987 0.095149
1 0.871152 0.162935 0.035215 0.062189
1 0.812617 0.141791 0.027285 0.042289
1 0.749767 0.162935 0.031716 0.052239
1 0.660564 0.134950 0.045009 0.062189
1 0.583839 0.145367 0.037547 0.056281
1 0.327892 0.166978 0.022854 0.038557
1 0.208489 0.167600 0.016325 0.026119
1 0.157183 0.164490 0.027052 0.040423
1 0.108792 0.105877 0.052938 0.091107
1 0.420942 0.148010 0.063899 0.090174
1 0.863806 0.254820 0.027052 0.038246
