1 0.582111 0.518433 0.014663 0.035330
1 0.831378 0.490015 0.012708 0.024578
1 0.514174 0.505376 0.007820 0.015361
1 0.520039 0.503840 0.005865 0.009217
1 0.492669 0.500000 0.007820 0.013825
1 0.501955 0.496160 0.006843 0.012289
1 0.454545 0.495392 0.007820 0.013825
1 0.439394 0.500000 0.006843 0.010753
1 0.417889 0.504608 0.010753 0.016897
1 0.368524 0.522273 0.019550 0.036866
1 0.331378 0.507680 0.007820 0.013825
1 0.317693 0.531490 0.019550 0.030722
1 0.297165 0.492320 0.019550 0.035330
1 0.245846 0.511521 0.016618 0.033794
1 0.197458 0.522273 0.021505 0.030722
1 0.214565 0.533026 0.010753 0.015361
1 0.149071 0.526114 0.018573 0.032258
1 0.099707 0.517665 0.017595 0.030722
1 0.027370 0.523810 0.015640 0.030722
1 0.371457 0.497696 0.021505 0.033794
1 0.410068 0.490015 0.004888 0.009217
1 0.481427 0.490015 0.006843 0.009217
1 0.470674 0.490783 0.004888 0.007680
1 0.533724 0.497696 0.005865 0.009217
1 0.540567 0.500768 0.003910 0.006144
1 0.548387 0.499232 0.005865 0.009217
1 0.562561 0.503072 0.006843 0.010753
