1 0.085000 0.396725 0.070000 0.125945
1 0.199167 0.335642 0.061667 0.112091
1 0.216250 0.457179 0.067500 0.113350
1 0.265417 0.669395 0.064167 0.132242
1 0.255000 0.343199 0.051667 0.094458
1 0.323333 0.352015 0.050000 0.104534
1 0.357500 0.270151 0.048333 0.096977
1 0.326250 0.459698 0.052500 0.103275
1 0.436250 0.352015 0.055833 0.107053
1 0.437500 0.457179 0.048333 0.103275
1 0.428333 0.675063 0.065000 0.120907
1 0.588750 0.642317 0.060833 0.123426
1 0.462917 0.295970 0.045833 0.095718
1 0.515833 0.328086 0.045000 0.089421
1 0.553750 0.358312 0.055833 0.096977
1 0.547917 0.471033 0.052500 0.110831
1 0.646667 0.515743 0.050000 0.109572
1 0.733750 0.513224 0.055833 0.119647
1 0.834167 0.530856 0.060000 0.124685
1 0.625833 0.328715 0.038333 0.088161
1 0.671667 0.392947 0.050000 0.095718
1 0.723333 0.318010 0.045000 0.091940
1 0.773333 0.379093 0.051667 0.095718
1 0.826667 0.356423 0.043333 0.088161
1 0.887083 0.357053 0.060833 0.107053
