1 0.007639 0.540625 0.015278 0.035417
1 0.064931 0.531771 0.015972 0.030208
1 0.098264 0.538021 0.018750 0.032292
1 0.206944 0.536979 0.019444 0.032292
1 0.227083 0.540625 0.018056 0.031250
1 0.299653 0.529167 0.024306 0.037500
1 0.304167 0.525000 0.019444 0.041667
1 0.355208 0.508333 0.024306 0.039583
1 0.404861 0.578646 0.018056 0.032292
1 0.450347 0.521354 0.020139 0.038542
1 0.460069 0.541146 0.014583 0.026042
1 0.492708 0.533854 0.018750 0.034375
1 0.549306 0.520833 0.023611 0.041667
1 0.622222 0.519271 0.015278 0.030208
1 0.661458 0.502604 0.020139 0.032292
1 0.745486 0.524479 0.015972 0.026042
1 0.737500 0.509896 0.016667 0.030208
1 0.779514 0.525000 0.015972 0.027083
1 0.778125 0.510938 0.014583 0.026042
1 0.816319 0.521354 0.013194 0.030208
1 0.843056 0.515625 0.013889 0.025000
1 0.862500 0.517708 0.015278 0.025000
1 0.863194 0.517188 0.015278 0.026042
1 0.875347 0.519792 0.014583 0.022917
1 0.921875 0.520833 0.014583 0.027083
1 0.940972 0.511979 0.015278 0.023958
1 0.880903 0.426563 0.003472 0.005208
1 0.890278 0.400000 0.002778 0.004167
1 0.373264 0.546354 0.013194 0.019792
1 0.820139 0.514583 0.012500 0.025000
