1 0.887500 0.667778 0.041667 0.060000
1 0.947500 0.747778 0.048333 0.077778
1 0.972500 0.667778 0.035000 0.046667
1 0.845000 0.704444 0.033333 0.048889
1 0.763333 0.763333 0.056667 0.082222
1 0.797500 0.640000 0.028333 0.035556
1 0.794167 0.682222 0.025000 0.040000
1 0.731667 0.697778 0.040000 0.071111
1 0.675833 0.795556 0.051667 0.080000
1 0.645000 0.796667 0.040000 0.068889
1 0.542500 0.828889 0.048333 0.084444
1 0.555000 0.767778 0.043333 0.068889
1 0.512500 0.683333 0.035000 0.055556
1 0.664167 0.624444 0.015000 0.022222
1 0.625833 0.622222 0.015000 0.017778
1 0.723333 0.643333 0.013333 0.020000
1 0.537500 0.667778 0.018333 0.028889
1 0.559167 0.648889 0.015000 0.026667
1 0.450833 0.670000 0.018333 0.028889
1 0.423333 0.760000 0.033333 0.048889
1 0.381667 0.746667 0.053333 0.075556
1 0.130000 0.826667 0.036667 0.057778
1 0.190000 0.732222 0.023333 0.033333
1 0.126667 0.787778 0.040000 0.051111
1 0.015000 0.791111 0.030000 0.048889
1 0.020000 0.753333 0.036667 0.044444
1 0.101667 0.737778 0.023333 0.031111
1 0.280000 0.686667 0.016667 0.026667
1 0.610000 0.606667 0.016667 0.022222
1 0.599167 0.598889 0.015000 0.020000
1 0.579167 0.597778 0.011667 0.017778
1 0.540000 0.596667 0.013333 0.020000
1 0.514167 0.668889 0.031667 0.111111
1 0.487500 0.601111 0.011667 0.020000
1 0.463333 0.596667 0.013333 0.020000
1 0.437500 0.583333 0.015000 0.020000
1 0.405833 0.594444 0.011667 0.020000
1 0.349167 0.600000 0.011667 0.017778
1 0.333333 0.597778 0.010000 0.013333
1 0.275833 0.645556 0.018333 0.024444
1 0.242500 0.658889 0.015000 0.020000
1 0.210833 0.653333 0.015000 0.022222
1 0.233333 0.677778 0.036667 0.088889
1 0.290000 0.633333 0.020000 0.080000
1 0.272500 0.598889 0.011667 0.015556
1 0.254167 0.600000 0.011667 0.017778
1 0.219167 0.596667 0.015000 0.020000
1 0.190833 0.606667 0.015000 0.022222
1 0.038333 0.637778 0.016667 0.017778
1 0.059167 0.657778 0.041667 0.124444
1 0.067500 0.604444 0.011667 0.017778
1 0.084167 0.605556 0.015000 0.024444
1 0.105833 0.620000 0.018333 0.026667
1 0.125000 0.612222 0.013333 0.020000
1 0.147500 0.596667 0.021667 0.024444
1 0.177500 0.595556 0.015000 0.017778
1 0.559167 0.603333 0.011667 0.015556
1 0.514167 0.601111 0.015000 0.020000
1 0.650000 0.591111 0.013333 0.017778
1 0.515000 0.600000 0.013333 0.017778
