1 0.010417 0.589235 0.007500 0.028329
1 0.015000 0.590652 0.010000 0.028329
1 0.028333 0.589943 0.008333 0.024079
1 0.017917 0.648017 0.009167 0.024079
1 0.058750 0.573654 0.002500 0.005666
1 0.053750 0.580737 0.007500 0.031161
1 0.083750 0.562323 0.005833 0.022663
1 0.045833 0.609065 0.008333 0.025496
1 0.051667 0.610482 0.006667 0.025496
1 0.054583 0.628187 0.007500 0.024079
1 0.063750 0.633853 0.002500 0.004249
1 0.031667 0.669972 0.006667 0.025496
1 0.035000 0.672805 0.008333 0.025496
1 0.088333 0.587110 0.006667 0.026912
1 0.092083 0.586402 0.007500 0.025496
1 0.072500 0.645892 0.010000 0.022663
1 0.110000 0.614731 0.003333 0.005666
1 0.081250 0.662181 0.007500 0.029745
1 0.082083 0.667847 0.009167 0.032578
1 0.089583 0.656516 0.004167 0.007082
1 0.114583 0.665014 0.004167 0.007082
1 0.122083 0.667847 0.002500 0.004249
1 0.152917 0.668555 0.002500 0.005666
1 0.155000 0.686969 0.010000 0.036827
1 0.162500 0.648017 0.006667 0.026912
1 0.174167 0.647309 0.008333 0.028329
1 0.187500 0.607649 0.006667 0.028329
1 0.177917 0.622521 0.007500 0.029745
1 0.197917 0.607649 0.007500 0.025496
1 0.205833 0.601275 0.006667 0.029745
1 0.212500 0.600567 0.006667 0.022663
1 0.222083 0.594901 0.007500 0.025496
1 0.245417 0.655807 0.007500 0.031161
1 0.253333 0.656516 0.008333 0.035411
1 0.255000 0.649433 0.008333 0.026912
1 0.248333 0.677054 0.006667 0.033994
1 0.252917 0.677054 0.009167 0.033994
1 0.323750 0.671388 0.010833 0.033994
1 0.330417 0.662890 0.002500 0.005666
1 0.333333 0.670680 0.006667 0.029745
1 0.346667 0.654391 0.003333 0.005666
1 0.349583 0.671388 0.009167 0.028329
1 0.350833 0.695467 0.006667 0.039660
1 0.330417 0.725212 0.010833 0.036827
1 0.359167 0.682720 0.003333 0.005666
1 0.367500 0.682720 0.003333 0.005666
1 0.384583 0.689093 0.007500 0.032578
1 0.420417 0.670680 0.012500 0.032578
1 0.420000 0.668555 0.003333 0.005666
1 0.446667 0.670680 0.006667 0.026912
1 0.455833 0.671388 0.005000 0.028329
1 0.489167 0.672805 0.003333 0.005666
1 0.493333 0.677054 0.006667 0.028329
1 0.504167 0.680595 0.008333 0.029745
1 0.510417 0.669972 0.004167 0.005666
1 0.527917 0.663598 0.002500 0.004249
1 0.552917 0.675637 0.004167 0.005666
1 0.520000 0.635977 0.005000 0.028329
1 0.525833 0.638810 0.006667 0.028329
1 0.537083 0.631020 0.005833 0.024079
1 0.543333 0.626771 0.003333 0.004249
1 0.549583 0.638810 0.005833 0.025496
1 0.548333 0.623938 0.006667 0.026912
1 0.542500 0.624646 0.006667 0.025496
1 0.562083 0.584986 0.005833 0.022663
1 0.565833 0.585694 0.005000 0.021246
1 0.561250 0.636686 0.005833 0.024079
1 0.564167 0.639518 0.006667 0.029745
1 0.576250 0.639518 0.005833 0.024079
1 0.579583 0.642351 0.005833 0.021246
1 0.578750 0.636686 0.005833 0.021246
1 0.608750 0.593484 0.005833 0.019830
1 0.728333 0.679178 0.008333 0.032578
1 0.735417 0.677762 0.009167 0.032578
1 0.745000 0.685552 0.008333 0.031161
1 0.796667 0.650142 0.008333 0.036827
1 0.769583 0.685552 0.002500 0.005666
1 0.775833 0.682720 0.003333 0.005666
1 0.779583 0.682720 0.002500 0.005666
1 0.783333 0.696884 0.006667 0.036827
1 0.797083 0.697592 0.002500 0.004249
1 0.819583 0.645184 0.002500 0.004249
1 0.825000 0.654391 0.008333 0.033994
1 0.849167 0.655807 0.003333 0.005666
1 0.857083 0.652266 0.004167 0.007082
1 0.868333 0.669263 0.008333 0.024079
1 0.835833 0.696884 0.003333 0.005666
1 0.841667 0.722380 0.008333 0.033994
1 0.850417 0.708215 0.004167 0.005666
1 0.854167 0.718130 0.006667 0.022663
1 0.865417 0.728045 0.007500 0.036827
1 0.869167 0.733711 0.008333 0.039660
1 0.812917 0.720963 0.002500 0.005666
1 0.817917 0.730878 0.010833 0.039660
1 0.829583 0.742918 0.007500 0.035411
1 0.838750 0.747875 0.004167 0.008499
1 0.832500 0.774079 0.010000 0.026912
1 0.813333 0.781870 0.003333 0.005666
1 0.757917 0.721671 0.007500 0.032578
1 0.764167 0.735127 0.011667 0.039660
1 0.734583 0.708215 0.002500 0.005666
1 0.717500 0.702550 0.003333 0.005666
1 0.710833 0.699717 0.003333 0.005666
1 0.722500 0.745042 0.010000 0.039660
1 0.718333 0.737252 0.003333 0.007082
1 0.704167 0.733711 0.003333 0.005666
1 0.704167 0.734419 0.003333 0.004249
1 0.694583 0.731586 0.002500 0.004249
1 0.670000 0.723088 0.003333 0.007082
1 0.664583 0.726629 0.004167 0.008499
1 0.657500 0.737252 0.008333 0.032578
1 0.656250 0.716006 0.004167 0.007082
1 0.644583 0.717422 0.002500 0.004249
1 0.614583 0.721671 0.002500 0.004249
1 0.606667 0.706799 0.003333 0.005666
1 0.582917 0.675637 0.002500 0.005666
1 0.572083 0.689093 0.004167 0.007082
1 0.576250 0.728045 0.004167 0.005666
1 0.578333 0.738669 0.008333 0.032578
1 0.561667 0.720963 0.003333 0.005666
1 0.545833 0.720255 0.003333 0.004249
1 0.539167 0.718839 0.003333 0.004249
1 0.512500 0.725921 0.008333 0.035411
1 0.507083 0.717422 0.004167 0.007082
1 0.482083 0.729462 0.002500 0.005666
1 0.438333 0.730878 0.008333 0.036827
1 0.442917 0.723088 0.007500 0.032578
1 0.444167 0.753541 0.010000 0.028329
1 0.425000 0.733003 0.003333 0.007082
1 0.431250 0.752125 0.005833 0.036827
1 0.427917 0.747167 0.005833 0.032578
1 0.417500 0.718130 0.003333 0.005666
1 0.427917 0.718130 0.004167 0.008499
1 0.387500 0.728045 0.003333 0.005666
1 0.381250 0.729462 0.004167 0.008499
1 0.372500 0.728045 0.003333 0.005666
1 0.515000 0.761331 0.003333 0.007082
1 0.533333 0.752833 0.003333 0.007082
1 0.546667 0.769122 0.003333 0.005666
1 0.559167 0.769122 0.003333 0.005666
1 0.574583 0.776204 0.012500 0.039660
1 0.578333 0.768414 0.005000 0.007082
1 0.591250 0.769122 0.004167 0.008499
1 0.588333 0.784703 0.011667 0.033994
1 0.619583 0.773371 0.004167 0.008499
1 0.647083 0.789660 0.004167 0.007082
1 0.683750 0.813031 0.010833 0.045326
1 0.690000 0.807365 0.011667 0.042493
1 0.694583 0.817989 0.010833 0.035411
1 0.725417 0.808782 0.004167 0.008499
1 0.737500 0.799575 0.005000 0.007082
1 0.777083 0.810907 0.004167 0.007082
1 0.889583 0.748584 0.005833 0.009915
1 0.532500 0.985836 0.008333 0.028329
1 0.538750 0.975921 0.009167 0.048159
1 0.545833 0.968130 0.008333 0.046742
1 0.534583 0.911473 0.004167 0.007082
1 0.525417 0.909348 0.004167 0.008499
1 0.520417 0.906516 0.004167 0.008499
1 0.509167 0.977337 0.013333 0.045326
1 0.484583 0.953258 0.010833 0.042493
1 0.465833 0.991501 0.016667 0.016997
1 0.452500 0.990085 0.013333 0.019830
1 0.460833 0.940510 0.005000 0.008499
1 0.432917 0.934136 0.004167 0.007082
1 0.423750 0.930595 0.004167 0.008499
1 0.335000 0.987252 0.010000 0.025496
1 0.341250 0.982295 0.010833 0.035411
1 0.356250 0.987960 0.012500 0.024079
1 0.372083 0.963173 0.004167 0.005666
1 0.381250 0.958215 0.004167 0.007082
1 0.375417 0.940510 0.010833 0.039660
1 0.299167 0.971671 0.003333 0.005666
1 0.301250 0.978045 0.010833 0.041076
1 0.289583 0.953258 0.004167 0.008499
1 0.302917 0.941218 0.010833 0.024079
1 0.293333 0.928470 0.010000 0.032578
1 0.282917 0.932011 0.012500 0.042493
1 0.234583 0.928470 0.004167 0.007082
1 0.224167 0.934136 0.003333 0.007082
1 0.187083 0.909348 0.004167 0.005666
1 0.175000 0.907932 0.003333 0.005666
1 0.139583 0.924221 0.004167 0.007082
1 0.144583 0.933428 0.010833 0.045326
1 0.227083 0.890935 0.005833 0.011331
1 0.217917 0.907932 0.010833 0.039660
1 0.093750 0.905099 0.010833 0.045326
1 0.105833 0.883144 0.005000 0.007082
1 0.113333 0.886686 0.003333 0.005666
1 0.132083 0.885269 0.012500 0.039660
1 0.134583 0.866147 0.004167 0.007082
1 0.155417 0.844901 0.004167 0.007082
1 0.169583 0.813739 0.002500 0.004249
1 0.147917 0.823654 0.009167 0.032578
1 0.122500 0.790368 0.003333 0.005666
1 0.105000 0.823654 0.010000 0.035411
1 0.101250 0.842776 0.009167 0.039660
1 0.107917 0.842776 0.010833 0.036827
1 0.067917 0.868272 0.004167 0.005666
1 0.053333 0.885977 0.015000 0.046742
1 0.055833 0.833569 0.008333 0.038244
1 0.076667 0.805949 0.005000 0.008499
1 0.028333 0.841360 0.005000 0.008499
1 0.042500 0.779037 0.005000 0.008499
1 0.051250 0.788244 0.007500 0.043909
1 0.031250 0.814448 0.010833 0.036827
1 0.165417 0.615439 0.002500 0.004249
