1 0.174009 0.699707 0.027900 0.024414
1 0.214391 0.696777 0.020558 0.018555
1 0.296623 0.687500 0.026432 0.017578
1 0.296623 0.696289 0.014684 0.009766
1 0.398678 0.713867 0.060206 0.046875
1 0.471366 0.723145 0.064611 0.043945
1 0.554332 0.725098 0.048458 0.028320
1 0.610866 0.725586 0.044053 0.031250
1 0.670338 0.708984 0.024963 0.017578
1 0.711454 0.737793 0.045521 0.028320
1 0.788546 0.736328 0.041116 0.027344
1 0.842144 0.706055 0.027900 0.019531
1 0.976505 0.696777 0.011747 0.008789
1 0.953744 0.692383 0.010279 0.007812
