1 0.628796 0.853195 0.030366 0.072539
1 0.572775 0.848014 0.033508 0.093264
1 0.515183 0.833333 0.035602 0.084629
1 0.460209 0.832470 0.034555 0.072539
1 0.403665 0.861831 0.034555 0.079447
1 0.940838 0.650259 0.034555 0.077720
1 0.887435 0.641623 0.034555 0.077720
1 0.836649 0.632124 0.033508 0.069085
1 0.779581 0.632124 0.034555 0.079447
1 0.732984 0.610535 0.031414 0.070812
1 0.671728 0.609672 0.030366 0.075993
1 0.620942 0.613990 0.029319 0.074266
1 0.574346 0.607945 0.030366 0.075993
1 0.512042 0.612263 0.031414 0.070812
1 0.453927 0.603627 0.030366 0.074266
1 0.394764 0.607945 0.029319 0.072539
1 0.338220 0.614853 0.029319 0.072539
1 0.287435 0.625216 0.034555 0.072539
1 0.219372 0.623489 0.032461 0.075993
1 0.156545 0.628670 0.034555 0.082902
1 0.105759 0.657168 0.033508 0.081174
1 0.054974 0.654577 0.036649 0.082902
1 0.116754 0.531088 0.034555 0.081174
1 0.164398 0.529361 0.033508 0.074266
1 0.219372 0.512953 0.032461 0.075993
1 0.268586 0.510363 0.030366 0.077720
1 0.308901 0.504318 0.031414 0.075993
1 0.357592 0.490501 0.032461 0.075993
1 0.413613 0.480138 0.029319 0.072539
1 0.477487 0.449050 0.033508 0.082902
1 0.535079 0.481865 0.031414 0.075993
1 0.592670 0.484456 0.029319 0.067358
1 0.647644 0.504318 0.032461 0.072539
1 0.697906 0.504318 0.028272 0.065630
1 0.759686 0.522453 0.028272 0.070812
1 0.810995 0.537133 0.030366 0.072539
1 0.868063 0.532815 0.033508 0.067358
1 0.928796 0.573402 0.031414 0.072539
1 0.886911 0.417098 0.029319 0.063903
1 0.841361 0.411917 0.030366 0.067358
1 0.785340 0.407599 0.025131 0.062176
1 0.750785 0.402418 0.029319 0.065630
1 0.717277 0.400691 0.027225 0.062176
1 0.683770 0.389465 0.027225 0.060449
1 0.646597 0.386010 0.026178 0.056995
1 0.616754 0.374784 0.027225 0.062176
1 0.580628 0.367876 0.028272 0.062176
1 0.536126 0.357513 0.025131 0.062176
1 0.501571 0.348014 0.027225 0.063903
1 0.471728 0.348014 0.024084 0.060449
1 0.439267 0.363558 0.026178 0.067358
1 0.409948 0.361831 0.028272 0.070812
1 0.375393 0.376511 0.026178 0.065630
1 0.341361 0.388601 0.025131 0.062176
1 0.312042 0.385147 0.029319 0.058722
1 0.286911 0.391192 0.029319 0.063903
1 0.249738 0.386874 0.024084 0.062176
1 0.189005 0.414508 0.030366 0.065630
1 0.139267 0.435233 0.027225 0.069085
1 0.197906 0.334197 0.027225 0.063903
1 0.246597 0.322107 0.024084 0.060449
1 0.294764 0.308290 0.028272 0.056995
1 0.323037 0.311744 0.024084 0.063903
1 0.363874 0.296200 0.026178 0.056995
1 0.407330 0.287565 0.025131 0.060449
1 0.443979 0.268566 0.029319 0.067358
1 0.481675 0.265112 0.025131 0.060449
1 0.522513 0.263385 0.025131 0.063903
1 0.571728 0.284111 0.023037 0.063903
1 0.606806 0.303972 0.024084 0.058722
1 0.654974 0.311744 0.028272 0.063903
1 0.687958 0.320380 0.027225 0.060449
1 0.740314 0.319516 0.029319 0.051813
1 0.775393 0.333333 0.024084 0.062176
1 0.818325 0.342832 0.021990 0.060449
1 0.857068 0.294473 0.021990 0.056995
1 0.814136 0.245250 0.024084 0.051813
1 0.773298 0.235751 0.021990 0.053541
1 0.721990 0.226252 0.021990 0.051813
1 0.676963 0.241796 0.024084 0.055268
1 0.637173 0.224525 0.021990 0.058722
1 0.591099 0.209845 0.021990 0.063903
1 0.552356 0.220207 0.026178 0.060449
1 0.507330 0.215889 0.024084 0.062176
1 0.467016 0.208981 0.025131 0.051813
1 0.428272 0.218480 0.025131 0.060449
1 0.390576 0.224525 0.025131 0.058722
1 0.354450 0.238342 0.024084 0.058722
1 0.316754 0.231434 0.024084 0.051813
1 0.272775 0.234888 0.021990 0.051813
1 0.236126 0.229706 0.019895 0.048359
1 0.196859 0.255613 0.025131 0.058722
