1 0.910417 0.096618 0.060417 0.125604
1 0.671875 0.500805 0.054167 0.103060
1 0.746875 0.355878 0.058333 0.115942
1 0.797396 0.483092 0.061458 0.125604
1 0.345833 0.640902 0.058333 0.103060
1 0.636458 0.371176 0.052083 0.104670
1 0.699479 0.301127 0.048958 0.093398
1 0.658854 0.221417 0.048958 0.095008
1 0.598958 0.325282 0.060417 0.096618
1 0.475521 0.475040 0.053125 0.086957
1 0.357812 0.488728 0.051042 0.107890
1 0.519271 0.289050 0.046875 0.095008
1 0.560937 0.227858 0.046875 0.098229
1 0.630729 0.192432 0.038542 0.098229
1 0.435417 0.300322 0.047917 0.088567
1 0.374479 0.391304 0.067708 0.086957
1 0.367188 0.277778 0.044792 0.085346
1 0.307292 0.193237 0.039583 0.090177
1 0.469271 0.187601 0.044792 0.098229
1 0.232813 0.276973 0.053125 0.103060
1 0.138021 0.194847 0.051042 0.096618
