1 0.493359 0.427103 0.058594 0.087850
1 0.983594 0.387383 0.023438 0.030841
1 0.944922 0.408411 0.022656 0.029907
1 0.948047 0.392991 0.022656 0.027103
1 0.910937 0.427103 0.014063 0.020561
1 0.884766 0.414953 0.022656 0.029907
1 0.909766 0.425701 0.011719 0.015888
1 0.894922 0.421963 0.010156 0.012150
1 0.854297 0.452336 0.011719 0.016822
1 0.835938 0.442056 0.014063 0.016822
1 0.820312 0.425701 0.010937 0.012150
1 0.796484 0.413551 0.011719 0.017757
1 0.792578 0.414486 0.014844 0.019626
1 0.780078 0.419626 0.016406 0.018692
1 0.771094 0.410748 0.014063 0.019626
1 0.751563 0.415888 0.012500 0.016822
1 0.728125 0.436449 0.010937 0.014953
1 0.692578 0.407944 0.017969 0.021495
1 0.650781 0.411215 0.017188 0.020561
1 0.616016 0.328505 0.025781 0.034579
1 0.429688 0.217290 0.031250 0.047664
1 0.371875 0.400000 0.025000 0.035514
1 0.376563 0.342523 0.018750 0.030841
1 0.327734 0.336916 0.027344 0.049533
1 0.233594 0.464486 0.026562 0.029907
1 0.141016 0.277103 0.041406 0.055140
1 0.242188 0.321028 0.031250 0.036449
1 0.262109 0.305607 0.036719 0.050467
1 0.086328 0.312617 0.036719 0.040187
1 0.019922 0.329439 0.039844 0.053271
1 0.846094 0.428972 0.009375 0.013084
