1 0.041504 0.567883 0.022461 0.035036
1 0.125000 0.613869 0.039062 0.059854
1 0.126953 0.582482 0.033203 0.055474
1 0.336426 0.734307 0.059570 0.081752
1 0.281738 0.584672 0.030273 0.045255
1 0.437988 0.726277 0.038086 0.068613
1 0.357422 0.731387 0.035156 0.061314
1 0.560547 0.594161 0.031250 0.052555
1 0.624512 0.567883 0.041992 0.061314
1 0.751465 0.543066 0.034180 0.061314
1 0.900879 0.611679 0.041992 0.058394
1 0.812500 0.556204 0.033203 0.052555
1 0.673828 0.602920 0.017578 0.029197
1 0.654785 0.586131 0.018555 0.027737
1 0.715820 0.584672 0.013672 0.024818
1 0.268555 0.567153 0.021484 0.039416
