1 0.947754 0.733073 0.006185 0.010417
1 0.930990 0.734375 0.005859 0.008681
1 0.906250 0.729818 0.016927 0.026476
1 0.883138 0.730035 0.008464 0.013889
1 0.893880 0.729167 0.009115 0.013021
1 0.874349 0.756293 0.009766 0.012587
1 0.875977 0.738064 0.007161 0.013455
1 0.846517 0.753255 0.011393 0.015191
1 0.851400 0.741319 0.004883 0.006944
1 0.832031 0.737630 0.006510 0.007378
1 0.822917 0.757595 0.010417 0.015191
1 0.812663 0.735894 0.008138 0.013455
1 0.820801 0.737847 0.005534 0.007812
1 0.842611 0.736328 0.004883 0.006510
1 0.845866 0.736111 0.004232 0.006076
1 0.863118 0.734375 0.003581 0.006076
1 0.691732 0.742188 0.007161 0.011285
1 0.632324 0.756293 0.007487 0.010851
1 0.427409 0.716797 0.013021 0.016059
1 0.398275 0.743924 0.006836 0.011285
1 0.414551 0.741753 0.006836 0.010417
1 0.355143 0.728950 0.007161 0.011719
1 0.337402 0.733073 0.008789 0.013021
1 0.347493 0.730035 0.004883 0.010417
1 0.309570 0.743490 0.007161 0.011285
1 0.288900 0.746311 0.006836 0.011719
1 0.286621 0.754340 0.004883 0.007812
1 0.268880 0.746528 0.007161 0.011285
1 0.252116 0.778863 0.013997 0.021267
1 0.238607 0.793403 0.014974 0.023438
1 0.216471 0.802300 0.022135 0.033420
1 0.138346 0.713108 0.021484 0.030382
1 0.152344 0.788411 0.013672 0.017795
1 0.015625 0.748047 0.007812 0.014323
1 0.051758 0.748481 0.009766 0.012587
1 0.059733 0.747830 0.005534 0.007812
1 0.048340 0.746311 0.004232 0.007378
1 0.036296 0.746528 0.007487 0.012153
1 0.077311 0.767144 0.009440 0.012587
1 0.089844 0.760851 0.010417 0.014757
1 0.034505 0.752170 0.003906 0.005208
1 0.186686 0.748264 0.004232 0.006076
1 0.923991 0.732639 0.005534 0.008681
1 0.803548 0.754991 0.008789 0.032552
