1 0.016822 0.557259 0.033644 0.032609
1 0.021480 0.557648 0.031056 0.022127
1 0.076863 0.555124 0.027433 0.024068
1 0.099896 0.549495 0.032609 0.023680
1 0.149068 0.548622 0.057971 0.042120
1 0.229943 0.535035 0.030797 0.024651
1 0.269539 0.546002 0.010093 0.008152
1 0.297878 0.545807 0.008282 0.008152
1 0.336439 0.533094 0.024845 0.023098
1 0.396480 0.538820 0.016563 0.013975
1 0.367754 0.544158 0.035197 0.032026
1 0.454581 0.537073 0.014752 0.011258
1 0.495342 0.518342 0.054865 0.058036
1 0.561982 0.532415 0.015787 0.014363
1 0.576993 0.544740 0.008540 0.007958
1 0.589156 0.533288 0.015787 0.014946
1 0.600155 0.537364 0.015010 0.013781
1 0.600155 0.537752 0.017081 0.014557
1 0.634834 0.542896 0.019669 0.017469
1 0.644798 0.542605 0.009058 0.007182
1 0.683747 0.532026 0.016046 0.013975
1 0.690088 0.537364 0.018375 0.017275
1 0.700181 0.531638 0.014234 0.010870
1 0.721273 0.528533 0.022257 0.019798
1 0.776786 0.535811 0.015787 0.014946
1 0.789855 0.541731 0.010870 0.009317
1 0.822076 0.543284 0.011646 0.009317
1 0.823240 0.556871 0.009834 0.006988
1 0.836310 0.537558 0.009058 0.006793
1 0.850543 0.543575 0.009058 0.008346
1 0.855849 0.549592 0.007764 0.006793
1 0.857143 0.542799 0.010352 0.007570
1 0.868012 0.539402 0.012422 0.009705
1 0.886128 0.531153 0.010870 0.010287
1 0.905927 0.542314 0.011646 0.008152
1 0.930901 0.559103 0.008799 0.008346
