1 0.164453 0.403869 0.032031 0.059789
1 0.166406 0.244431 0.032813 0.062134
1 0.246484 0.253224 0.032031 0.058617
1 0.324609 0.270809 0.033594 0.063306
1 0.402734 0.268464 0.032031 0.056272
1 0.484375 0.240914 0.034375 0.055100
1 0.577734 0.242673 0.035156 0.063306
1 0.668359 0.218054 0.036719 0.065651
1 0.753125 0.194021 0.035937 0.059789
1 0.848828 0.223329 0.036719 0.059789
1 0.847266 0.382767 0.038281 0.071512
1 0.789062 0.386284 0.034375 0.064478
1 0.708984 0.406213 0.035156 0.062134
1 0.624609 0.393904 0.035156 0.067995
1 0.543359 0.400352 0.038281 0.069168
1 0.467187 0.394490 0.035937 0.064478
1 0.390625 0.379250 0.034375 0.064478
1 0.323828 0.396835 0.032031 0.057444
1 0.248828 0.406213 0.032031 0.064478
