1 0.036250 0.364583 0.066250 0.100833
1 0.090938 0.429583 0.053125 0.080833
1 0.105313 0.420833 0.053125 0.081667
1 0.164687 0.412083 0.038125 0.069167
1 0.220312 0.377083 0.041875 0.062500
1 0.200937 0.406250 0.026875 0.040833
1 0.275000 0.402917 0.028750 0.040833
1 0.313750 0.387917 0.033750 0.050833
1 0.360000 0.405417 0.035000 0.062500
1 0.387188 0.386667 0.023125 0.045000
1 0.385000 0.385417 0.026250 0.042500
1 0.462187 0.417083 0.044375 0.074167
1 0.610313 0.375833 0.059375 0.090000
1 0.955937 0.358333 0.044375 0.065000
1 0.922188 0.338750 0.039375 0.059167
1 0.826875 0.340417 0.033750 0.060833
1 0.715313 0.377083 0.046875 0.072500
1 0.785000 0.354583 0.030000 0.052500
1 0.762813 0.357500 0.029375 0.048333
1 0.723750 0.364167 0.032500 0.053333
1 0.674687 0.361667 0.025625 0.051667
1 0.639687 0.337917 0.026875 0.047500
1 0.554688 0.380000 0.024375 0.043333
1 0.532500 0.397917 0.018750 0.032500
