1 0.694240 0.597120 0.034722 0.030637
1 0.639502 0.595435 0.033088 0.030331
1 0.605188 0.592984 0.029003 0.028493
1 0.553513 0.618413 0.029412 0.030331
1 0.520425 0.606005 0.028595 0.025735
1 0.485090 0.599571 0.033088 0.033088
1 0.506127 0.582567 0.029412 0.029105
1 0.454044 0.581495 0.029820 0.028799
1 0.424020 0.595895 0.032680 0.032475
1 0.384191 0.604473 0.032271 0.031250
1 0.343137 0.611213 0.032680 0.030025
1 0.314951 0.586703 0.029412 0.026961
1 0.257353 0.618719 0.031863 0.031556
1 0.223856 0.594363 0.032680 0.029412
1 0.219158 0.487439 0.006944 0.004902
