1 0.122667 0.602131 0.042667 0.053286
1 0.187333 0.522202 0.044000 0.063943
1 0.289333 0.598579 0.029333 0.049734
1 0.398667 0.518650 0.042667 0.060391
1 0.488667 0.517762 0.049333 0.062167
1 0.640000 0.568384 0.034667 0.056838
1 0.761333 0.581705 0.037333 0.051510
1 0.864667 0.532860 0.046667 0.060391
1 0.903333 0.533748 0.041333 0.058615
1 0.023333 0.500888 0.022667 0.039076
1 0.093333 0.437833 0.026667 0.030195
1 0.196667 0.444050 0.025333 0.039076
1 0.372000 0.447602 0.029333 0.042629
1 0.409333 0.442274 0.029333 0.049734
1 0.011333 0.331261 0.020000 0.037300
1 0.045333 0.357904 0.018667 0.030195
1 0.130000 0.362345 0.020000 0.031972
1 0.164667 0.303730 0.020000 0.035524
1 0.214667 0.318828 0.018667 0.033748
1 0.227333 0.304618 0.020000 0.037300
1 0.251333 0.317052 0.017333 0.033748
1 0.266667 0.318828 0.021333 0.033748
1 0.282667 0.322380 0.018667 0.030195
1 0.318667 0.327709 0.018667 0.033748
1 0.358000 0.311723 0.022667 0.033748
1 0.385333 0.317940 0.026667 0.039076
1 0.419333 0.298401 0.022667 0.042629
1 0.444667 0.308171 0.020000 0.037300
1 0.394000 0.285968 0.014667 0.024867
1 0.490000 0.312611 0.020000 0.031972
1 0.503333 0.302842 0.025333 0.037300
1 0.542667 0.302842 0.018667 0.030195
1 0.575333 0.313499 0.017333 0.030195
1 0.661333 0.293073 0.018667 0.028419
1 0.670667 0.304618 0.026667 0.044405
1 0.711333 0.321492 0.017333 0.028419
1 0.794000 0.315275 0.017333 0.030195
1 0.870667 0.289520 0.018667 0.031972
1 0.934000 0.276199 0.022667 0.040853
1 0.312667 0.292185 0.014667 0.019538
