1 0.037778 0.902857 0.006667 0.008571
1 0.091667 0.915714 0.007778 0.011429
1 0.096667 0.934286 0.013333 0.057143
1 0.181667 0.930714 0.007778 0.010000
1 0.203889 0.930714 0.007778 0.010000
1 0.211667 0.910714 0.007778 0.012857
1 0.252778 0.949286 0.007778 0.010000
1 0.262222 0.907857 0.008889 0.010000
1 0.272222 0.907857 0.006667 0.010000
1 0.293889 0.934286 0.025556 0.045714
1 0.296111 0.977143 0.018889 0.031429
1 0.327222 0.978571 0.012222 0.017143
1 0.353889 0.950000 0.007778 0.011429
1 0.387778 0.959286 0.017778 0.027143
1 0.440000 0.921429 0.013333 0.022857
1 0.595000 0.935714 0.007778 0.011429
1 0.598333 0.949286 0.018889 0.030000
1 0.635556 0.911429 0.013333 0.017143
1 0.645556 0.905000 0.011111 0.015714
1 0.659444 0.906429 0.012222 0.015714
1 0.813333 0.942857 0.013333 0.051429
1 0.848333 0.920714 0.007778 0.010000
