1 0.991197 0.400000 0.017606 0.054167
1 0.944249 0.301042 0.031690 0.056250
1 0.985915 0.327083 0.023474 0.041667
1 0.904930 0.394792 0.032864 0.068750
1 0.840962 0.388542 0.024648 0.043750
1 0.806925 0.485417 0.024648 0.050000
1 0.830399 0.494792 0.022300 0.047917
1 0.745892 0.430208 0.026995 0.052083
1 0.768192 0.302083 0.022300 0.050000
1 0.694249 0.303125 0.024648 0.052083
1 0.661972 0.451042 0.021127 0.047917
1 0.636737 0.207292 0.029343 0.068750
1 0.551643 0.262500 0.025822 0.045833
1 0.495305 0.327083 0.032864 0.058333
1 0.508216 0.297917 0.023474 0.050000
1 0.390258 0.439583 0.026995 0.062500
1 0.441315 0.364583 0.028169 0.054167
1 0.294601 0.437500 0.032864 0.062500
1 0.382629 0.264583 0.028169 0.041667
1 0.406690 0.312500 0.022300 0.045833
1 0.451291 0.322917 0.022300 0.041667
1 0.345070 0.358333 0.025822 0.054167
1 0.317488 0.405208 0.019953 0.043750
1 0.299883 0.255208 0.031690 0.056250
1 0.276408 0.268750 0.022300 0.041667
1 0.204225 0.295833 0.023474 0.045833
1 0.111502 0.253125 0.025822 0.047917
1 0.148474 0.461458 0.017606 0.031250
1 0.068662 0.377083 0.017606 0.033333
1 0.492371 0.488542 0.026995 0.052083
