1 0.801816 0.708175 0.030983 0.066540
1 0.758547 0.769011 0.032051 0.058935
1 0.733440 0.733840 0.026709 0.053232
1 0.784188 0.671103 0.025641 0.049430
1 0.600427 0.696768 0.044872 0.089354
1 0.492521 0.734791 0.038462 0.077947
1 0.462073 0.677757 0.026709 0.047529
1 0.358440 0.706274 0.022436 0.036122
1 0.384615 0.711977 0.017094 0.036122
1 0.426282 0.703422 0.014957 0.030418
1 0.292201 0.669202 0.013889 0.026616
1 0.322115 0.662548 0.011752 0.020913
1 0.307692 0.667300 0.008547 0.019011
1 0.347222 0.676806 0.010684 0.019011
1 0.404915 0.705323 0.017094 0.098859
1 0.388355 0.664449 0.007479 0.013308
1 0.470085 0.658745 0.006410 0.013308
1 0.557692 0.692966 0.008547 0.013308
1 0.564103 0.688213 0.006410 0.015209
1 0.543269 0.694867 0.007479 0.013308
1 0.581197 0.668251 0.008547 0.017110
1 0.636752 0.684411 0.008547 0.015209
1 0.678419 0.656844 0.010684 0.017110
1 0.655449 0.672053 0.005342 0.009506
1 0.703526 0.678707 0.007479 0.015209
1 0.717949 0.679658 0.010684 0.017110
1 0.746261 0.664449 0.009615 0.017110
1 0.732372 0.668251 0.009615 0.017110
1 0.763355 0.662548 0.011752 0.020913
1 0.689637 0.677757 0.007479 0.017110
1 0.885150 0.687262 0.011752 0.020913
1 0.842415 0.675856 0.009615 0.020913
1 0.811432 0.662548 0.009615 0.020913
1 0.980769 0.676806 0.012821 0.022814
1 0.968483 0.655894 0.009615 0.019011
1 0.932158 0.651141 0.007479 0.013308
1 0.941774 0.730038 0.030983 0.121673
1 0.737179 0.676806 0.008547 0.041825
1 0.823718 0.661597 0.008547 0.011407
1 0.859509 0.673004 0.009615 0.015209
1 0.851496 0.664449 0.008547 0.017110
1 0.833333 0.672053 0.008547 0.017110
1 0.947650 0.668251 0.006410 0.013308
1 0.305021 0.736692 0.024573 0.127376
