1 0.101667 0.542750 0.011333 0.019500
1 0.146667 0.474500 0.012000 0.020000
1 0.239500 0.577250 0.014333 0.022500
1 0.355500 0.585500 0.013667 0.023000
1 0.431333 0.489000 0.012667 0.019000
1 0.459333 0.531000 0.013333 0.024000
1 0.434167 0.538000 0.013000 0.020000
1 0.509000 0.472000 0.009333 0.018000
1 0.544500 0.488750 0.009667 0.015500
1 0.760167 0.603000 0.013000 0.023000
1 0.804333 0.520250 0.010667 0.015500
1 0.964167 0.422750 0.009667 0.016500
1 0.917500 0.426250 0.006333 0.011500
1 0.890000 0.405500 0.007333 0.012000
1 0.856167 0.401000 0.007000 0.013000
1 0.828833 0.411000 0.007000 0.011000
1 0.794667 0.400250 0.007333 0.011500
1 0.788333 0.359500 0.007333 0.015000
1 0.769833 0.394750 0.007000 0.011500
1 0.743667 0.404250 0.007333 0.011500
1 0.721833 0.407000 0.007000 0.013000
1 0.697000 0.402250 0.007333 0.011500
1 0.681500 0.402500 0.006333 0.012000
1 0.661167 0.382250 0.007000 0.013500
1 0.587333 0.398250 0.008000 0.013500
1 0.555500 0.401250 0.006333 0.011500
1 0.530667 0.395000 0.006000 0.011000
1 0.505833 0.396500 0.007000 0.012000
1 0.440667 0.392000 0.007333 0.010000
1 0.417167 0.390000 0.005667 0.011000
1 0.471000 0.355250 0.006667 0.013500
1 0.547833 0.356250 0.006333 0.011500
