1 0.544531 0.665625 0.095312 0.156250
1 0.779687 0.487500 0.075000 0.137500
1 0.651563 0.605208 0.090625 0.143750
1 0.418750 0.625000 0.087500 0.145833
1 0.277344 0.595833 0.089063 0.145833
1 0.161719 0.483333 0.067187 0.125000
1 0.335938 0.493750 0.068750 0.129167
1 0.423438 0.511458 0.059375 0.110417
1 0.507031 0.504167 0.064062 0.112500
1 0.563281 0.480208 0.076563 0.122917
1 0.681250 0.467708 0.075000 0.131250
1 0.239063 0.562500 0.009375 0.012500
1 0.222656 0.562500 0.010937 0.016667
1 0.900000 0.564583 0.015625 0.037500
1 0.918750 0.565625 0.015625 0.039583
1 0.932813 0.565625 0.012500 0.039583
