1 0.033077 0.562933 0.030769 0.045035
1 0.114615 0.599307 0.043077 0.057737
1 0.138846 0.542148 0.050000 0.054273
1 0.209615 0.594111 0.020769 0.038106
1 0.243077 0.597575 0.041538 0.072748
1 0.312308 0.579677 0.018462 0.020785
1 0.352692 0.568707 0.025385 0.040416
1 0.462308 0.579099 0.010769 0.017321
1 0.502692 0.594111 0.008462 0.015012
1 0.511923 0.585450 0.010000 0.013857
1 0.520385 0.586605 0.011538 0.018476
1 0.528462 0.616051 0.015385 0.024249
1 0.572692 0.579677 0.031538 0.050808
1 0.595000 0.595843 0.017692 0.025404
1 0.616154 0.576212 0.013846 0.025404
1 0.671538 0.584296 0.018462 0.030023
1 0.685000 0.575058 0.014615 0.023095
1 0.715385 0.633372 0.021538 0.033487
1 0.723846 0.575635 0.020000 0.028868
1 0.746538 0.564088 0.014615 0.024249
1 0.734231 0.569284 0.017692 0.030023
1 0.783077 0.576790 0.016923 0.026559
1 0.808077 0.570439 0.011538 0.020785
1 0.845769 0.550231 0.028462 0.042725
1 0.876538 0.555427 0.016154 0.027714
1 0.530769 0.590069 0.007692 0.011547
1 0.553846 0.582564 0.007692 0.010393
1 0.647692 0.577367 0.009231 0.011547
1 0.647692 0.608545 0.009231 0.013857
1 0.629615 0.576212 0.006923 0.013857
1 0.638077 0.587182 0.006923 0.010393
1 0.716538 0.575635 0.011538 0.021940
1 0.758846 0.568707 0.011538 0.017321
1 0.860000 0.560046 0.007692 0.011547
1 0.791538 0.577945 0.012308 0.021940
