1 0.568333 0.937500 0.053333 0.050000
1 0.180000 0.837500 0.053333 0.045000
1 0.175833 0.561250 0.035000 0.027500
1 0.445833 0.473750 0.051667 0.040000
1 0.263333 0.419375 0.036667 0.023750
1 0.307500 0.296875 0.028333 0.018750
1 0.526667 0.279375 0.026667 0.016250
1 0.433333 0.236250 0.020000 0.015000
1 0.439167 0.181250 0.018333 0.017500
1 0.580000 0.165625 0.026667 0.018750
1 0.591667 0.131875 0.016667 0.016250
1 0.426667 0.067500 0.026667 0.020000
1 0.470000 0.093750 0.020000 0.012500
1 0.522500 0.103750 0.018333 0.012500
1 0.536667 0.063125 0.016667 0.011250
1 0.583333 0.078750 0.020000 0.020000
