1 0.794167 0.477037 0.010000 0.023704
1 0.688750 0.446667 0.010833 0.025185
1 0.667083 0.461481 0.010833 0.022222
1 0.703750 0.945185 0.022500 0.038519
1 0.547500 0.922963 0.023333 0.047407
1 0.592917 0.720741 0.017500 0.040000
1 0.210833 0.507407 0.011667 0.022222
1 0.396667 0.429630 0.010000 0.020741
1 0.443333 0.414074 0.008333 0.022222
1 0.410000 0.362963 0.008333 0.017778
1 0.567917 0.440741 0.009167 0.019259
1 0.568333 0.362222 0.008333 0.016296
1 0.554583 0.360000 0.009167 0.017778
1 0.536250 0.357037 0.009167 0.023704
1 0.510833 0.356296 0.008333 0.016296
1 0.848750 0.331111 0.007500 0.016296
1 0.568333 0.244444 0.006667 0.011852
1 0.507083 0.267407 0.007500 0.013333
1 0.490833 0.268889 0.006667 0.013333
1 0.478333 0.271111 0.006667 0.011852
1 0.447500 0.300741 0.006667 0.011852
1 0.441250 0.291852 0.005833 0.014815
1 0.445000 0.260741 0.005000 0.011852
1 0.406667 0.276296 0.008333 0.013333
1 0.460417 0.197778 0.005833 0.010370
1 0.473750 0.242222 0.012500 0.054815
1 0.505417 0.160741 0.004167 0.007407
1 0.459167 0.157037 0.003333 0.005926
1 0.511250 0.141481 0.004167 0.007407
1 0.496667 0.160000 0.006667 0.035556
1 0.502083 0.521481 0.012500 0.023704
1 0.446250 0.220000 0.012500 0.066667
1 0.456250 0.136296 0.004167 0.005926
