1 0.984167 0.414074 0.010000 0.019259
1 0.967500 0.415556 0.006667 0.013333
1 0.967917 0.369630 0.005833 0.013333
1 0.987500 0.320000 0.005000 0.011852
1 0.994583 0.341481 0.010833 0.066667
1 0.902083 0.311852 0.044167 0.093333
1 0.852083 0.091111 0.034167 0.075556
1 0.799583 0.070370 0.039167 0.075556
1 0.761250 0.361481 0.039167 0.082963
1 0.687917 0.371852 0.035833 0.085926
1 0.619167 0.373333 0.038333 0.082963
1 0.555417 0.382963 0.034167 0.078519
1 0.485833 0.594815 0.043333 0.108148
1 0.490833 0.366667 0.036667 0.078519
1 0.427083 0.335556 0.039167 0.078519
1 0.367083 0.382222 0.034167 0.074074
1 0.298333 0.334074 0.036667 0.078519
1 0.237917 0.368889 0.039167 0.082963
1 0.173750 0.335556 0.034167 0.087407
1 0.195000 0.077037 0.033333 0.071111
1 0.247500 0.071111 0.033333 0.080000
1 0.308750 0.074074 0.035833 0.074074
1 0.376667 0.075556 0.036667 0.080000
1 0.431250 0.066667 0.037500 0.080000
1 0.480833 0.077778 0.036667 0.075556
1 0.541667 0.065926 0.035000 0.078519
1 0.616667 0.062963 0.036667 0.081481
1 0.676667 0.089630 0.038333 0.087407
1 0.736250 0.067407 0.039167 0.081481
