1 0.646226 0.624478 0.011530 0.016690
1 0.598008 0.623088 0.003145 0.005563
1 0.588574 0.616134 0.005241 0.008345
1 0.577568 0.620306 0.004193 0.005563
1 0.571803 0.623088 0.005241 0.008345
1 0.562893 0.646036 0.010482 0.031989
1 0.556080 0.620306 0.003145 0.005563
1 0.549266 0.630042 0.010482 0.036161
1 0.522537 0.635605 0.015723 0.022253
1 0.548218 0.637691 0.014675 0.020862
1 0.491614 0.643255 0.010482 0.015299
1 0.496331 0.627955 0.005241 0.006954
1 0.493187 0.632128 0.005241 0.006954
1 0.476415 0.643950 0.022013 0.033380
1 0.475891 0.632823 0.008386 0.011127
1 0.481132 0.631433 0.006289 0.008345
1 0.472222 0.656467 0.013627 0.019471
1 0.449686 0.690542 0.020964 0.031989
1 0.438679 0.694715 0.024109 0.037552
1 0.514151 0.694715 0.030398 0.037552
1 0.342243 0.616829 0.007338 0.009736
1 0.354298 0.619611 0.006289 0.009736
1 0.531971 0.673853 0.019916 0.034771
