1 0.061523 0.899560 0.013672 0.021994
1 0.108887 0.909824 0.016602 0.024927
1 0.114746 0.856305 0.012695 0.017595
1 0.142578 0.836510 0.011719 0.021994
1 0.145996 0.830645 0.010742 0.019062
1 0.539062 0.872434 0.011719 0.020528
1 0.562500 0.847507 0.013672 0.023460
1 0.676270 0.926686 0.012695 0.023460
1 0.679199 0.899560 0.010742 0.019062
1 0.694824 0.851906 0.010742 0.020528
1 0.701172 0.822581 0.011719 0.017595
1 0.671387 0.826979 0.010742 0.020528
1 0.657227 0.863636 0.011719 0.023460
1 0.922852 0.657625 0.007812 0.013196
1 0.935547 0.648094 0.007812 0.011730
1 0.819824 0.602639 0.006836 0.011730
1 0.839355 0.555718 0.004883 0.008798
1 0.824707 0.574780 0.014648 0.058651
1 0.817871 0.543255 0.004883 0.007331
1 0.810059 0.548387 0.004883 0.008798
1 0.051758 0.431818 0.003906 0.007331
1 0.049316 0.431818 0.002930 0.004399
1 0.042480 0.433284 0.002930 0.004399
1 0.038574 0.433284 0.002930 0.004399
1 0.035156 0.442082 0.009766 0.027859
1 0.078613 0.434751 0.002930 0.004399
1 0.117676 0.434018 0.002930 0.005865
1 0.129395 0.432551 0.002930 0.005865
1 0.137695 0.429619 0.003906 0.005865
1 0.255371 0.436217 0.002930 0.004399
1 0.267090 0.440616 0.002930 0.004399
1 0.270508 0.447214 0.007812 0.020528
1 0.270996 0.441349 0.008789 0.026393
1 0.293945 0.437683 0.007812 0.030792
1 0.304199 0.441349 0.008789 0.032258
1 0.299316 0.532991 0.004883 0.007331
1 0.317871 0.533724 0.004883 0.008798
1 0.315918 0.504399 0.004883 0.008798
1 0.304688 0.507331 0.005859 0.008798
1 0.304199 0.497801 0.004883 0.007331
1 0.358398 0.476540 0.003906 0.005865
1 0.369141 0.491202 0.007812 0.038123
1 0.376465 0.476540 0.004883 0.005865
1 0.751465 0.431818 0.006836 0.030792
1 0.757812 0.432551 0.007812 0.032258
1 0.765625 0.434751 0.007812 0.027859
1 0.802734 0.438416 0.007812 0.017595
1 0.808105 0.437683 0.008789 0.019062
1 0.880859 0.431818 0.005859 0.027859
1 0.891113 0.431085 0.006836 0.026393
1 0.886719 0.431085 0.007812 0.026393
1 0.909668 0.439883 0.006836 0.017595
1 0.927246 0.437683 0.006836 0.019062
1 0.933105 0.436950 0.006836 0.017595
1 0.962891 0.446481 0.007812 0.019062
1 0.956055 0.447214 0.007812 0.020528
1 0.343262 0.456745 0.006836 0.027859
1 0.349609 0.456745 0.007812 0.027859
1 0.356445 0.456745 0.005859 0.027859
1 0.360840 0.455279 0.004883 0.024927
1 0.366211 0.457478 0.005859 0.029326
1 0.371094 0.456012 0.005859 0.026393
1 0.376953 0.456745 0.007812 0.027859
1 0.351562 0.438416 0.005859 0.023460
1 0.347656 0.439150 0.007812 0.024927
1 0.342285 0.439150 0.006836 0.021994
1 0.338379 0.439150 0.006836 0.027859
1 0.309570 0.444282 0.007812 0.020528
1 0.390137 0.441349 0.006836 0.029326
1 0.385254 0.440616 0.006836 0.027859
1 0.380859 0.441349 0.005859 0.026393
1 0.375977 0.441349 0.007812 0.029326
1 0.393555 0.425953 0.005859 0.024927
1 0.381836 0.428886 0.005859 0.019062
1 0.399414 0.432551 0.005859 0.023460
1 0.405762 0.431818 0.004883 0.027859
1 0.414062 0.419355 0.005859 0.023460
1 0.419922 0.421554 0.005859 0.024927
1 0.425293 0.418622 0.006836 0.024927
1 0.396973 0.412757 0.006836 0.024927
1 0.402344 0.406158 0.005859 0.023460
1 0.407715 0.410557 0.006836 0.023460
1 0.413086 0.408358 0.005859 0.021994
1 0.635254 0.474340 0.004883 0.021994
1 0.626465 0.466276 0.004883 0.032258
1 0.628906 0.461877 0.005859 0.035191
1 0.640137 0.463343 0.006836 0.032258
1 0.645508 0.463343 0.007812 0.032258
1 0.652344 0.450880 0.001953 0.004399
1 0.656738 0.462610 0.006836 0.036657
1 0.663574 0.467009 0.006836 0.024927
1 0.669434 0.463343 0.006836 0.035191
1 0.677246 0.463343 0.006836 0.035191
1 0.669922 0.442082 0.005859 0.024927
1 0.671387 0.437683 0.004883 0.024927
1 0.659180 0.445748 0.005859 0.026393
1 0.665527 0.445748 0.006836 0.026393
1 0.645508 0.440616 0.005859 0.021994
1 0.650879 0.436217 0.004883 0.024927
1 0.618652 0.435484 0.006836 0.026393
1 0.610352 0.434018 0.007812 0.026393
1 0.626465 0.436217 0.006836 0.027859
1 0.630859 0.432551 0.005859 0.026393
1 0.635254 0.434751 0.006836 0.027859
1 0.642090 0.434018 0.006836 0.026393
1 0.595703 0.423754 0.005859 0.023460
1 0.602539 0.423754 0.005859 0.026393
1 0.599121 0.421554 0.004883 0.024927
1 0.610352 0.412757 0.005859 0.021994
1 0.623047 0.414956 0.005859 0.020528
1 0.617676 0.415689 0.006836 0.021994
1 0.612793 0.429619 0.006836 0.026393
