1 0.178241 0.845422 0.012346 0.021091
1 0.205054 0.846193 0.012731 0.019547
1 0.244406 0.906636 0.018904 0.027263
1 0.293981 0.827418 0.010802 0.015947
1 0.313079 0.824331 0.011960 0.016975
1 0.374614 0.812243 0.012346 0.017490
1 0.446759 0.802469 0.010031 0.014403
1 0.459684 0.806584 0.010417 0.015432
1 0.473187 0.789352 0.009645 0.013889
1 0.502701 0.896091 0.022377 0.028807
1 0.488619 0.857253 0.018133 0.031379
1 0.539931 0.791667 0.010417 0.012346
1 0.514468 0.773663 0.010417 0.014403
1 0.539738 0.770576 0.007716 0.012346
1 0.532215 0.763632 0.008873 0.013889
1 0.550926 0.768519 0.006173 0.009259
1 0.829475 0.941615 0.020062 0.029321
1 0.895448 0.942387 0.018519 0.034979
1 0.845486 0.853395 0.017361 0.024691
1 0.835841 0.851080 0.016590 0.023148
1 0.836613 0.805813 0.013503 0.021091
1 0.864969 0.810700 0.012346 0.021605
1 0.878086 0.799383 0.012346 0.019547
1 0.974151 0.803241 0.014660 0.021091
1 0.972415 0.802984 0.011188 0.014403
1 0.989776 0.785494 0.009645 0.014403
1 0.969522 0.787294 0.009259 0.014918
1 0.916667 0.773405 0.009259 0.011831
1 0.913002 0.769805 0.007330 0.011831
1 0.900656 0.731739 0.008102 0.012860
1 0.877315 0.731739 0.007716 0.011831
1 0.876157 0.747685 0.006173 0.008745
1 0.866127 0.739198 0.006173 0.010288
1 0.855324 0.738169 0.006173 0.009259
1 0.849730 0.736111 0.006559 0.010288
1 0.861690 0.736626 0.005015 0.010288
1 0.829090 0.774177 0.010031 0.018519
1 0.797647 0.780093 0.011188 0.016975
1 0.814236 0.736368 0.007330 0.009774
1 0.816551 0.733025 0.006559 0.009259
1 0.756173 0.785494 0.013117 0.019547
1 0.786844 0.730710 0.005015 0.007716
1 0.782986 0.729938 0.005015 0.009259
1 0.774306 0.728652 0.005401 0.008745
1 0.773920 0.738169 0.009259 0.011317
1 0.765432 0.735597 0.006944 0.012346
1 0.740741 0.755658 0.008488 0.015432
1 0.718557 0.756944 0.008873 0.012860
1 0.701389 0.743056 0.006944 0.010802
1 0.683063 0.749743 0.008102 0.014918
1 0.722801 0.728395 0.004244 0.006173
1 0.723958 0.725051 0.004244 0.005658
1 0.694830 0.725051 0.004630 0.005658
1 0.697724 0.722222 0.005015 0.007202
1 0.687307 0.725309 0.004244 0.005144
1 0.683642 0.718879 0.004630 0.007716
1 0.665702 0.717850 0.004244 0.006687
1 0.643711 0.723251 0.008102 0.011317
1 0.618634 0.730967 0.007330 0.010288
1 0.612654 0.725566 0.005401 0.007716
1 0.606674 0.726595 0.005787 0.006687
1 0.630980 0.718107 0.005787 0.008230
1 0.624807 0.717850 0.004244 0.006687
1 0.630980 0.716307 0.005787 0.007716
1 0.652971 0.718364 0.005787 0.010802
1 0.647762 0.716307 0.006173 0.008745
1 0.639660 0.717078 0.003858 0.005144
1 0.592400 0.729167 0.007330 0.010802
1 0.579861 0.717593 0.004630 0.007202
1 0.591821 0.719393 0.006173 0.007716
1 0.599151 0.720422 0.003858 0.006687
1 0.596836 0.717593 0.004630 0.006173
1 0.210455 0.708076 0.002701 0.004630
1 0.224730 0.704218 0.004244 0.005144
1 0.231674 0.720422 0.004244 0.006687
1 0.250772 0.717593 0.004630 0.007202
1 0.274691 0.719650 0.004630 0.006173
1 0.261188 0.727623 0.014660 0.029321
1 0.291474 0.724537 0.002701 0.003601
1 0.296682 0.719907 0.005401 0.006687
1 0.311535 0.719136 0.004244 0.006173
1 0.326582 0.719650 0.004244 0.006173
1 0.337577 0.718879 0.004630 0.005658
1 0.350887 0.719136 0.005015 0.007202
1 0.346451 0.713220 0.003858 0.005658
1 0.362461 0.720422 0.004244 0.005658
1 0.366705 0.722737 0.003472 0.005144
1 0.371142 0.727366 0.015432 0.027778
1 0.410108 0.727366 0.004630 0.007202
1 0.420139 0.723765 0.004630 0.007202
1 0.427276 0.722994 0.005787 0.007716
1 0.434414 0.724537 0.004630 0.005658
1 0.444637 0.726595 0.005015 0.007716
1 0.444059 0.727623 0.003858 0.006687
1 0.461998 0.727366 0.004244 0.007202
1 0.467593 0.729167 0.003086 0.004630
1 0.469136 0.730710 0.006944 0.008745
1 0.483025 0.731224 0.005401 0.006687
1 0.496528 0.714249 0.003858 0.005658
1 0.483410 0.703447 0.003858 0.005658
1 0.461998 0.708848 0.005015 0.007202
1 0.469136 0.692130 0.003086 0.004630
1 0.463542 0.683385 0.001929 0.002572
1 0.441165 0.689558 0.005787 0.019033
1 0.438465 0.683128 0.001929 0.003086
1 0.512924 0.746656 0.006559 0.008745
1 0.505980 0.741512 0.005015 0.007716
1 0.536073 0.715535 0.003472 0.005144
1 0.547068 0.715535 0.003858 0.007202
1 0.554591 0.713477 0.004244 0.006173
1 0.566551 0.707819 0.005015 0.006173
1 0.562693 0.717593 0.005787 0.009259
1 0.512539 0.730967 0.004244 0.005144
1 0.286651 0.681070 0.002315 0.003086
1 0.279321 0.688272 0.002315 0.003086
1 0.317708 0.689300 0.001929 0.003086
1 0.337963 0.688529 0.005401 0.016975
1 0.341242 0.681842 0.001929 0.002572
1 0.328125 0.698817 0.003472 0.004630
1 0.331404 0.698302 0.003086 0.004630
1 0.337577 0.699846 0.003086 0.004630
1 0.344522 0.699074 0.003086 0.004115
1 0.356867 0.695473 0.003086 0.004115
1 0.368634 0.698302 0.003472 0.005658
1 0.396798 0.691358 0.002701 0.003086
1 0.008873 0.698560 0.003086 0.004115
1 0.022955 0.692901 0.003472 0.005144
1 0.035687 0.695730 0.003472 0.005658
1 0.018904 0.744084 0.003086 0.004630
1 0.035108 0.722994 0.003858 0.005658
1 0.044367 0.729938 0.003858 0.005144
1 0.051312 0.709619 0.004630 0.005658
1 0.047261 0.704990 0.003472 0.005658
1 0.057099 0.699588 0.003858 0.007202
1 0.060957 0.700360 0.003858 0.005658
1 0.074460 0.725566 0.004630 0.005658
1 0.007330 0.680298 0.003086 0.003601
1 0.071566 0.686728 0.005787 0.020576
1 0.107446 0.675669 0.001929 0.002572
1 0.111690 0.683642 0.005015 0.017490
1 0.158758 0.680813 0.001929 0.002572
1 0.081597 0.681327 0.001929 0.002572
1 0.078125 0.681327 0.001929 0.002572
1 0.542245 0.658436 0.003472 0.005144
1 0.552083 0.658951 0.003086 0.004115
1 0.564043 0.658693 0.003086 0.004630
1 0.604552 0.661780 0.003858 0.005658
1 0.656443 0.654578 0.004244 0.005658
1 0.786073 0.655093 0.003472 0.005658
1 0.837577 0.651749 0.004630 0.008230
1 0.860147 0.647891 0.004244 0.006687
1 0.888696 0.654578 0.004244 0.006687
1 0.910880 0.656636 0.004630 0.006687
1 0.901813 0.654064 0.004244 0.006687
1 0.897955 0.652006 0.004244 0.005658
1 0.959684 0.644033 0.005787 0.007202
1 0.997492 0.645576 0.005015 0.009259
