1 0.901055 0.489550 0.007916 0.005668
1 0.838786 0.493092 0.006860 0.004251
1 0.848549 0.492384 0.007388 0.004959
1 0.970185 0.503011 0.005805 0.004251
1 0.865172 0.490967 0.002639 0.002125
1 0.935620 0.504251 0.008443 0.011690
1 0.940633 0.500177 0.003694 0.002125
1 0.925858 0.500531 0.002639 0.002125
1 0.550396 0.498406 0.003166 0.002125
1 0.129288 0.498583 0.006332 0.005313
1 0.141953 0.497343 0.006332 0.004959
1 0.155937 0.493270 0.005805 0.004605
1 0.151187 0.494509 0.004749 0.003542
1 0.216095 0.493624 0.004749 0.003897
1 0.207124 0.495395 0.004749 0.003897
1 0.191821 0.507085 0.013193 0.030818
1 0.262269 0.496103 0.005277 0.005313
1 0.311346 0.498229 0.004222 0.002480
1 0.318734 0.499646 0.003166 0.002480
1 0.336939 0.498052 0.003694 0.002834
1 0.121900 0.500708 0.002111 0.001771
1 0.392612 0.498760 0.003166 0.002125
1 0.383641 0.499646 0.003166 0.002480
1 0.378364 0.505491 0.007388 0.015586
1 0.973615 0.492207 0.002111 0.001771
1 0.950132 0.492207 0.002639 0.001771
1 0.924802 0.492030 0.002639 0.002125
