1 0.108235 0.523013 0.007059 0.016736
1 0.023529 0.626569 0.011765 0.018828
1 0.025294 0.861925 0.015294 0.029289
1 0.097059 0.873431 0.017647 0.039749
1 0.044118 0.782427 0.017647 0.029289
1 0.066471 0.759414 0.015294 0.033473
1 0.126471 0.736402 0.015294 0.025105
1 0.138235 0.733264 0.012941 0.023013
1 0.165882 0.705021 0.011765 0.020921
1 0.198235 0.688285 0.012941 0.020921
1 0.213529 0.690377 0.010588 0.020921
1 0.234706 0.653766 0.008235 0.018828
1 0.237059 0.625523 0.008235 0.012552
1 0.141176 0.653766 0.011765 0.023013
1 0.181765 0.819038 0.017647 0.031381
1 0.249412 0.824268 0.016471 0.025105
1 0.198235 0.948745 0.022353 0.039749
1 0.187059 0.926778 0.018824 0.037657
1 0.194706 0.906904 0.015294 0.035565
1 0.300000 0.836820 0.016471 0.029289
1 0.400000 0.963389 0.023529 0.048117
1 0.443529 0.979079 0.021176 0.041841
1 0.428235 0.755230 0.014118 0.029289
1 0.361765 0.738494 0.015294 0.020921
1 0.314118 0.732218 0.014118 0.020921
1 0.297647 0.715481 0.014118 0.020921
1 0.647647 0.805439 0.017647 0.033473
1 0.696471 0.791841 0.016471 0.031381
1 0.059412 0.724895 0.017647 0.102510
1 0.074118 0.694561 0.009412 0.020921
1 0.095882 0.696653 0.010588 0.020921
1 0.115882 0.676778 0.010588 0.023013
1 0.170588 0.635983 0.011765 0.020921
1 0.180588 0.674686 0.012941 0.023013
1 0.194118 0.633891 0.009412 0.020921
1 0.205882 0.634937 0.011765 0.018828
1 0.217647 0.602510 0.009412 0.020921
1 0.202353 0.546025 0.007059 0.012552
1 0.247059 0.551255 0.007059 0.014644
1 0.271765 0.556485 0.007059 0.012552
1 0.272941 0.638075 0.011765 0.020921
1 0.280000 0.625523 0.009412 0.016736
1 0.294118 0.625523 0.009412 0.020921
1 0.324118 0.637029 0.010588 0.018828
1 0.350000 0.633891 0.012941 0.020921
1 0.371765 0.637029 0.009412 0.018828
1 0.312941 0.597280 0.009412 0.014644
1 0.318235 0.558577 0.005882 0.012552
1 0.343529 0.565900 0.009412 0.014644
1 0.360588 0.586820 0.008235 0.014644
1 0.377647 0.571130 0.007059 0.012552
1 0.395294 0.575314 0.007059 0.012552
1 0.412941 0.574268 0.007059 0.014644
1 0.405294 0.518828 0.005882 0.012552
1 0.413529 0.540795 0.017647 0.081590
1 0.398824 0.683054 0.011765 0.023013
1 0.418824 0.668410 0.011765 0.018828
1 0.766471 0.686192 0.010588 0.025105
1 0.788824 0.630753 0.010588 0.023013
1 0.792941 0.679916 0.009412 0.020921
1 0.802941 0.760460 0.012941 0.027197
1 0.908824 0.778243 0.015294 0.029289
1 0.967647 0.777197 0.015294 0.031381
1 0.982353 0.750000 0.014118 0.027197
1 0.972353 0.739540 0.015294 0.027197
1 0.932353 0.678870 0.010588 0.023013
1 0.886471 0.698745 0.010588 0.025105
1 0.325882 0.569038 0.007059 0.016736
1 0.428235 0.626569 0.009412 0.018828
1 0.860000 0.793933 0.014118 0.031381
1 0.848824 0.741632 0.012941 0.023013
1 0.836471 0.718619 0.011765 0.018828
1 0.829412 0.713389 0.014118 0.025105
1 0.860588 0.696653 0.008235 0.020921
1 0.875882 0.679916 0.010588 0.025105
1 0.851176 0.653766 0.008235 0.018828
1 0.912353 0.702929 0.012941 0.025105
1 0.914706 0.658996 0.010588 0.020921
1 0.931176 0.729079 0.012941 0.023013
1 0.934706 0.714435 0.012941 0.023013
1 0.945882 0.721757 0.014118 0.029289
1 0.988824 0.726987 0.010588 0.023013
