1 0.889062 0.982292 0.012500 0.022917
1 0.815625 0.944792 0.015625 0.022917
1 0.784375 0.952083 0.012500 0.020833
1 0.751563 0.942708 0.012500 0.022917
1 0.720313 0.972917 0.012500 0.020833
1 0.718750 0.946875 0.012500 0.022917
1 0.674219 0.948958 0.014063 0.018750
1 0.692187 0.925000 0.012500 0.020833
1 0.638281 0.929167 0.010937 0.016667
1 0.649219 0.911458 0.010937 0.018750
1 0.683594 0.896875 0.014063 0.018750
1 0.710938 0.888542 0.012500 0.018750
1 0.735156 0.822917 0.010937 0.020833
1 0.750000 0.826042 0.012500 0.018750
1 0.641406 0.877083 0.010937 0.020833
1 0.660156 0.851042 0.010937 0.018750
1 0.672656 0.841667 0.010937 0.016667
1 0.649219 0.834375 0.010937 0.014583
1 0.667969 0.823958 0.010937 0.014583
1 0.659375 0.811458 0.009375 0.014583
1 0.671875 0.814583 0.009375 0.012500
1 0.631250 0.861458 0.009375 0.014583
1 0.635938 0.817708 0.009375 0.014583
1 0.636719 0.787500 0.010937 0.016667
1 0.611719 0.840625 0.007812 0.014583
1 0.615625 0.822917 0.009375 0.016667
1 0.592969 0.921875 0.014063 0.022917
1 0.564844 0.930208 0.014063 0.022917
1 0.592969 0.860417 0.010937 0.016667
1 0.567969 0.828125 0.010937 0.014583
1 0.580469 0.825000 0.007812 0.012500
1 0.535156 0.868750 0.010937 0.016667
1 0.521875 0.836458 0.009375 0.018750
1 0.500781 0.841667 0.010937 0.016667
1 0.460938 0.843750 0.009375 0.012500
1 0.424219 0.842708 0.010937 0.014583
1 0.410156 0.856250 0.014063 0.020833
1 0.374219 0.927083 0.010937 0.016667
1 0.382812 0.867708 0.009375 0.014583
1 0.354687 0.991667 0.012500 0.016667
1 0.337500 0.936458 0.009375 0.018750
1 0.355469 0.911458 0.010937 0.018750
1 0.311719 0.981250 0.026562 0.037500
1 0.292187 0.927083 0.012500 0.020833
1 0.313281 0.910417 0.014063 0.025000
1 0.328906 0.902083 0.014063 0.020833
1 0.270313 0.948958 0.012500 0.018750
1 0.250781 0.932292 0.014063 0.018750
1 0.215625 0.923958 0.009375 0.018750
1 0.239063 0.906250 0.012500 0.020833
1 0.268750 0.907292 0.012500 0.018750
1 0.243750 0.856250 0.012500 0.016667
1 0.279687 0.857292 0.012500 0.018750
1 0.323437 0.852083 0.009375 0.016667
1 0.349219 0.856250 0.010937 0.016667
1 0.307031 0.837500 0.010937 0.016667
1 0.306250 0.839583 0.009375 0.016667
1 0.284375 0.834375 0.009375 0.014583
1 0.264062 0.829167 0.009375 0.016667
1 0.275000 0.804167 0.009375 0.016667
1 0.267188 0.767708 0.009375 0.014583
1 0.242969 0.777083 0.007812 0.012500
1 0.237500 0.766667 0.009375 0.012500
1 0.220312 0.768750 0.009375 0.012500
1 0.225000 0.741667 0.009375 0.016667
1 0.338281 0.821875 0.007812 0.014583
1 0.368750 0.822917 0.009375 0.016667
1 0.386719 0.844792 0.010937 0.018750
1 0.400000 0.809375 0.012500 0.014583
1 0.328125 0.800000 0.009375 0.016667
1 0.355469 0.796875 0.010937 0.018750
1 0.332813 0.769792 0.009375 0.014583
1 0.319531 0.760417 0.007812 0.012500
1 0.338281 0.761458 0.007812 0.014583
1 0.358594 0.762500 0.010937 0.016667
1 0.378906 0.762500 0.007812 0.016667
1 0.425000 0.812500 0.009375 0.012500
1 0.456250 0.796875 0.009375 0.014583
1 0.432812 0.779167 0.009375 0.012500
1 0.462500 0.772917 0.009375 0.012500
1 0.401562 0.763542 0.009375 0.014583
1 0.414062 0.793750 0.018750 0.075000
1 0.413281 0.729167 0.007812 0.012500
1 0.430469 0.741667 0.007812 0.012500
1 0.442188 0.769792 0.006250 0.010417
1 0.442969 0.744792 0.007812 0.010417
1 0.447656 0.751042 0.007812 0.010417
1 0.467969 0.748958 0.007812 0.010417
1 0.461719 0.726042 0.007812 0.010417
1 0.452344 0.722917 0.007812 0.016667
1 0.506250 0.787500 0.009375 0.012500
1 0.526563 0.797917 0.009375 0.016667
1 0.497656 0.758333 0.007812 0.012500
1 0.497656 0.726042 0.007812 0.010417
1 0.514844 0.731250 0.007812 0.012500
1 0.557031 0.742708 0.007812 0.010417
1 0.582031 0.745833 0.007812 0.012500
1 0.607812 0.751042 0.009375 0.014583
1 0.596094 0.758333 0.007812 0.012500
1 0.624219 0.744792 0.010937 0.014583
1 0.650000 0.720833 0.009375 0.012500
1 0.317969 0.747917 0.007812 0.008333
1 0.324219 0.733333 0.007812 0.012500
1 0.348438 0.732292 0.006250 0.010417
1 0.352344 0.750000 0.010937 0.016667
1 0.378906 0.712500 0.007812 0.012500
1 0.361719 0.713542 0.007812 0.014583
1 0.531250 0.713542 0.006250 0.006250
1 0.581250 0.744792 0.009375 0.014583
1 0.599219 0.696875 0.007812 0.010417
1 0.576562 0.701042 0.006250 0.010417
1 0.625781 0.715625 0.007812 0.010417
1 0.639844 0.708333 0.007812 0.012500
1 0.251563 0.735417 0.009375 0.012500
