1 0.189941 0.980469 0.010742 0.015625
1 0.278809 0.988281 0.010742 0.018229
1 0.296875 0.988281 0.019531 0.023438
1 0.284180 0.926432 0.011719 0.016927
1 0.298340 0.934896 0.008789 0.010417
1 0.315430 0.920573 0.007812 0.013021
1 0.429199 0.851562 0.008789 0.010417
1 0.438965 0.851562 0.006836 0.010417
1 0.456543 0.870443 0.006836 0.009115
1 0.474121 0.853516 0.010742 0.016927
1 0.499512 0.862630 0.008789 0.014323
1 0.508301 0.884115 0.012695 0.059896
1 0.519043 0.853516 0.008789 0.011719
1 0.527832 0.877604 0.014648 0.065104
1 0.537598 0.849609 0.006836 0.009115
1 0.545898 0.863932 0.005859 0.009115
1 0.553711 0.865234 0.007812 0.011719
1 0.550293 0.837240 0.006836 0.007812
1 0.567383 0.865885 0.007812 0.013021
1 0.565918 0.848307 0.008789 0.011719
1 0.580078 0.842448 0.005859 0.007812
1 0.595215 0.858724 0.006836 0.009115
1 0.611816 0.854818 0.010742 0.014323
1 0.614746 0.848958 0.006836 0.013021
1 0.634277 0.868490 0.006836 0.010417
1 0.646484 0.848958 0.009766 0.013021
1 0.650879 0.829427 0.006836 0.010417
1 0.664551 0.835938 0.008789 0.013021
1 0.692871 0.840495 0.006836 0.011719
1 0.690430 0.853516 0.007812 0.014323
1 0.679199 0.865885 0.016602 0.057292
1 0.704102 0.846354 0.005859 0.007812
1 0.716309 0.836589 0.008789 0.011719
1 0.734863 0.849609 0.006836 0.011719
1 0.731934 0.897135 0.006836 0.010417
1 0.699219 0.887370 0.009766 0.014323
1 0.707031 0.879557 0.011719 0.022135
1 0.757812 0.861979 0.009766 0.013021
1 0.767578 0.881510 0.019531 0.070312
1 0.789551 0.858073 0.008789 0.013021
1 0.811523 0.871094 0.007812 0.013021
1 0.794434 0.899740 0.024414 0.065104
1 0.767090 0.882812 0.012695 0.020833
1 0.748535 0.940755 0.014648 0.019531
1 0.885254 0.975260 0.010742 0.018229
1 0.911621 0.967448 0.020508 0.028646
1 0.912598 0.970703 0.020508 0.027344
1 0.949219 0.957682 0.011719 0.016927
1 0.971191 0.945964 0.010742 0.014323
1 0.670898 0.847656 0.005859 0.007812
