1 0.011719 0.537390 0.005859 0.010264
1 0.020508 0.541056 0.005859 0.008798
1 0.037109 0.535924 0.007812 0.010264
1 0.049316 0.534457 0.006836 0.010264
1 0.067871 0.537390 0.004883 0.007331
1 0.079102 0.465543 0.007812 0.010264
1 0.091309 0.463343 0.010742 0.017595
1 0.104980 0.464076 0.008789 0.013196
1 0.104004 0.462610 0.008789 0.010264
1 0.124023 0.534457 0.007812 0.013196
1 0.137695 0.538856 0.003906 0.007331
1 0.148438 0.532991 0.005859 0.007331
1 0.183594 0.535191 0.005859 0.008798
1 0.174805 0.539589 0.005859 0.008798
1 0.173828 0.479472 0.007812 0.014663
1 0.209961 0.497067 0.009766 0.014663
1 0.243652 0.535191 0.006836 0.011730
1 0.248047 0.560850 0.015625 0.057185
1 0.256836 0.473607 0.009766 0.017595
1 0.270508 0.468475 0.009766 0.016129
1 0.285156 0.479472 0.009766 0.014663
1 0.296875 0.470674 0.009766 0.017595
1 0.317871 0.497801 0.010742 0.019062
1 0.326172 0.516129 0.009766 0.014663
1 0.347656 0.467009 0.009766 0.016129
1 0.346191 0.470674 0.008789 0.014663
1 0.360840 0.472141 0.010742 0.017595
1 0.370605 0.484604 0.008789 0.016129
1 0.398926 0.474340 0.008789 0.013196
1 0.434082 0.470674 0.012695 0.020528
1 0.437012 0.462610 0.010742 0.019062
1 0.481934 0.466276 0.012695 0.020528
1 0.483398 0.469941 0.011719 0.019062
1 0.520508 0.468475 0.013672 0.019062
1 0.508301 0.582111 0.024414 0.090909
1 0.529297 0.552053 0.007812 0.010264
1 0.548340 0.557918 0.008789 0.013196
1 0.558594 0.552786 0.009766 0.017595
1 0.601074 0.535924 0.006836 0.013196
1 0.612305 0.543988 0.007812 0.011730
1 0.623535 0.553519 0.008789 0.016129
1 0.648926 0.467742 0.010742 0.017595
1 0.721680 0.132698 0.078125 0.153959
1 0.839844 0.464809 0.009766 0.014663
1 0.901367 0.540323 0.005859 0.010264
1 0.917480 0.540323 0.004883 0.010264
1 0.952637 0.550587 0.006836 0.013196
1 0.969238 0.560850 0.012695 0.051320
1 0.991699 0.539589 0.004883 0.005865
