1 0.066155 0.507264 0.010965 0.009046
1 0.099598 0.516310 0.009137 0.007950
1 0.112025 0.502330 0.009137 0.008498
1 0.133772 0.502330 0.011696 0.009046
1 0.176718 0.502878 0.013523 0.011787
1 0.197186 0.500274 0.012792 0.009320
1 0.222588 0.514117 0.013158 0.012884
1 0.235380 0.501782 0.009503 0.009046
1 0.250365 0.500000 0.010234 0.009320
1 0.273209 0.511376 0.007675 0.005757
1 0.305738 0.506579 0.009868 0.007675
1 0.288560 0.523575 0.008406 0.007675
1 0.336257 0.501645 0.009503 0.009868
1 0.373904 0.525356 0.010234 0.009046
1 0.403326 0.522752 0.009868 0.008224
1 0.436038 0.530428 0.033626 0.065789
1 0.443348 0.505620 0.013158 0.011787
1 0.543494 0.513021 0.013889 0.011239
1 0.548246 0.499452 0.009503 0.007675
1 0.577120 0.507950 0.014620 0.012610
1 0.625000 0.497533 0.010965 0.009868
1 0.631213 0.502330 0.010965 0.009046
1 0.656615 0.499589 0.010599 0.009594
1 0.665570 0.502467 0.013158 0.012061
1 0.674525 0.502467 0.012792 0.011513
1 0.698465 0.497533 0.012427 0.010417
1 0.704130 0.498081 0.012061 0.010965
1 0.732091 0.501645 0.012427 0.012610
1 0.761330 0.514391 0.009503 0.007950
1 0.773026 0.502878 0.012427 0.012336
1 0.790936 0.498081 0.010234 0.007675
1 0.803545 0.497396 0.012792 0.010691
1 0.261879 0.554002 0.017909 0.010965
1 0.258406 0.567434 0.022661 0.022478
1 0.293129 0.566201 0.023392 0.022752
1 0.324927 0.568120 0.018275 0.016173
1 0.382675 0.556195 0.021930 0.015351
1 0.404423 0.549890 0.017178 0.015899
1 0.454130 0.536458 0.020102 0.017544
1 0.470577 0.534265 0.017909 0.018640
1 0.541301 0.542352 0.016813 0.018366
1 0.540022 0.561266 0.022295 0.021107
1 0.571455 0.559896 0.019371 0.018914
1 0.581323 0.537966 0.016447 0.012884
1 0.653874 0.562774 0.017544 0.012610
1 0.803180 0.561815 0.014254 0.011239
1 0.694993 0.605674 0.028874 0.030428
1 0.828034 0.605537 0.031067 0.030154
1 0.897844 0.604989 0.042032 0.026316
1 0.941703 0.601014 0.028874 0.027138
1 0.996162 0.612390 0.007675 0.015899
